-0.150443275067037,0.114332410573524,2.45128369469938,0,0,1,1,0,1,1,0,0,0,0,0,0,0,0,0,"C",491,0
-0.173829437105102,0.0860218796591893,2.17676232277744,0,0,1,1,0,1,1,0,0,0,0,0,0,0,0,0,"C",3721,1
-0.173470040662868,0.111001289456354,1.98950049903862,0,0,1,1,0,1,1,0,0,0,0,0,0,0,0,0,"C",3402,2
-0.174019869196946,0.0851596226904455,1.8241099102801,0,0,1,1,0,1,1,0,0,0,0,0,0,0,0,0,"C",368,3
-0.116355603372412,0.0784383003342035,2.33328723500501,0,0,1,1,0,1,1,0,0,0,0,0,0,0,0,0,"C",1484,4
-0.162921429921975,0.0901493559597728,1.73648813357552,0,0,1,1,0,1,1,0,0,0,0,0,0,0,0,0,"C",2487,5
-0.167368127852453,0.124688455493838,2.09676756916062,0,0,1,1,0,1,1,0,0,0,0,0,0,0,0,0,"C",1608,6
-0.155175280718767,0.12833691602618,1.92300961790576,0,0,1,1,0,1,1,0,0,0,0,0,0,0,0,0,"C",1462,7
-0.13788300768079,0.124374681002868,1.82462853560751,0,0,1,1,0,1,1,0,0,0,0,0,0,0,0,0,"C",3495,8
-0.145872247850208,0.116857313503508,1.92425701995934,0,0,1,1,0,1,1,0,0,0,0,0,0,0,0,0,"C",3583,9
-0.130494254233137,0.108876441595686,1.48721270918315,0,0,1,1,0,1,1,0,0,0,0,0,0,0,0,0,"C",1747,10
-0.12465774781588,0.0663889747537812,0.895217079427294,0,0,1,1,0,1,1,0,0,0,0,0,0,0,0,0,"C",344,11
-0.10157554513696,0.0520713761118403,1.74076579505069,0,0,1,1,0,1,1,0,0,0,0,0,0,0,0,0,"C",3343,12
-0.124296823618314,0.0520362783107177,1.42633046608649,0,0,1,1,0,1,1,0,0,0,0,0,0,0,0,0,"C",2191,13
-0.148677297038451,0.116647003445028,2.42989277182709,0,0,1,1,0,1,1,0,0,0,0,0,0,0,0,0,"C",2986,14
-0.160785160513691,0.0658368345270334,0.606607845804215,0,0,1,1,0,1,1,0,0,0,0,0,0,0,0,0,"C",3527,15
-0.169851042196377,0.134054434223277,2.22994367141843,0,0,1,1,0,1,1,0,0,0,0,0,0,0,0,0,"C",3748,16
-0.141846380966596,0.112940861207765,2.3722999583446,0,0,1,1,0,1,1,0,0,0,0,0,0,0,0,0,"C",930,17
-0.126365326673861,0.102397518161393,2.3546116240421,0,0,1,1,0,1,1,0,0,0,0,0,0,0,0,0,"C",1560,18
-0.18458791902842,0.0452232094109536,1.31920495658616,0,0,1,1,0,1,1,0,0,0,0,0,0,0,0,0,"C",1549,19
-0.13874055516257,0.0669601928724116,0.863857591170446,0,0,1,1,0,1,1,0,0,0,0,0,0,0,0,0,"C",3423,20
-0.124154302677288,0.0758090843933003,1.48577367009908,0,0,1,1,0,1,1,0,0,0,0,0,0,0,0,0,"C",3464,21
-0.153739206830016,0.105647188229511,2.28656817303748,0,0,1,1,0,1,1,0,0,0,0,0,0,0,0,0,"C",1646,22
-0.137451435895538,0.101893792262216,2.42855820397462,0,0,1,1,0,1,1,0,0,0,0,0,0,0,0,0,"C",2823,23
-0.109991900340387,0.0438106369388648,0.392386358904309,0,0,1,1,0,1,1,0,0,0,0,0,0,0,0,0,"C",2022,24
-0.143722193911984,0.0893526331606087,1.95620604537369,0,0,1,1,0,1,1,0,0,0,0,0,0,0,0,0,"C",1255,25
-0.148205319031205,0.154094647247831,2.20877964508392,0,0,1,1,0,1,1,0,0,0,0,0,0,0,0,0,"C",1691,26
-0.169619008884488,0.108738469211653,1.77893938376634,0,0,1,1,0,1,1,0,0,0,0,0,0,0,0,0,"C",3414,27
-0.172386750642484,0.125040471493936,2.09794376712117,0,0,1,1,0,1,1,0,0,0,0,0,0,0,0,0,"C",1362,28
-0.149779270018026,0.101838657729666,2.2466775245685,0,0,1,1,0,1,1,0,0,0,0,0,0,0,0,0,"C",2845,29
-0.133791923437871,0.104466598724156,1.66177048435198,0,0,1,1,0,1,1,0,0,0,0,0,0,0,0,0,"C",2333,30
-0.168077162364837,0.114183699331311,2.36174053586607,0,0,1,1,0,1,1,0,0,0,0,0,0,0,0,0,"C",2005,31
-0.090592005845679,0.0662551763892428,1.68489498647281,0,0,1,1,0,1,1,0,0,0,0,0,0,0,0,0,"C",2937,32
-0.161937531560556,0.134001954810816,2.16027703249318,0,0,1,1,0,1,1,0,0,0,0,0,0,0,0,0,"C",1628,33
-0.158320086816109,0.046399835324979,1.83993044767988,0,0,1,1,0,1,1,0,0,0,0,0,0,0,0,0,"C",3122,34
-0.156347561736289,0.0958691043685525,1.79605296132337,0,0,1,1,0,1,1,0,0,0,0,0,0,0,0,0,"C",666,35
-0.157508339860355,0.073702449394486,1.93136160037958,0,0,1,1,0,1,1,0,0,0,0,0,0,0,0,0,"C",1125,36
-0.153941304486227,0.0805696153401109,1.79374579308721,0,0,1,1,0,1,1,0,0,0,0,0,0,0,0,0,"C",33,37
-0.188144679985703,0.0967332984798928,1.35942040684199,0,0,1,1,0,1,1,0,0,0,0,0,0,0,0,0,"C",1671,38
-0.132423194179961,0.101298223467273,1.89250014169257,0,0,1,1,0,1,1,0,0,0,0,0,0,0,0,0,"C",2714,39
-0.113643609611894,0.0754005326634013,1.09132286458929,0,0,1,1,0,1,1,0,0,0,0,0,0,0,0,0,"C",946,40
-0.142836951495188,0.114726142799988,2.38749914491649,0,0,1,1,0,1,1,0,0,0,0,0,0,0,0,0,"C",2718,41
-0.140325337191855,0.0899874253099965,1.91974602699661,0,0,1,1,0,1,1,0,0,0,0,0,0,0,0,0,"C",2372,42
-0.144528124990962,0.0760429070357859,1.89176548230298,0,0,1,1,0,1,1,0,0,0,0,0,0,0,0,0,"C",1117,43
-0.126361260797854,0.073903255814562,1.88259942710248,0,0,1,1,0,1,1,0,0,0,0,0,0,0,0,0,"C",3186,44
-0.0943398110815522,0.075872906663455,1.9276818858009,0,0,1,1,0,1,1,0,0,0,0,0,0,0,0,0,"C",2648,45
-0.130252342179456,0.0689451938875374,2.15836819803271,0,0,1,1,0,1,1,0,0,0,0,0,0,0,0,0,"C",3379,46
-0.110674902146061,0.0373206952253003,0.835837978349054,0,0,1,1,0,1,1,0,0,0,0,0,0,0,0,0,"C",2742,47
-0.135426468120707,0.0966526199993018,1.90210780105075,0,0,1,1,0,1,1,0,0,0,0,0,0,0,0,0,"C",2336,48
-0.133754190156347,0.0898034308536998,1.79918229631996,0,0,1,1,0,1,1,0,0,0,0,0,0,0,0,0,"C",267,49
-0.135934185431875,0.0363057995104979,1.59068516787377,0,0,1,1,0,1,1,0,0,0,0,0,0,0,0,0,"C",1359,50
-0.155951340717867,0.144406359766339,1.79368556307542,0,0,1,1,0,1,1,0,0,0,0,0,0,0,0,0,"C",1441,51
-0.160986269197298,0.080279985853294,1.43785711698738,0,0,1,1,0,1,1,0,0,0,0,0,0,0,0,0,"C",1962,52
-0.197911770962111,0.126779565822623,2.06888493096708,0,0,1,1,0,1,1,0,0,0,0,0,0,0,0,0,"C",3717,53
-0.160954704518941,0.0947357503492102,1.93002751727675,0,0,1,1,0,1,1,0,0,0,0,0,0,0,0,0,"C",347,54
-0.124536864450542,0.100775768595629,1.85444940508819,0,0,1,1,0,1,1,0,0,0,0,0,0,0,0,0,"C",2090,55
-0.135010591478665,0.0832677101775315,1.44062776246723,0,0,1,1,0,1,1,0,0,0,0,0,0,0,0,0,"C",3406,56
-0.156831960946904,0.104342204115081,2.50786984923257,0,0,1,1,0,1,1,0,0,0,0,0,0,0,0,0,"C",2061,57
-0.153827483855673,0.0757099644338507,1.78185479684403,0,0,1,1,0,1,1,0,0,0,0,0,0,0,0,0,"C",3699,58
-0.155505345125415,0.0705419363090467,1.46610652768556,0,0,1,1,0,1,1,0,0,0,0,0,0,0,0,0,"C",1385,59
-0.159956945138941,0.0477240095373367,0.247657602283853,0,0,1,1,0,1,1,0,0,0,0,0,0,0,0,0,"C",729,60
-0.107065652318376,0.0798354531656375,2.29383863937081,0,0,1,1,0,1,1,0,0,0,0,0,0,0,0,0,"C",712,61
-0.184501747094259,0.101796954031124,1.88017071386827,0,0,1,1,0,1,1,0,0,0,0,0,0,0,0,0,"C",656,62
-0.144765936536589,0.10052675811869,1.82293200726636,0,0,1,1,0,1,1,0,0,0,0,0,0,0,0,0,"C",1397,63
-0.163603461199533,0.073771983286603,1.8721039626338,0,0,1,1,0,1,1,0,0,0,0,0,0,0,0,0,"C",2074,64
-0.155466264595223,0.110107484370204,2.01820857670666,0,0,1,1,0,1,1,0,0,0,0,0,0,0,0,0,"C",857,65
-0.121668155465366,0.0722188415206857,1.8292780252538,0,0,1,1,0,1,1,0,0,0,0,0,0,0,0,0,"C",2257,66
-0.0746403030986265,0.0706381825047913,1.93872094177778,0,0,1,1,0,1,1,0,0,0,0,0,0,0,0,0,"C",1072,67
-0.174092467384109,0.0635479708874164,1.45381647092522,0,0,1,1,0,1,1,0,0,0,0,0,0,0,0,0,"C",1687,68
-0.169178978569851,0.0973992401680423,2.34529103874302,0,0,1,1,0,1,1,0,0,0,0,0,0,0,0,0,"C",2575,69
-0.163739188006825,0.117440990189212,2.3974760935284,0,0,1,1,0,1,1,0,0,0,0,0,0,0,0,0,"C",3006,70
-0.137585567646005,0.10563624714505,2.20757766198676,0,0,1,1,0,1,1,0,0,0,0,0,0,0,0,0,"C",3732,71
-0.178069760787897,0.0818293581041913,1.54809781948826,0,0,1,1,0,1,1,0,0,0,0,0,0,0,0,0,"C",482,72
-0.114887896298105,0.0462321890736266,2.09449980222804,0,0,1,1,0,1,1,0,0,0,0,0,0,0,0,0,"C",1341,73
-0.218798026988134,0.0805282780994085,1.23213207323888,0,0,1,1,0,1,1,0,0,0,0,0,0,0,0,0,"C",3204,74
-0.1160732133895,0.0889236780460256,2.1453902075418,0,0,1,1,0,1,1,0,0,0,0,0,0,0,0,0,"C",1763,75
-0.165021604934754,0.0800976623939258,2.05452282404039,0,0,1,1,0,1,1,0,0,0,0,0,0,0,0,0,"C",2318,76
-0.142634504059388,0.103802305363791,1.73771270140629,0,0,1,1,0,1,1,0,0,0,0,0,0,0,0,0,"C",1059,77
-0.110303392649641,0.0762736501009098,1.40265048736233,0,0,1,1,0,1,1,0,0,0,0,0,0,0,0,0,"C",1290,78
-0.189715595010841,0.0884321713782961,2.0950548157888,0,0,1,1,0,1,1,0,0,0,0,0,0,0,0,0,"C",3146,79
-0.139996354496358,0.0910202021831633,2.58694763561957,0,0,1,1,0,1,1,0,0,0,0,0,0,0,0,0,"C",1594,80
-0.102436806649023,0.0609519571103704,1.08897030811549,0,0,1,1,0,1,1,0,0,0,0,0,0,0,0,0,"C",2727,81
-0.0708916840050686,0.0313250509962792,0.385265789649453,0,0,1,1,0,1,1,0,0,0,0,0,0,0,0,0,"C",2960,82
-0.160275075345395,0.0853442672477423,2.20048784188196,0,0,1,1,0,1,1,0,0,0,0,0,0,0,0,0,"C",3738,83
-0.181552120594335,0.0970516625105801,1.6458225226757,0,0,1,1,0,1,1,0,0,0,0,0,0,0,0,0,"C",1567,84
-0.168741624018095,0.0649789266107709,1.70180482529419,0,0,1,1,0,1,1,0,0,0,0,0,0,0,0,0,"C",1930,85
-0.154723897576724,0.123770025326902,1.73969477860625,0,0,1,1,0,1,1,0,0,0,0,0,0,0,0,0,"C",3714,86
-0.190881993606228,0.0544532618822717,-0.199946485076791,0,0,1,1,0,1,1,0,0,0,0,0,0,0,0,0,"C",435,87
-0.0936075546011956,0.0624688733933178,1.0136908346239,0,0,1,1,0,1,1,0,0,0,0,0,0,0,0,0,"C",1461,88
-0.106938329561561,0.0625275330853194,1.94328984841286,0,0,1,1,0,1,1,0,0,0,0,0,0,0,0,0,"C",2661,89
-0.152816468009118,0.13125438660005,2.25684296655144,0,0,1,1,0,1,1,0,0,0,0,0,0,0,0,0,"C",1967,90
-0.169902942008595,0.0938617504939936,1.51351831773748,0,0,1,1,0,1,1,0,0,0,0,0,0,0,0,0,"C",2087,91
-0.149284302323399,0.0731832193610934,2.30138262128781,0,0,1,1,0,1,1,0,0,0,0,0,0,0,0,0,"C",2137,92
-0.0698193171354621,0.050936195864738,2.21321761387193,0,0,1,1,0,1,1,0,0,0,0,0,0,0,0,0,"C",2578,93
-0.103626461314683,0.0634893063794731,1.14000474617315,0,0,1,1,0,1,1,0,0,0,0,0,0,0,0,0,"C",899,94
-0.14297914177335,0.135025755376311,2.33924792063166,0,0,1,1,0,1,1,0,0,0,0,0,0,0,0,0,"C",3030,95
-0.151278161484311,0.06521492362387,1.40509322409698,0,0,1,1,0,1,1,0,0,0,0,0,0,0,0,0,"C",2602,96
-0.133605945707048,0.0792286232659976,1.0925119579822,0,0,1,1,0,1,1,0,0,0,0,0,0,0,0,0,"C",394,97
-0.128271137047414,0.0417801837821764,1.66139139151749,0,0,1,1,0,1,1,0,0,0,0,0,0,0,0,0,"C",3326,98
-0.222605785261554,0.124901300072494,2.08984248422297,0,0,1,1,0,1,1,0,0,0,0,0,0,0,0,0,"C",2240,99
-0.0802932176561562,0.0719931367699251,1.95066577241553,0,0,1,1,0,1,1,0,0,0,0,0,0,0,0,0,"D",491,100
-0.0758756618223695,0.0410708669468355,0.548902183552007,0,0,1,1,0,1,1,0,0,0,0,0,0,0,0,0,"D",3721,101
-0.13877632226182,0.059966537386947,1.33566285191871,0,0,1,1,0,1,1,0,0,0,0,0,0,0,0,0,"D",3402,102
-0.106377601613647,0.0189379338897674,1.09826438979607,0,0,1,1,0,1,1,0,0,0,0,0,0,0,0,0,"D",368,103
-0.0789533722932974,0.0728727931966614,1.30061872407486,0,0,1,1,0,1,1,0,0,0,0,0,0,0,0,0,"D",1484,104
-0.100085012315284,0.0387648992279541,1.46931916124534,0,0,1,1,0,1,1,0,0,0,0,0,0,0,0,0,"D",2487,105
-0.0884871967005242,0.0680189387209258,1.49100035960705,0,0,1,1,0,1,1,0,0,0,0,0,0,0,0,0,"D",1608,106
-0.0905813120699889,0.0462299745226076,1.04234560336591,0,0,1,1,0,1,1,0,0,0,0,0,0,0,0,0,"D",1462,107
-0.105201407626644,0.029068817943965,1.25834731871791,0,0,1,1,0,1,1,0,0,0,0,0,0,0,0,0,"D",3495,108
-0.0791991923872175,0.0526235858390871,2.20537517879328,0,0,1,1,0,1,1,0,0,0,0,0,0,0,0,0,"D",3583,109
-0.134798121488511,0.0312973748219822,1.16156198325639,0,0,1,1,0,1,1,0,0,0,0,0,0,0,0,0,"D",1747,110
-0.113342211966694,0.0459755089103115,0.281375022336255,0,0,1,1,0,1,1,0,0,0,0,0,0,0,0,0,"D",344,111
-0.121107877432248,0.053808589622761,0.946409559512086,0,0,1,1,0,1,1,0,0,0,0,0,0,0,0,0,"D",3343,112
-0.10759414569903,0.0386688371182761,1.14634299349904,0,0,1,1,0,1,1,0,0,0,0,0,0,0,0,0,"D",2191,113
-0.0903991211804478,0.0785285317975755,1.86238575224326,0,0,1,1,0,1,1,0,0,0,0,0,0,0,0,0,"D",2986,114
-0.0536152605262127,0.0439348016548308,1.31078067019988,0,0,1,1,0,1,1,0,0,0,0,0,0,0,0,0,"D",3527,115
-0.0706643169406537,0.0396772133388178,1.15897064912564,0,0,1,1,0,1,1,0,0,0,0,0,0,0,0,0,"D",3748,116
-0.0691165213266846,0.0507480839577848,0.119172327116472,0,0,1,1,0,1,1,0,0,0,0,0,0,0,0,0,"D",930,117
-0.0790262892808132,0.0622690882639415,2.34830030093527,0,0,1,1,0,1,1,0,0,0,0,0,0,0,0,0,"D",1560,118
-0.0833023336166925,0.047246379094801,0.769734210304572,0,0,1,1,0,1,1,0,0,0,0,0,0,0,0,0,"D",1549,119
-0.10840377708361,0.0434784900262249,1.37390043100254,0,0,1,1,0,1,1,0,0,0,0,0,0,0,0,0,"D",3423,120
-0.0893312813897394,0.0193383530234567,1.16088428672222,0,0,1,1,0,1,1,0,0,0,0,0,0,0,0,0,"D",3464,121
-0.123156850742956,0.055072112094042,1.68682927778709,0,0,1,1,0,1,1,0,0,0,0,0,0,0,0,0,"D",1646,122
-0.0947901984117477,0.0950116181070866,2.07076011861069,0,0,1,1,0,1,1,0,0,0,0,0,0,0,0,0,"D",2823,123
-0.0538926883496041,0.0426357538980987,-0.17398417680692,0,0,1,1,0,1,1,0,0,0,0,0,0,0,0,0,"D",2022,124
-0.120627925605713,0.0184158451404082,0.81917949047265,0,0,1,1,0,1,1,0,0,0,0,0,0,0,0,0,"D",1255,125
-0.0856808965323769,0.0626239642319077,1.85502025238706,0,0,1,1,0,1,1,0,0,0,0,0,0,0,0,0,"D",1691,126
-0.133190249431057,0.0529162197224827,0.993464673432253,0,0,1,1,0,1,1,0,0,0,0,0,0,0,0,0,"D",3414,127
-0.103698271318376,0.0294651038673833,1.16669024015335,0,0,1,1,0,1,1,0,0,0,0,0,0,0,0,0,"D",1362,128
-0.0925463493535464,0.035689028592277,1.32091541134784,0,0,1,1,0,1,1,0,0,0,0,0,0,0,0,0,"D",2845,129
-0.113574139245206,0.0575865060319396,1.49242855327405,0,0,1,1,0,1,1,0,0,0,0,0,0,0,0,0,"D",2333,130
-0.106692044923515,0.0726567541209756,1.228496743379,0,0,1,1,0,1,1,0,0,0,0,0,0,0,0,0,"D",2005,131
-0.0984140314671799,0.0627633105013804,1.36154643490209,0,0,1,1,0,1,1,0,0,0,0,0,0,0,0,0,"D",2937,132
-0.100414905023769,0.045328356183981,0.782087641861847,0,0,1,1,0,1,1,0,0,0,0,0,0,0,0,0,"D",1628,133
-0.0962250563953377,0.0412214157152198,1.43720362283485,0,0,1,1,0,1,1,0,0,0,0,0,0,0,0,0,"D",3122,134
-0.0993242755072487,0.0365707824311842,1.67247265781517,0,0,1,1,0,1,1,0,0,0,0,0,0,0,0,0,"D",666,135
-0.075270909211222,0.0595698964810644,0.936965468492529,0,0,1,1,0,1,1,0,0,0,0,0,0,0,0,0,"D",1125,136
-0.0570032688940321,0.0508150900312635,1.88203917245781,0,0,1,1,0,1,1,0,0,0,0,0,0,0,0,0,"D",33,137
-0.0999213787961017,0.0593644539937382,1.42483482324862,0,0,1,1,0,1,1,0,0,0,0,0,0,0,0,0,"D",1671,138
-0.0753482878351842,0.0415239401565115,1.25485203305383,0,0,1,1,0,1,1,0,0,0,0,0,0,0,0,0,"D",2714,139
-0.0870307223754995,0.0255607106790913,1.5721562243629,0,0,1,1,0,1,1,0,0,0,0,0,0,0,0,0,"D",946,140
-0.0784973754121124,0.0574013027410331,2.04337587231357,0,0,1,1,0,1,1,0,0,0,0,0,0,0,0,0,"D",2718,141
-0.078715994291363,0.0278180308348138,0.131175274336625,0,0,1,1,0,1,1,0,0,0,0,0,0,0,0,0,"D",2372,142
-0.119185269681914,0.051304778424964,1.16567118303022,0,0,1,1,0,1,1,0,0,0,0,0,0,0,0,0,"D",1117,143
-0.102358999921595,0.057271001306175,1.71821674597069,0,0,1,1,0,1,1,0,0,0,0,0,0,0,0,0,"D",3186,144
-0.0778772037581411,0.0539874930368811,1.85058813020234,0,0,1,1,0,1,1,0,0,0,0,0,0,0,0,0,"D",2648,145
-0.124627036929752,0.0580090535159045,1.4098610978543,0,0,1,1,0,1,1,0,0,0,0,0,0,0,0,0,"D",3379,146
-0.0793459338589664,0.0460810017410257,1.49228463705087,0,0,1,1,0,1,1,0,0,0,0,0,0,0,0,0,"D",2742,147
-0.0776245742837242,0.0317029578930093,0.332863977545374,0,0,1,1,0,1,1,0,0,0,0,0,0,0,0,0,"D",2336,148
-0.0976898160416254,0.0552824205134395,2.15523604377838,0,0,1,1,0,1,1,0,0,0,0,0,0,0,0,0,"D",267,149
-0.0766593630724235,0.0425288311005183,1.53326650831526,0,0,1,1,0,1,1,0,0,0,0,0,0,0,0,0,"D",1359,150
-0.0902778053987164,0.0242336663034127,0.0820079568098496,0,0,1,1,0,1,1,0,0,0,0,0,0,0,0,0,"D",1441,151
-0.0931222815786638,0.0496011042008214,0.306169977173005,0,0,1,1,0,1,1,0,0,0,0,0,0,0,0,0,"D",1962,152
-0.110018150971392,0.0287788241939294,0.762574922376598,0,0,1,1,0,1,1,0,0,0,0,0,0,0,0,0,"D",3717,153
-0.0837591980865964,0.0538202578052059,2.31991805477217,0,0,1,1,0,1,1,0,0,0,0,0,0,0,0,0,"D",347,154
-0.120564567037178,0.0637437150025646,1.54942738977201,0,0,1,1,0,1,1,0,0,0,0,0,0,0,0,0,"D",2090,155
-0.0875157594206365,0.0121138073990668,1.21076774350264,0,0,1,1,0,1,1,0,0,0,0,0,0,0,0,0,"D",3406,156
-0.116074744013681,0.0510697255415441,0.987933381984818,0,0,1,1,0,1,1,0,0,0,0,0,0,0,0,0,"D",2061,157
-0.0528117619556032,0.032119113083461,0.218408441999543,0,0,1,1,0,1,1,0,0,0,0,0,0,0,0,0,"D",3699,158
-0.0892271369769018,0.053024237894478,2.10997844655932,0,0,1,1,0,1,1,0,0,0,0,0,0,0,0,0,"D",1385,159
-0.0716678729413522,0.0403433964917759,0.747841598674227,0,0,1,1,0,1,1,0,0,0,0,0,0,0,0,0,"D",729,160
-0.0995881465516936,0.0637615443685272,1.8998781148597,0,0,1,1,0,1,1,0,0,0,0,0,0,0,0,0,"D",712,161
-0.0901573742035652,0.0576542850604655,1.69649766798756,0,0,1,1,0,1,1,0,0,0,0,0,0,0,0,0,"D",656,162
-0.121603684404583,0.0731646027127126,1.86255940276011,0,0,1,1,0,1,1,0,0,0,0,0,0,0,0,0,"D",1397,163
-0.0907609686036312,0.0302680156234038,-0.565531355726197,0,0,1,1,0,1,1,0,0,0,0,0,0,0,0,0,"D",2074,164
-0.126455304406634,0.0386641875278791,1.51173487759594,0,0,1,1,0,1,1,0,0,0,0,0,0,0,0,0,"D",857,165
-0.0826844385823392,0.0415289631165824,2.10588919254244,0,0,1,1,0,1,1,0,0,0,0,0,0,0,0,0,"D",2257,166
-0.0836124752388805,0.0477609167780752,2.43342643482099,0,0,1,1,0,1,1,0,0,0,0,0,0,0,0,0,"D",1072,167
-0.106902324838653,0.0713502038937164,1.91414629828978,0,0,1,1,0,1,1,0,0,0,0,0,0,0,0,0,"D",1687,168
-0.094117572856417,0.0429442232727641,1.96273776903497,0,0,1,1,0,1,1,0,0,0,0,0,0,0,0,0,"D",2575,169
-0.114785741367559,0.046942707689354,1.41310158250111,0,0,1,1,0,1,1,0,0,0,0,0,0,0,0,0,"D",3006,170
-0.10299503531633,0.0724458503823595,1.80033547376563,0,0,1,1,0,1,1,0,0,0,0,0,0,0,0,0,"D",3732,171
-0.0812538977751315,0.0548014321372415,1.65421299874096,0,0,1,1,0,1,1,0,0,0,0,0,0,0,0,0,"D",482,172
-0.0909974080902904,0.0288670155575652,0.954481656293159,0,0,1,1,0,1,1,0,0,0,0,0,0,0,0,0,"D",1341,173
-0.0746646538088243,0.0581437495433798,1.5237971202918,0,0,1,1,0,1,1,0,0,0,0,0,0,0,0,0,"D",3204,174
-0.101119496704582,0.0478199174546215,1.38009712792277,0,0,1,1,0,1,1,0,0,0,0,0,0,0,0,0,"D",1763,175
-0.0972280342530887,0.0619348593897893,1.42598555642785,0,0,1,1,0,1,1,0,0,0,0,0,0,0,0,0,"D",2318,176
-0.0750825813603076,0.0673929975147294,1.63221384188699,0,0,1,1,0,1,1,0,0,0,0,0,0,0,0,0,"D",1059,177
-0.110458792606848,0.0449393073973195,1.36580941458155,0,0,1,1,0,1,1,0,0,0,0,0,0,0,0,0,"D",1290,178
-0.111701437802414,0.0638905949109629,1.30793464172037,0,0,1,1,0,1,1,0,0,0,0,0,0,0,0,0,"D",3146,179
-0.114736311587475,0.0599550472508395,1.21091578071448,0,0,1,1,0,1,1,0,0,0,0,0,0,0,0,0,"D",1594,180
-0.0788463913878681,0.0359479631706666,0.145149348036953,0,0,1,1,0,1,1,0,0,0,0,0,0,0,0,0,"D",2727,181
-0.106070064568075,0.0473706470286774,1.33784582459135,0,0,1,1,0,1,1,0,0,0,0,0,0,0,0,0,"D",2960,182
-0.105834203927739,0.0344415590015565,1.24932729687715,0,0,1,1,0,1,1,0,0,0,0,0,0,0,0,0,"D",3738,183
-0.0864726465983038,0.056026267850223,1.71299048988814,0,0,1,1,0,1,1,0,0,0,0,0,0,0,0,0,"D",1567,184
-0.0895975184836572,0.0576532499973615,1.88488926136486,0,0,1,1,0,1,1,0,0,0,0,0,0,0,0,0,"D",1930,185
-0.084891146452315,0.0241557306807229,1.47166949980845,0,0,1,1,0,1,1,0,0,0,0,0,0,0,0,0,"D",3714,186
-0.135931874939285,0.0514062153335916,1.53349093612367,0,0,1,1,0,1,1,0,0,0,0,0,0,0,0,0,"D",435,187
-0.0918028601331571,0.0435220863472985,1.06359948170225,0,0,1,1,0,1,1,0,0,0,0,0,0,0,0,0,"D",1461,188
-0.0736416885983001,0.0497412669009128,2.00564956011325,0,0,1,1,0,1,1,0,0,0,0,0,0,0,0,0,"D",2661,189
-0.0870201089944481,0.0406899564903658,0.743794702151979,0,0,1,1,0,1,1,0,0,0,0,0,0,0,0,0,"D",1967,190
-0.0777562652627211,0.0305647774855339,1.03304812423542,0,0,1,1,0,1,1,0,0,0,0,0,0,0,0,0,"D",2087,191
-0.0891128038271685,0.0337611559349898,-0.133264277203568,0,0,1,1,0,1,1,0,0,0,0,0,0,0,0,0,"D",2137,192
-0.0523803409823189,0.0362383640997316,0.562987086396637,0,0,1,1,0,1,1,0,0,0,0,0,0,0,0,0,"D",2578,193
-0.111399165218572,0.0179838350245999,0.630046084593267,0,0,1,1,0,1,1,0,0,0,0,0,0,0,0,0,"D",899,194
-0.0956078306339754,0.0289178738294722,1.18798091786527,0,0,1,1,0,1,1,0,0,0,0,0,0,0,0,0,"D",3030,195
-0.123854386022235,0.054618694611861,1.14564071882198,0,0,1,1,0,1,1,0,0,0,0,0,0,0,0,0,"D",2602,196
-0.0931602048978621,0.00274229173549466,1.28623801837927,0,0,1,1,0,1,1,0,0,0,0,0,0,0,0,0,"D",394,197
-0.07754177284847,0.0345528350982397,0.0526172693947866,0,0,1,1,0,1,1,0,0,0,0,0,0,0,0,0,"D",3326,198
-0.0984720715739389,0.0420395574533439,0.0367907353312362,0,0,1,1,0,1,1,0,0,0,0,0,0,0,0,0,"D",2240,199
-0.153099183288518,0.134422317265828,2.38097553623783,0,0,1,1,0,1,0,1,0,0,0,0,0,0,0,0,"C",491,200
-0.169084031863152,0.14392518466021,2.18780412719939,0,0,1,1,0,1,0,1,0,0,0,0,0,0,0,0,"C",3721,201
-0.173396517044931,0.132011936492954,2.03211511073068,0,0,1,1,0,1,0,1,0,0,0,0,0,0,0,0,"C",3402,202
-0.140895452973362,0.136067144435047,2.27091717762193,0,0,1,1,0,1,0,1,0,0,0,0,0,0,0,0,"C",368,203
-0.134692232805549,0.1188226065616,2.22130267812086,0,0,1,1,0,1,0,1,0,0,0,0,0,0,0,0,"C",1484,204
-0.143824696301044,0.137818071459986,1.74520030145959,0,0,1,1,0,1,0,1,0,0,0,0,0,0,0,0,"C",2487,205
-0.162604022196645,0.137051710501407,2.00267650165183,0,0,1,1,0,1,0,1,0,0,0,0,0,0,0,0,"C",1608,206
-0.182712024614682,0.149606168690037,1.51884735227623,0,0,1,1,0,1,0,1,0,0,0,0,0,0,0,0,"C",1462,207
-0.154499166632013,0.130255761035444,1.64247748913949,0,0,1,1,0,1,0,1,0,0,0,0,0,0,0,0,"C",3495,208
-0.14139259006297,0.124651889802632,1.99859420687591,0,0,1,1,0,1,0,1,0,0,0,0,0,0,0,0,"C",3583,209
-0.149080772929047,0.115010742355909,1.22245365845641,0,0,1,1,0,1,0,1,0,0,0,0,0,0,0,0,"C",1747,210
-0.0980592719292379,0.0779384994718513,1.36669742804706,0,0,1,1,0,1,0,1,0,0,0,0,0,0,0,0,"C",344,211
-0.101146267848502,0.0710309241742471,1.70174579307973,0,0,1,1,0,1,0,1,0,0,0,0,0,0,0,0,"C",3343,212
-0.100222425563402,0.0976592957760953,1.88805293078802,0,0,1,1,0,1,0,1,0,0,0,0,0,0,0,0,"C",2191,213
-0.157902431438505,0.125693030583839,2.21711221668902,0,0,1,1,0,1,0,1,0,0,0,0,0,0,0,0,"C",2986,214
-0.134235668846713,0.10984319736698,1.64761690588312,0,0,1,1,0,1,0,1,0,0,0,0,0,0,0,0,"C",3527,215
-0.19137809790141,0.14366174785307,2.24577184838325,0,0,1,1,0,1,0,1,0,0,0,0,0,0,0,0,"C",3748,216
-0.130632627718167,0.121292331528749,2.4869833279478,0,0,1,1,0,1,0,1,0,0,0,0,0,0,0,0,"C",930,217
-0.129075036900581,0.118768926209907,2.2580616543505,0,0,1,1,0,1,0,1,0,0,0,0,0,0,0,0,"C",1560,218
-0.144499944936185,0.1057265591645,1.87422522136195,0,0,1,1,0,1,0,1,0,0,0,0,0,0,0,0,"C",1549,219
-0.148732894954707,0.114040762325305,0.657427556630943,0,0,1,1,0,1,0,1,0,0,0,0,0,0,0,0,"C",3423,220
-0.117424248796583,0.111096807279598,1.9306551129445,0,0,1,1,0,1,0,1,0,0,0,0,0,0,0,0,"C",3464,221
-0.139379181653099,0.126937159074264,2.4645793399157,0,0,1,1,0,1,0,1,0,0,0,0,0,0,0,0,"C",1646,222
-0.156191188791564,0.122509445151399,2.26379840452213,0,0,1,1,0,1,0,1,0,0,0,0,0,0,0,0,"C",2823,223
-0.109348697891231,0.101495546975136,0.667179046846697,0,0,1,1,0,1,0,1,0,0,0,0,0,0,0,0,"C",2022,224
-0.152896908449707,0.124622340689744,1.90510911096027,0,0,1,1,0,1,0,1,0,0,0,0,0,0,0,0,"C",1255,225
-0.163280921883768,0.142357953723096,2.05751181218487,0,0,1,1,0,1,0,1,0,0,0,0,0,0,0,0,"C",1691,226
-0.170641306826663,0.139258548361929,1.76939791252047,0,0,1,1,0,1,0,1,0,0,0,0,0,0,0,0,"C",3414,227
-0.161254017233947,0.164898614730119,2.11303669418715,0,0,1,1,0,1,0,1,0,0,0,0,0,0,0,0,"C",1362,228
-0.153783166636874,0.126850731902231,2.0523417227803,0,0,1,1,0,1,0,1,0,0,0,0,0,0,0,0,"C",2845,229
-0.129673819286392,0.119699906147766,1.86880010409971,0,0,1,1,0,1,0,1,0,0,0,0,0,0,0,0,"C",2333,230
-0.162046968091448,0.12182934907338,2.4283601210581,0,0,1,1,0,1,0,1,0,0,0,0,0,0,0,0,"C",2005,231
-0.0835092415678687,0.0715638709365864,1.89323745314852,0,0,1,1,0,1,0,1,0,0,0,0,0,0,0,0,"C",2937,232
-0.139721385758754,0.152691510888542,2.21846422942062,0,0,1,1,0,1,0,1,0,0,0,0,0,0,0,0,"C",1628,233
-0.137076717553342,0.105485904639281,2.229767715036,0,0,1,1,0,1,0,1,0,0,0,0,0,0,0,0,"C",3122,234
-0.177965673502285,0.117738509462583,1.38028298777399,0,0,1,1,0,1,0,1,0,0,0,0,0,0,0,0,"C",666,235
-0.151941018150051,0.110058888529175,2.2521574822462,0,0,1,1,0,1,0,1,0,0,0,0,0,0,0,0,"C",1125,236
-0.128075795774476,0.102042082951421,2.09501581632892,0,0,1,1,0,1,0,1,0,0,0,0,0,0,0,0,"C",33,237
-0.160926720122011,0.134989191940205,2.00677648734547,0,0,1,1,0,1,0,1,0,0,0,0,0,0,0,0,"C",1671,238
-0.142982826350187,0.132294515926109,1.68222229278528,0,0,1,1,0,1,0,1,0,0,0,0,0,0,0,0,"C",2714,239
-0.118189113889623,0.080837876533137,1.08853000905127,0,0,1,1,0,1,0,1,0,0,0,0,0,0,0,0,"C",946,240
-0.148585564327625,0.130417665830383,2.2977148050968,0,0,1,1,0,1,0,1,0,0,0,0,0,0,0,0,"C",2718,241
-0.126603954657215,0.116911435873681,2.09022399694398,0,0,1,1,0,1,0,1,0,0,0,0,0,0,0,0,"C",2372,242
-0.121162583969594,0.126307901082474,2.18703310625001,0,0,1,1,0,1,0,1,0,0,0,0,0,0,0,0,"C",1117,243
-0.0989099712577567,0.0878450852245217,2.14627316848853,0,0,1,1,0,1,0,1,0,0,0,0,0,0,0,0,"C",3186,244
-0.114153944728688,0.107324978433792,1.35337204536644,0,0,1,1,0,1,0,1,0,0,0,0,0,0,0,0,"C",2648,245
-0.143951487192911,0.132608404187928,1.89506074509985,0,0,1,1,0,1,0,1,0,0,0,0,0,0,0,0,"C",3379,246
-0.10821699565567,0.0739374704133949,1.20077745463383,0,0,1,1,0,1,0,1,0,0,0,0,0,0,0,0,"C",2742,247
-0.125300195578226,0.104277817747217,2.02507726697944,0,0,1,1,0,1,0,1,0,0,0,0,0,0,0,0,"C",2336,248
-0.13182589883129,0.0870170236803346,1.52294571888899,0,0,1,1,0,1,0,1,0,0,0,0,0,0,0,0,"C",267,249
-0.119072533145634,0.0957760773080385,1.93771138008646,0,0,1,1,0,1,0,1,0,0,0,0,0,0,0,0,"C",1359,250
-0.18235652350453,0.151828862749718,1.57973686963554,0,0,1,1,0,1,0,1,0,0,0,0,0,0,0,0,"C",1441,251
-0.155965998697868,0.0937543902764901,1.30434957590633,0,0,1,1,0,1,0,1,0,0,0,0,0,0,0,0,"C",1962,252
-0.190019169701848,0.170026576461272,2.39880588524146,0,0,1,1,0,1,0,1,0,0,0,0,0,0,0,0,"C",3717,253
-0.170317663281656,0.121778750282197,1.78437926724225,0,0,1,1,0,1,0,1,0,0,0,0,0,0,0,0,"C",347,254
-0.132828431098837,0.114335776314481,1.65810191257257,0,0,1,1,0,1,0,1,0,0,0,0,0,0,0,0,"C",2090,255
-0.141062088599059,0.136373962221163,1.34267174017086,0,0,1,1,0,1,0,1,0,0,0,0,0,0,0,0,"C",3406,256
-0.159874230306287,0.111761880240867,2.48641142578879,0,0,1,1,0,1,0,1,0,0,0,0,0,0,0,0,"C",2061,257
-0.153029684702605,0.111002456497788,1.681417159213,0,0,1,1,0,1,0,1,0,0,0,0,0,0,0,0,"C",3699,258
-0.141924626602346,0.0851952314931852,1.45020969028353,0,0,1,1,0,1,0,1,0,0,0,0,0,0,0,0,"C",1385,259
-0.135441508703731,0.0828686869099961,1.17951382158408,0,0,1,1,0,1,0,1,0,0,0,0,0,0,0,0,"C",729,260
-0.107907811002445,0.0908329039359736,2.06229491569282,0,0,1,1,0,1,0,1,0,0,0,0,0,0,0,0,"C",712,261
-0.165911918963405,0.150177507354569,2.42255387961001,0,0,1,1,0,1,0,1,0,0,0,0,0,0,0,0,"C",656,262
-0.146882742575819,0.129976167338563,1.61919864804286,0,0,1,1,0,1,0,1,0,0,0,0,0,0,0,0,"C",1397,263
-0.162341476620186,0.113965340068284,1.79639459524436,0,0,1,1,0,1,0,1,0,0,0,0,0,0,0,0,"C",2074,264
-0.170722370297367,0.133164933844345,2.11845490242838,0,0,1,1,0,1,0,1,0,0,0,0,0,0,0,0,"C",857,265
-0.133993279592998,0.0887192378057878,1.44769013872311,0,0,1,1,0,1,0,1,0,0,0,0,0,0,0,0,"C",2257,266
-0.108271974588368,0.066616120732487,1.23586004284812,0,0,1,1,0,1,0,1,0,0,0,0,0,0,0,0,"C",1072,267
-0.135601046613405,0.0995765709337724,1.882523598466,0,0,1,1,0,1,0,1,0,0,0,0,0,0,0,0,"C",1687,268
-0.151602919278482,0.113834377256395,2.38454933911756,0,0,1,1,0,1,0,1,0,0,0,0,0,0,0,0,"C",2575,269
-0.166742250156414,0.144881196266213,2.21191037213442,0,0,1,1,0,1,0,1,0,0,0,0,0,0,0,0,"C",3006,270
-0.157321275457238,0.14164099517009,1.99622640065219,0,0,1,1,0,1,0,1,0,0,0,0,0,0,0,0,"C",3732,271
-0.172328346544206,0.122354979002912,1.65072998083352,0,0,1,1,0,1,0,1,0,0,0,0,0,0,0,0,"C",482,272
-0.123375838023682,0.082793991298661,2.05547581432167,0,0,1,1,0,1,0,1,0,0,0,0,0,0,0,0,"C",1341,273
-0.16560803920632,0.166723796652507,2.52906581880927,0,0,1,1,0,1,0,1,0,0,0,0,0,0,0,0,"C",3204,274
-0.122806484611477,0.112768398753468,2.27253382178197,0,0,1,1,0,1,0,1,0,0,0,0,0,0,0,0,"C",1763,275
-0.15516103174045,0.127716954567275,2.17683663124108,0,0,1,1,0,1,0,1,0,0,0,0,0,0,0,0,"C",2318,276
-0.162266829337092,0.11640985557743,1.49657731351911,0,0,1,1,0,1,0,1,0,0,0,0,0,0,0,0,"C",1059,277
-0.117811133592495,0.0930503487644168,1.25536405214791,0,0,1,1,0,1,0,1,0,0,0,0,0,0,0,0,"C",1290,278
-0.163875971550848,0.134601064395699,2.49400698646164,0,0,1,1,0,1,0,1,0,0,0,0,0,0,0,0,"C",3146,279
-0.139407212425488,0.123348775528344,2.46377156965996,0,0,1,1,0,1,0,1,0,0,0,0,0,0,0,0,"C",1594,280
-0.112972204550265,0.0727693881002147,0.927913381940875,0,0,1,1,0,1,0,1,0,0,0,0,0,0,0,0,"C",2727,281
-0.0767881394657032,0.0637551831848002,0.169452508463193,0,0,1,1,0,1,0,1,0,0,0,0,0,0,0,0,"C",2960,282
-0.130496934536037,0.121130839219858,2.49565542031001,0,0,1,1,0,1,0,1,0,0,0,0,0,0,0,0,"C",3738,283
-0.174071242762035,0.137276307189945,1.98665752520374,0,0,1,1,0,1,0,1,0,0,0,0,0,0,0,0,"C",1567,284
-0.154516620564135,0.110858387943753,2.32203341478908,0,0,1,1,0,1,0,1,0,0,0,0,0,0,0,0,"C",1930,285
-0.157478470715181,0.139411149661123,1.68357054371824,0,0,1,1,0,1,0,1,0,0,0,0,0,0,0,0,"C",3714,286
-0.164572679073746,0.151526464852241,1.30174065167285,0,0,1,1,0,1,0,1,0,0,0,0,0,0,0,0,"C",435,287
-0.11142149362088,0.0677307152735744,0.730920234031298,0,0,1,1,0,1,0,1,0,0,0,0,0,0,0,0,"C",1461,288
-0.0836382030950087,0.0787608204223148,2.38197401801858,0,0,1,1,0,1,0,1,0,0,0,0,0,0,0,0,"C",2661,289
-0.160683418642709,0.141722299971789,2.28399796950298,0,0,1,1,0,1,0,1,0,0,0,0,0,0,0,0,"C",1967,290
-0.174280532722937,0.151173068532005,1.36802100122573,0,0,1,1,0,1,0,1,0,0,0,0,0,0,0,0,"C",2087,291
-0.123726210031358,0.105343576857364,2.44285713188414,0,0,1,1,0,1,0,1,0,0,0,0,0,0,0,0,"C",2137,292
-0.0846781435697397,0.0762992382012788,1.74951864436067,0,0,1,1,0,1,0,1,0,0,0,0,0,0,0,0,"C",2578,293
-0.0979320676757473,0.0828097493422409,1.20571001328355,0,0,1,1,0,1,0,1,0,0,0,0,0,0,0,0,"C",899,294
-0.15404591484443,0.142971845043083,2.1985515031166,0,0,1,1,0,1,0,1,0,0,0,0,0,0,0,0,"C",3030,295
-0.135651764717357,0.114082104270715,1.62228105328341,0,0,1,1,0,1,0,1,0,0,0,0,0,0,0,0,"C",2602,296
-0.133621450344927,0.105013795120131,1.39447781324073,0,0,1,1,0,1,0,1,0,0,0,0,0,0,0,0,"C",394,297
-0.117867104647044,0.092960918710141,2.134611672135,0,0,1,1,0,1,0,1,0,0,0,0,0,0,0,0,"C",3326,298
-0.19061156283328,0.158327496876312,2.30829057391124,0,0,1,1,0,1,0,1,0,0,0,0,0,0,0,0,"C",2240,299
-0.0847124981449641,0.0739962782728503,1.97608814988714,0,0,1,1,0,1,0,1,0,0,0,0,0,0,0,0,"D",491,300
-0.068208251941802,0.0644051259932614,0.766998638119545,0,0,1,1,0,1,0,1,0,0,0,0,0,0,0,0,"D",3721,301
-0.123733376221877,0.113889892656522,1.54962833319518,0,0,1,1,0,1,0,1,0,0,0,0,0,0,0,0,"D",3402,302
-0.0704273976058118,0.0578625882010295,1.36018394046196,0,0,1,1,0,1,0,1,0,0,0,0,0,0,0,0,"D",368,303
-0.0825404163464254,0.0636567619617845,1.30943470553944,0,0,1,1,0,1,0,1,0,0,0,0,0,0,0,0,"D",1484,304
-0.116102513858754,0.0780492065707605,0.61265963497893,0,0,1,1,0,1,0,1,0,0,0,0,0,0,0,0,"D",2487,305
-0.0890079597559197,0.086374322265156,0.949580271854654,0,0,1,1,0,1,0,1,0,0,0,0,0,0,0,0,"D",1608,306
-0.076132729575761,0.0673936952449076,1.11863773891961,0,0,1,1,0,1,0,1,0,0,0,0,0,0,0,0,"D",1462,307
-0.0791311175133234,0.0792480753938306,1.33923479958709,0,0,1,1,0,1,0,1,0,0,0,0,0,0,0,0,"D",3495,308
-0.0964558956878846,0.0689647236741326,1.32940204909023,0,0,1,1,0,1,0,1,0,0,0,0,0,0,0,0,"D",3583,309
-0.119484466833918,0.0998963946138406,0.911887564462739,0,0,1,1,0,1,0,1,0,0,0,0,0,0,0,0,"D",1747,310
-0.0627885820542809,0.0771915416547165,0.975938324789869,0,0,1,1,0,1,0,1,0,0,0,0,0,0,0,0,"D",344,311
-0.120088427905225,0.0888311926875138,0.802995394248078,0,0,1,1,0,1,0,1,0,0,0,0,0,0,0,0,"D",3343,312
-0.0818223131801836,0.0560812894770817,1.27810556900953,0,0,1,1,0,1,0,1,0,0,0,0,0,0,0,0,"D",2191,313
-0.0973896498522358,0.0659782557213053,1.72847394595869,0,0,1,1,0,1,0,1,0,0,0,0,0,0,0,0,"D",2986,314
-0.0626173545305877,0.0590829367060679,0.976068794627112,0,0,1,1,0,1,0,1,0,0,0,0,0,0,0,0,"D",3527,315
-0.0641138326390926,0.0444015325599345,1.03276452489306,0,0,1,1,0,1,0,1,0,0,0,0,0,0,0,0,"D",3748,316
-0.0485309062243453,0.0550520938858783,0.708793327805021,0,0,1,1,0,1,0,1,0,0,0,0,0,0,0,0,"D",930,317
-0.0716802843027282,0.0416600373457948,2.02999650228382,0,0,1,1,0,1,0,1,0,0,0,0,0,0,0,0,"D",1560,318
-0.0651016241309829,0.0463044120716476,1.21528559546476,0,0,1,1,0,1,0,1,0,0,0,0,0,0,0,0,"D",1549,319
-0.0995158039275014,0.0786381231874102,1.27514738978096,0,0,1,1,0,1,0,1,0,0,0,0,0,0,0,0,"D",3423,320
-0.0321533175681505,0.0309570193095845,2.16128057841491,0,0,1,1,0,1,0,1,0,0,0,0,0,0,0,0,"D",3464,321
-0.107982898548891,0.0723559414227393,1.73813272037431,0,0,1,1,0,1,0,1,0,0,0,0,0,0,0,0,"D",1646,322
-0.117222742278151,0.116084637820185,1.63456368636556,0,0,1,1,0,1,0,1,0,0,0,0,0,0,0,0,"D",2823,323
-0.0637134637023198,0.0412534555508812,0.183116567039069,0,0,1,1,0,1,0,1,0,0,0,0,0,0,0,0,"D",2022,324
-0.0934164462702506,0.0521326645348013,1.18999015452221,0,0,1,1,0,1,0,1,0,0,0,0,0,0,0,0,"D",1255,325
-0.0810492100413583,0.07156190604266,1.97252624979053,0,0,1,1,0,1,0,1,0,0,0,0,0,0,0,0,"D",1691,326
-0.113681508183054,0.10099044215735,1.28178562729904,0,0,1,1,0,1,0,1,0,0,0,0,0,0,0,0,"D",3414,327
-0.077998482732639,0.0619694129830065,1.718060008936,0,0,1,1,0,1,0,1,0,0,0,0,0,0,0,0,"D",1362,328
-0.0846861117230238,0.0886258225776853,1.0925119700675,0,0,1,1,0,1,0,1,0,0,0,0,0,0,0,0,"D",2845,329
-0.106627011113908,0.0838623529590357,1.42603411963253,0,0,1,1,0,1,0,1,0,0,0,0,0,0,0,0,"D",2333,330
-0.106718579017108,0.0929066638576353,1.27014226011148,0,0,1,1,0,1,0,1,0,0,0,0,0,0,0,0,"D",2005,331
-0.103432347495497,0.0983663673042339,1.09461161539383,0,0,1,1,0,1,0,1,0,0,0,0,0,0,0,0,"D",2937,332
-0.100497064382368,0.105325825336379,0.681424627445791,0,0,1,1,0,1,0,1,0,0,0,0,0,0,0,0,"D",1628,333
-0.0938567589075279,0.0605922139894988,1.16854235063058,0,0,1,1,0,1,0,1,0,0,0,0,0,0,0,0,"D",3122,334
-0.0849225222635087,0.0614476573591855,1.41768295538487,0,0,1,1,0,1,0,1,0,0,0,0,0,0,0,0,"D",666,335
-0.0903193131191136,0.0875077842881693,0.521555204600893,0,0,1,1,0,1,0,1,0,0,0,0,0,0,0,0,"D",1125,336
-0.0823953819569068,0.0652103836876677,1.0954222448458,0,0,1,1,0,1,0,1,0,0,0,0,0,0,0,0,"D",33,337
-0.115521265993213,0.103496091080118,0.969363198032982,0,0,1,1,0,1,0,1,0,0,0,0,0,0,0,0,"D",1671,338
-0.0591705065098967,0.0467687831652093,1.40270361528304,0,0,1,1,0,1,0,1,0,0,0,0,0,0,0,0,"D",2714,339
-0.0722650162259588,0.0489502903969245,1.78712077382727,0,0,1,1,0,1,0,1,0,0,0,0,0,0,0,0,"D",946,340
-0.109950503113342,0.0570975911435902,1.22543758060887,0,0,1,1,0,1,0,1,0,0,0,0,0,0,0,0,"D",2718,341
-0.0781021996603891,0.0417918978437306,0.407864330621567,0,0,1,1,0,1,0,1,0,0,0,0,0,0,0,0,"D",2372,342
-0.0889194160240403,0.0759957147472164,1.42068323730506,0,0,1,1,0,1,0,1,0,0,0,0,0,0,0,0,"D",1117,343
-0.0985093024676963,0.0742932949465031,1.5471690708584,0,0,1,1,0,1,0,1,0,0,0,0,0,0,0,0,"D",3186,344
-0.0793205226978854,0.08890876184264,1.31279748351762,0,0,1,1,0,1,0,1,0,0,0,0,0,0,0,0,"D",2648,345
-0.122896504902244,0.0924911619220882,0.936486456261108,0,0,1,1,0,1,0,1,0,0,0,0,0,0,0,0,"D",3379,346
-0.090727678603338,0.0547205342189368,1.27748165448782,0,0,1,1,0,1,0,1,0,0,0,0,0,0,0,0,"D",2742,347
-0.0543291557172127,0.0548307550130016,0.603855375762577,0,0,1,1,0,1,0,1,0,0,0,0,0,0,0,0,"D",2336,348
-0.0753038456064266,0.0615685732504802,2.11183935414826,0,0,1,1,0,1,0,1,0,0,0,0,0,0,0,0,"D",267,349
-0.0728813744330814,0.0801582355163629,1.47055456738216,0,0,1,1,0,1,0,1,0,0,0,0,0,0,0,0,"D",1359,350
-0.0580647030662467,0.0618761360617616,0.659053173908833,0,0,1,1,0,1,0,1,0,0,0,0,0,0,0,0,"D",1441,351
-0.090248152908086,0.0721275921936795,0.986503617548742,0,0,1,1,0,1,0,1,0,0,0,0,0,0,0,0,"D",1962,352
-0.0995012070748023,0.0641682941476425,0.795357160642446,0,0,1,1,0,1,0,1,0,0,0,0,0,0,0,0,"D",3717,353
-0.092381889250017,0.0892368032284668,1.61810780379904,0,0,1,1,0,1,0,1,0,0,0,0,0,0,0,0,"D",347,354
-0.0883384926554127,0.0817644660540477,1.72300702661929,0,0,1,1,0,1,0,1,0,0,0,0,0,0,0,0,"D",2090,355
-0.0642053540996675,0.036112170526294,1.61882709846676,0,0,1,1,0,1,0,1,0,0,0,0,0,0,0,0,"D",3406,356
-0.109883016442488,0.0709092539509884,0.914451583421269,0,0,1,1,0,1,0,1,0,0,0,0,0,0,0,0,"D",2061,357
-0.0312653479099628,0.0320067981434628,0.539499305474449,0,0,1,1,0,1,0,1,0,0,0,0,0,0,0,0,"D",3699,358
-0.0842672646173719,0.0954349109384662,1.51206577982649,0,0,1,1,0,1,0,1,0,0,0,0,0,0,0,0,"D",1385,359
-0.0841227876746556,0.0523894789370833,0.291782833612761,0,0,1,1,0,1,0,1,0,0,0,0,0,0,0,0,"D",729,360
-0.0970505848356383,0.104152313948376,1.65325070968802,0,0,1,1,0,1,0,1,0,0,0,0,0,0,0,0,"D",712,361
-0.0681394108313405,0.06030728259854,2.17941768278825,0,0,1,1,0,1,0,1,0,0,0,0,0,0,0,0,"D",656,362
-0.130098446096953,0.107223872452515,1.32950733275801,0,0,1,1,0,1,0,1,0,0,0,0,0,0,0,0,"D",1397,363
-0.0768451655785927,0.0570005267555143,0.42117156982904,0,0,1,1,0,1,0,1,0,0,0,0,0,0,0,0,"D",2074,364
-0.0959945048999003,0.0942345784570797,1.84217241298587,0,0,1,1,0,1,0,1,0,0,0,0,0,0,0,0,"D",857,365
-0.0753389614068754,0.0550060529010073,1.69901802019351,0,0,1,1,0,1,0,1,0,0,0,0,0,0,0,0,"D",2257,366
-0.0850021855465084,0.0931413117890987,1.84460251391781,0,0,1,1,0,1,0,1,0,0,0,0,0,0,0,0,"D",1072,367
-0.125666789986108,0.0881630199665523,1.67899850244044,0,0,1,1,0,1,0,1,0,0,0,0,0,0,0,0,"D",1687,368
-0.106691000930676,0.0900353945586131,1.36459928662025,0,0,1,1,0,1,0,1,0,0,0,0,0,0,0,0,"D",2575,369
-0.0877051256575046,0.0760930193104618,1.63006796173624,0,0,1,1,0,1,0,1,0,0,0,0,0,0,0,0,"D",3006,370
-0.0965844589602541,0.0913852640695265,1.62685083754521,0,0,1,1,0,1,0,1,0,0,0,0,0,0,0,0,"D",3732,371
-0.0951330797946787,0.102167187502722,0.991620628139496,0,0,1,1,0,1,0,1,0,0,0,0,0,0,0,0,"D",482,372
-0.0576769296596058,0.0688870871288997,1.46437128364033,0,0,1,1,0,1,0,1,0,0,0,0,0,0,0,0,"D",1341,373
-0.0818442189170223,0.0856784872254636,0.941476794232219,0,0,1,1,0,1,0,1,0,0,0,0,0,0,0,0,"D",3204,374
-0.077071569882354,0.0703614607763717,1.52961231448907,0,0,1,1,0,1,0,1,0,0,0,0,0,0,0,0,"D",1763,375
-0.111355789692839,0.10034540649506,0.555342666096336,0,0,1,1,0,1,0,1,0,0,0,0,0,0,0,0,"D",2318,376
-0.0970631005778243,0.102109412737227,0.96213459072602,0,0,1,1,0,1,0,1,0,0,0,0,0,0,0,0,"D",1059,377
-0.105625570553293,0.091527076201729,1.2599279403928,0,0,1,1,0,1,0,1,0,0,0,0,0,0,0,0,"D",1290,378
-0.100006748299283,0.0818745058288935,1.38466951367511,0,0,1,1,0,1,0,1,0,0,0,0,0,0,0,0,"D",3146,379
-0.0989196734117839,0.0819156603215746,1.32742739483032,0,0,1,1,0,1,0,1,0,0,0,0,0,0,0,0,"D",1594,380
-0.0711506953159163,0.0606729818570162,0.190227126082434,0,0,1,1,0,1,0,1,0,0,0,0,0,0,0,0,"D",2727,381
-0.0961090850765252,0.0897528049226261,1.25712632351049,0,0,1,1,0,1,0,1,0,0,0,0,0,0,0,0,"D",2960,382
-0.103884709233206,0.0823661139219128,1.30290449126994,0,0,1,1,0,1,0,1,0,0,0,0,0,0,0,0,"D",3738,383
-0.0884267057296985,0.0846846167529561,1.33996841809254,0,0,1,1,0,1,0,1,0,0,0,0,0,0,0,0,"D",1567,384
-0.0840979949107424,0.0513118747684564,1.94888631959724,0,0,1,1,0,1,0,1,0,0,0,0,0,0,0,0,"D",1930,385
-0.0828399291500055,0.034152273836522,1.79439240533001,0,0,1,1,0,1,0,1,0,0,0,0,0,0,0,0,"D",3714,386
-0.116061559915611,0.100344601412829,1.63707213071108,0,0,1,1,0,1,0,1,0,0,0,0,0,0,0,0,"D",435,387
-0.0765551758893554,0.0812137034611803,1.17735723163054,0,0,1,1,0,1,0,1,0,0,0,0,0,0,0,0,"D",1461,388
-0.0662955968196903,0.0581177198641377,2.2291182276668,0,0,1,1,0,1,0,1,0,0,0,0,0,0,0,0,"D",2661,389
-0.0800016994389962,0.0710540876647068,0.816937426883253,0,0,1,1,0,1,0,1,0,0,0,0,0,0,0,0,"D",1967,390
-0.0919880984065429,0.0352767957660188,0.698623734083136,0,0,1,1,0,1,0,1,0,0,0,0,0,0,0,0,"D",2087,391
-0.0984172830406488,0.0676866831188146,0.0221735131983976,0,0,1,1,0,1,0,1,0,0,0,0,0,0,0,0,"D",2137,392
-0.0572270607945171,0.0385815706374519,0.260433047005223,0,0,1,1,0,1,0,1,0,0,0,0,0,0,0,0,"D",2578,393
-0.104236514987471,0.0679689585013951,0.79631171537181,0,0,1,1,0,1,0,1,0,0,0,0,0,0,0,0,"D",899,394
-0.062284770411367,0.0557896547378496,0.7259809521901,0,0,1,1,0,1,0,1,0,0,0,0,0,0,0,0,"D",3030,395
-0.112410465636464,0.0824849951975096,1.11923852763335,0,0,1,1,0,1,0,1,0,0,0,0,0,0,0,0,"D",2602,396
-0.0646994433368384,0.0397721732090301,0.445148172001032,0,0,1,1,0,1,0,1,0,0,0,0,0,0,0,0,"D",394,397
-0.0681548362921657,0.0648019120831281,0.328185873218948,0,0,1,1,0,1,0,1,0,0,0,0,0,0,0,0,"D",3326,398
-0.0890721385367678,0.053308233580135,1.48230840855452,0,0,1,1,0,1,0,1,0,0,0,0,0,0,0,0,"D",2240,399
-0.167590177129761,0.122578994500301,2.37115537460856,0,0,1,1,0,1,0,0,0,0,1,0,0,0,0,0,"C",491,400
-0.198432664562729,0.0842513993451709,1.92779124453504,0,0,1,1,0,1,0,0,0,0,1,0,0,0,0,0,"C",3721,401
-0.16832734837714,0.105796817701699,2.05320235404682,0,0,1,1,0,1,0,0,0,0,1,0,0,0,0,0,"C",3402,402
-0.138262019403191,0.128785901640603,2.35561372984471,0,0,1,1,0,1,0,0,0,0,1,0,0,0,0,0,"C",368,403
-0.139968049724602,0.075795819137791,2.14598312675699,0,0,1,1,0,1,0,0,0,0,1,0,0,0,0,0,"C",1484,404
-0.170737645509543,0.0909540178791969,1.65928255208983,0,0,1,1,0,1,0,0,0,0,1,0,0,0,0,0,"C",2487,405
-0.198851820876775,0.105386374614814,1.95425624610471,0,0,1,1,0,1,0,0,0,0,1,0,0,0,0,0,"C",1608,406
-0.193831141765272,0.110337102911245,1.65245287917288,0,0,1,1,0,1,0,0,0,0,1,0,0,0,0,0,"C",1462,407
-0.179137820080383,0.0962512017074609,1.47875725847349,0,0,1,1,0,1,0,0,0,0,1,0,0,0,0,0,"C",3495,408
-0.180439365590928,0.105700615349294,1.79145474856291,0,0,1,1,0,1,0,0,0,0,1,0,0,0,0,0,"C",3583,409
-0.154669885168451,0.0782472489486781,1.41381873636048,0,0,1,1,0,1,0,0,0,0,1,0,0,0,0,0,"C",1747,410
-0.138613060252459,0.0723848639711627,0.988505961951496,0,0,1,1,0,1,0,0,0,0,1,0,0,0,0,0,"C",344,411
-0.142610761389487,0.0379985851304657,1.17032528478966,0,0,1,1,0,1,0,0,0,0,1,0,0,0,0,0,"C",3343,412
-0.109144816822973,0.0962607898728566,1.80960307849517,0,0,1,1,0,1,0,0,0,0,1,0,0,0,0,0,"C",2191,413
-0.179039063540929,0.102106847066517,2.18016535274723,0,0,1,1,0,1,0,0,0,0,1,0,0,0,0,0,"C",2986,414
-0.140121596432127,0.0963848148813373,1.62013810462365,0,0,1,1,0,1,0,0,0,0,1,0,0,0,0,0,"C",3527,415
-0.203473571571481,0.119514379346962,2.1447566607114,0,0,1,1,0,1,0,0,0,0,1,0,0,0,0,0,"C",3748,416
-0.152189147956091,0.118497651203995,2.41109781951607,0,0,1,1,0,1,0,0,0,0,1,0,0,0,0,0,"C",930,417
-0.132302154361399,0.0976409721514667,2.4571076587086,0,0,1,1,0,1,0,0,0,0,1,0,0,0,0,0,"C",1560,418
-0.146888880274491,0.103194614922783,2.07130411894186,0,0,1,1,0,1,0,0,0,0,1,0,0,0,0,0,"C",1549,419
-0.150839030842845,0.0755751797936634,0.826218564694936,0,0,1,1,0,1,0,0,0,0,1,0,0,0,0,0,"C",3423,420
-0.125991350784805,0.0891034349417353,1.93451614919568,0,0,1,1,0,1,0,0,0,0,1,0,0,0,0,0,"C",3464,421
-0.189703086098964,0.092160364091786,2.06982235975013,0,0,1,1,0,1,0,0,0,0,1,0,0,0,0,0,"C",1646,422
-0.149336049817325,0.110401641645207,2.50523476295878,0,0,1,1,0,1,0,0,0,0,1,0,0,0,0,0,"C",2823,423
-0.128655391180614,0.0458981412134973,0.527812510103776,0,0,1,1,0,1,0,0,0,0,1,0,0,0,0,0,"C",2022,424
-0.153100543948753,0.101031254553316,1.98120095727642,0,0,1,1,0,1,0,0,0,0,1,0,0,0,0,0,"C",1255,425
-0.165621892058428,0.141124126132704,2.16689831080504,0,0,1,1,0,1,0,0,0,0,1,0,0,0,0,0,"C",1691,426
-0.160960869475721,0.13670619740298,2.03458041384001,0,0,1,1,0,1,0,0,0,0,1,0,0,0,0,0,"C",3414,427
-0.160915233438675,0.148019137062653,1.97002987281906,0,0,1,1,0,1,0,0,0,0,1,0,0,0,0,0,"C",1362,428
-0.178305707917673,0.0887411582498306,1.92281403245477,0,0,1,1,0,1,0,0,0,0,1,0,0,0,0,0,"C",2845,429
-0.150015972632294,0.0898556352132032,1.59889623624913,0,0,1,1,0,1,0,0,0,0,1,0,0,0,0,0,"C",2333,430
-0.20273553795945,0.0840539891733162,2.17388619036477,0,0,1,1,0,1,0,0,0,0,1,0,0,0,0,0,"C",2005,431
-0.100257789557963,0.0638383063698549,1.75821178096137,0,0,1,1,0,1,0,0,0,0,1,0,0,0,0,0,"C",2937,432
-0.169946419305122,0.121566339356401,2.27334820845599,0,0,1,1,0,1,0,0,0,0,1,0,0,0,0,0,"C",1628,433
-0.175567355611428,0.0702578653104256,1.83237687935868,0,0,1,1,0,1,0,0,0,0,1,0,0,0,0,0,"C",3122,434
-0.160931400321132,0.103382760765021,1.79073157932967,0,0,1,1,0,1,0,0,0,0,1,0,0,0,0,0,"C",666,435
-0.162575104267349,0.0835181051489497,2.39024887630633,0,0,1,1,0,1,0,0,0,0,1,0,0,0,0,0,"C",1125,436
-0.159108973094238,0.0824423203714373,1.92858620803406,0,0,1,1,0,1,0,0,0,0,1,0,0,0,0,0,"C",33,437
-0.1659531278179,0.129799475414808,2.1015753878589,0,0,1,1,0,1,0,0,0,0,1,0,0,0,0,0,"C",1671,438
-0.14064655443183,0.0935393007263886,1.96170346579802,0,0,1,1,0,1,0,0,0,0,1,0,0,0,0,0,"C",2714,439
-0.127749290686016,0.0793779943944949,1.04721768141092,0,0,1,1,0,1,0,0,0,0,1,0,0,0,0,0,"C",946,440
-0.152130437420522,0.121364497063081,2.42892504467725,0,0,1,1,0,1,0,0,0,0,1,0,0,0,0,0,"C",2718,441
-0.169321857081321,0.0688895334870546,1.62583947628626,0,0,1,1,0,1,0,0,0,0,1,0,0,0,0,0,"C",2372,442
-0.13331042941744,0.111944412889004,2.22098424265807,0,0,1,1,0,1,0,0,0,0,1,0,0,0,0,0,"C",1117,443
-0.140696048995729,0.0621752502241294,1.64791726923325,0,0,1,1,0,1,0,0,0,0,1,0,0,0,0,0,"C",3186,444
-0.107241257355095,0.0845815531756993,1.61851734090324,0,0,1,1,0,1,0,0,0,0,1,0,0,0,0,0,"C",2648,445
-0.131947077275694,0.0825477345400873,2.42892283026424,0,0,1,1,0,1,0,0,0,0,1,0,0,0,0,0,"C",3379,446
-0.115978646581244,0.0518194992359878,1.2886836200993,0,0,1,1,0,1,0,0,0,0,1,0,0,0,0,0,"C",2742,447
-0.155634437995576,0.0667673446099433,1.56988960919635,0,0,1,1,0,1,0,0,0,0,1,0,0,0,0,0,"C",2336,448
-0.157308562636025,0.0745629212756584,1.52880990914477,0,0,1,1,0,1,0,0,0,0,1,0,0,0,0,0,"C",267,449
-0.117125641845924,0.0813404982191604,1.9638543221652,0,0,1,1,0,1,0,0,0,0,1,0,0,0,0,0,"C",1359,450
-0.164034599827393,0.1267781559073,1.94686490683551,0,0,1,1,0,1,0,0,0,0,1,0,0,0,0,0,"C",1441,451
-0.149719620423703,0.0974352908914377,1.74160329521479,0,0,1,1,0,1,0,0,0,0,1,0,0,0,0,0,"C",1962,452
-0.200528250645923,0.124730069452013,2.50967771664143,0,0,1,1,0,1,0,0,0,0,1,0,0,0,0,0,"C",3717,453
-0.152168015308561,0.105180680575982,2.16073662156795,0,0,1,1,0,1,0,0,0,0,1,0,0,0,0,0,"C",347,454
-0.13042733619586,0.105295496758223,1.97818654586177,0,0,1,1,0,1,0,0,0,0,1,0,0,0,0,0,"C",2090,455
-0.111857798634515,0.130013212410889,1.79051560625689,0,0,1,1,0,1,0,0,0,0,1,0,0,0,0,0,"C",3406,456
-0.184028485354015,0.0954119723901665,2.3195320111258,0,0,1,1,0,1,0,0,0,0,1,0,0,0,0,0,"C",2061,457
-0.155035374900731,0.0884511266038778,1.8230481222822,0,0,1,1,0,1,0,0,0,0,1,0,0,0,0,0,"C",3699,458
-0.176954232512448,0.0592464730191159,1.23761753511423,0,0,1,1,0,1,0,0,0,0,1,0,0,0,0,0,"C",1385,459
-0.132243539963331,0.0708208350377404,1.41363876518384,0,0,1,1,0,1,0,0,0,0,1,0,0,0,0,0,"C",729,460
-0.119300336992626,0.0701594893904151,2.09606043250534,0,0,1,1,0,1,0,0,0,0,1,0,0,0,0,0,"C",712,461
-0.169773197454581,0.111632774797326,2.42970397973846,0,0,1,1,0,1,0,0,0,0,1,0,0,0,0,0,"C",656,462
-0.129828571557888,0.103615019119341,2.06506722674524,0,0,1,1,0,1,0,0,0,0,1,0,0,0,0,0,"C",1397,463
-0.141722454240908,0.0864253114201144,2.24553660771044,0,0,1,1,0,1,0,0,0,0,1,0,0,0,0,0,"C",2074,464
-0.162809362650078,0.117571113155173,2.47250670226166,0,0,1,1,0,1,0,0,0,0,1,0,0,0,0,0,"C",857,465
-0.134307349773418,0.0542153793968124,1.72190440876332,0,0,1,1,0,1,0,0,0,0,1,0,0,0,0,0,"C",2257,466
-0.105003811770831,0.0460613615745764,1.65280906240452,0,0,1,1,0,1,0,0,0,0,1,0,0,0,0,0,"C",1072,467
-0.161387548752432,0.0803238026987802,1.8599833102024,0,0,1,1,0,1,0,0,0,0,1,0,0,0,0,0,"C",1687,468
-0.175061886644965,0.105019250648248,2.40010998641293,0,0,1,1,0,1,0,0,0,0,1,0,0,0,0,0,"C",2575,469
-0.174738821979084,0.115015755431111,2.39727694032313,0,0,1,1,0,1,0,0,0,0,1,0,0,0,0,0,"C",3006,470
-0.171475511421878,0.086956125357679,2.04345187339669,0,0,1,1,0,1,0,0,0,0,1,0,0,0,0,0,"C",3732,471
-0.192345997744731,0.0626369266370519,1.40400009712995,0,0,1,1,0,1,0,0,0,0,1,0,0,0,0,0,"C",482,472
-0.150685619811516,0.0446090788077148,1.64229315067965,0,0,1,1,0,1,0,0,0,0,1,0,0,0,0,0,"C",1341,473
-0.18391232340171,0.126031941601083,2.47764165080631,0,0,1,1,0,1,0,0,0,0,1,0,0,0,0,0,"C",3204,474
-0.130931095265353,0.0845000671584204,2.15558851006495,0,0,1,1,0,1,0,0,0,0,1,0,0,0,0,0,"C",1763,475
-0.146189391152465,0.0961297990878045,2.38347562460339,0,0,1,1,0,1,0,0,0,0,1,0,0,0,0,0,"C",2318,476
-0.179317281649423,0.0734211915748641,1.51289573520988,0,0,1,1,0,1,0,0,0,0,1,0,0,0,0,0,"C",1059,477
-0.124091706716348,0.0661607321191317,1.3572303472641,0,0,1,1,0,1,0,0,0,0,1,0,0,0,0,0,"C",1290,478
-0.171279286919045,0.117690251842351,2.54309639555696,0,0,1,1,0,1,0,0,0,0,1,0,0,0,0,0,"C",3146,479
-0.158624533959501,0.0914191794322707,2.33227689176432,0,0,1,1,0,1,0,0,0,0,1,0,0,0,0,0,"C",1594,480
-0.121600615644335,0.0599582875692149,0.88185507025326,0,0,1,1,0,1,0,0,0,0,1,0,0,0,0,0,"C",2727,481
-0.0965551581640134,0.0203527533810624,0.184085080848478,0,0,1,1,0,1,0,0,0,0,1,0,0,0,0,0,"C",2960,482
-0.143325225308108,0.11336234668239,2.42965115744096,0,0,1,1,0,1,0,0,0,0,1,0,0,0,0,0,"C",3738,483
-0.187860094763494,0.111731264962884,1.9095620906223,0,0,1,1,0,1,0,0,0,0,1,0,0,0,0,0,"C",1567,484
-0.166903401520539,0.0801969082006712,2.28795410358661,0,0,1,1,0,1,0,0,0,0,1,0,0,0,0,0,"C",1930,485
-0.183414361742633,0.10322781727597,1.5829384263429,0,0,1,1,0,1,0,0,0,0,1,0,0,0,0,0,"C",3714,486
-0.155576789655992,0.0974107789142463,1.75434715303514,0,0,1,1,0,1,0,0,0,0,1,0,0,0,0,0,"C",435,487
-0.0869849233571581,0.0705852213945993,1.28905389146554,0,0,1,1,0,1,0,0,0,0,1,0,0,0,0,0,"C",1461,488
-0.131107987852493,0.0529292052849647,1.89987716643174,0,0,1,1,0,1,0,0,0,0,1,0,0,0,0,0,"C",2661,489
-0.177346050643111,0.121526152300093,2.21377705926686,0,0,1,1,0,1,0,0,0,0,1,0,0,0,0,0,"C",1967,490
-0.161084285057893,0.114792504421142,1.74616195337923,0,0,1,1,0,1,0,0,0,0,1,0,0,0,0,0,"C",2087,491
-0.124986748517584,0.0926772219165443,2.61178624397989,0,0,1,1,0,1,0,0,0,0,1,0,0,0,0,0,"C",2137,492
-0.0877871488692914,0.0497502996813154,1.84735721484314,0,0,1,1,0,1,0,0,0,0,1,0,0,0,0,0,"C",2578,493
-0.112515979514466,0.064756534060587,1.05852538666056,0,0,1,1,0,1,0,0,0,0,1,0,0,0,0,0,"C",899,494
-0.186819058945752,0.0983724516295491,2.07800085746969,0,0,1,1,0,1,0,0,0,0,1,0,0,0,0,0,"C",3030,495
-0.138770365080055,0.0854069196738504,1.5661083154764,0,0,1,1,0,1,0,0,0,0,1,0,0,0,0,0,"C",2602,496
-0.128577050890701,0.084073069480868,1.8308745953008,0,0,1,1,0,1,0,0,0,0,1,0,0,0,0,0,"C",394,497
-0.122290997490444,0.0644007206863002,2.33857338022474,0,0,1,1,0,1,0,0,0,0,1,0,0,0,0,0,"C",3326,498
-0.210572346798845,0.154551717018334,2.20730425425178,0,0,1,1,0,1,0,0,0,0,1,0,0,0,0,0,"C",2240,499
-0.0977848143917828,0.0405889663254069,1.53390835943204,0,0,1,1,0,1,0,0,0,0,1,0,0,0,0,0,"D",491,500
-0.105911366890435,-0.0036975518388703,0.862618701239097,0,0,1,1,0,1,0,0,0,0,1,0,0,0,0,0,"D",3721,501
-0.166866080366784,0.0264343848495439,0.82885309023164,0,0,1,1,0,1,0,0,0,0,1,0,0,0,0,0,"D",3402,502
-0.0863798917466492,0.0116513046817057,0.992728409363263,0,0,1,1,0,1,0,0,0,0,1,0,0,0,0,0,"D",368,503
-0.111427021104421,0.0252831675604861,0.63910410103763,0,0,1,1,0,1,0,0,0,0,1,0,0,0,0,0,"D",1484,504
-0.138274005400851,-0.0200174205332706,0.929671771063289,0,0,1,1,0,1,0,0,0,0,1,0,0,0,0,0,"D",2487,505
-0.10491985783008,0.0227594004114906,1.13050711438248,0,0,1,1,0,1,0,0,0,0,1,0,0,0,0,0,"D",1608,506
-0.12094818502782,0.0189529729696328,1.09097157511202,0,0,1,1,0,1,0,0,0,0,1,0,0,0,0,0,"D",1462,507
-0.120167973725403,0.00665737284148809,0.843870803924647,0,0,1,1,0,1,0,0,0,0,1,0,0,0,0,0,"D",3495,508
-0.155539921425029,-0.0109989618292917,0.926652219830983,0,0,1,1,0,1,0,0,0,0,1,0,0,0,0,0,"D",3583,509
-0.150099977412002,-0.00686392580901441,0.978011020666111,0,0,1,1,0,1,0,0,0,0,1,0,0,0,0,0,"D",1747,510
-0.10366795077001,0.0200951358762811,1.1294972609679,0,0,1,1,0,1,0,0,0,0,1,0,0,0,0,0,"D",344,511
-0.141144212485036,0.0119398618544989,0.62164673139726,0,0,1,1,0,1,0,0,0,0,1,0,0,0,0,0,"D",3343,512
-0.136884335055928,0.00567260497314075,0.867456638848576,0,0,1,1,0,1,0,0,0,0,1,0,0,0,0,0,"D",2191,513
-0.134289614916354,0.0366004905280028,1.16320474954038,0,0,1,1,0,1,0,0,0,0,1,0,0,0,0,0,"D",2986,514
-0.104562401905478,-0.0111409149185714,0.938854654146426,0,0,1,1,0,1,0,0,0,0,1,0,0,0,0,0,"D",3527,515
-0.0865247905681526,-0.0104057821074531,1.01554483742973,0,0,1,1,0,1,0,0,0,0,1,0,0,0,0,0,"D",3748,516
-0.0887918469494279,0.00556548274812797,1.1509473277013,0,0,1,1,0,1,0,0,0,0,1,0,0,0,0,0,"D",930,517
-0.130996345922292,0.00200332147521217,1.12384546520217,0,0,1,1,0,1,0,0,0,0,1,0,0,0,0,0,"D",1560,518
-0.10922545962076,0.0105021286083008,0.438263822398536,0,0,1,1,0,1,0,0,0,0,1,0,0,0,0,0,"D",1549,519
-0.15629937347352,-0.0111861606682188,0.884751249228079,0,0,1,1,0,1,0,0,0,0,1,0,0,0,0,0,"D",3423,520
-0.120545043008008,-0.0295045567299256,1.15141609820937,0,0,1,1,0,1,0,0,0,0,1,0,0,0,0,0,"D",3464,521
-0.152983579375902,0.0199863386875158,1.22183534590234,0,0,1,1,0,1,0,0,0,0,1,0,0,0,0,0,"D",1646,522
-0.13419730150632,0.0500165237276384,1.47969747511182,0,0,1,1,0,1,0,0,0,0,1,0,0,0,0,0,"D",2823,523
-0.113528884178991,-0.0240716604992232,1.5185704349216,0,0,1,1,0,1,0,0,0,0,1,0,0,0,0,0,"D",2022,524
-0.11481762534658,-0.00134824138997389,0.874694418625982,0,0,1,1,0,1,0,0,0,0,1,0,0,0,0,0,"D",1255,525
-0.114008158519713,0.00338862468232171,1.17480044098287,0,0,1,1,0,1,0,0,0,0,1,0,0,0,0,0,"D",1691,526
-0.153594864906744,0.0061647919403009,0.862679151954352,0,0,1,1,0,1,0,0,0,0,1,0,0,0,0,0,"D",3414,527
-0.145503027318557,-0.0179644366993252,0.905479058109423,0,0,1,1,0,1,0,0,0,0,1,0,0,0,0,0,"D",1362,528
-0.0905350907251962,0.0232188041141346,1.33941049877708,0,0,1,1,0,1,0,0,0,0,1,0,0,0,0,0,"D",2845,529
-0.167493578567565,-0.000637603872247164,0.807148637856133,0,0,1,1,0,1,0,0,0,0,1,0,0,0,0,0,"D",2333,530
-0.123556506261379,0.0401984150730757,1.16572188372456,0,0,1,1,0,1,0,0,0,0,1,0,0,0,0,0,"D",2005,531
-0.114627501203532,0.0145174026778439,0.963067477725177,0,0,1,1,0,1,0,0,0,0,1,0,0,0,0,0,"D",2937,532
-0.146086525321447,-0.00211794891210143,1.17229563089776,0,0,1,1,0,1,0,0,0,0,1,0,0,0,0,0,"D",1628,533
-0.0928231332880199,0.0365814352393603,1.32370506035428,0,0,1,1,0,1,0,0,0,0,1,0,0,0,0,0,"D",3122,534
-0.12938906267684,-0.0193320614443905,0.911975240595398,0,0,1,1,0,1,0,0,0,0,1,0,0,0,0,0,"D",666,535
-0.107348942648529,0.0208359207008207,0.223347654659992,0,0,1,1,0,1,0,0,0,0,1,0,0,0,0,0,"D",1125,536
-0.109747215287821,-0.0118266317843992,1.14814447410365,0,0,1,1,0,1,0,0,0,0,1,0,0,0,0,0,"D",33,537
-0.149416723190494,0.00364318967929098,0.936779003287927,0,0,1,1,0,1,0,0,0,0,1,0,0,0,0,0,"D",1671,538
-0.107799307395255,-0.0115101221498544,0.934318857719834,0,0,1,1,0,1,0,0,0,0,1,0,0,0,0,0,"D",2714,539
-0.12770644291045,-0.00704579220726694,0.979800665901747,0,0,1,1,0,1,0,0,0,0,1,0,0,0,0,0,"D",946,540
-0.109159567931927,0.0198093404615892,1.34806698513504,0,0,1,1,0,1,0,0,0,0,1,0,0,0,0,0,"D",2718,541
-0.135067875273186,-0.0232106391072665,0.91504975513763,0,0,1,1,0,1,0,0,0,0,1,0,0,0,0,0,"D",2372,542
-0.120049296951976,0.0281972888475616,0.926533339825333,0,0,1,1,0,1,0,0,0,0,1,0,0,0,0,0,"D",1117,543
-0.134271810560846,0.00995922642113201,0.967181680979155,0,0,1,1,0,1,0,0,0,0,1,0,0,0,0,0,"D",3186,544
-0.109275220223368,0.0207229099640013,0.841562392538368,0,0,1,1,0,1,0,0,0,0,1,0,0,0,0,0,"D",2648,545
-0.133499930835234,0.038018993994778,1.04439092466824,0,0,1,1,0,1,0,0,0,0,1,0,0,0,0,0,"D",3379,546
-0.120964678308715,-0.00818358031948347,0.966997562816937,0,0,1,1,0,1,0,0,0,0,1,0,0,0,0,0,"D",2742,547
-0.105169441825889,0.000275883056073246,1.33669975783701,0,0,1,1,0,1,0,0,0,0,1,0,0,0,0,0,"D",2336,548
-0.136783387913954,0.0119260682995067,1.15715462138277,0,0,1,1,0,1,0,0,0,0,1,0,0,0,0,0,"D",267,549
-0.100645111661388,0.0132952795621728,0.818502101232324,0,0,1,1,0,1,0,0,0,0,1,0,0,0,0,0,"D",1359,550
-0.103721739165214,-0.0212364743769295,1.31028105743591,0,0,1,1,0,1,0,0,0,0,1,0,0,0,0,0,"D",1441,551
-0.131557169141701,0.0064517645022337,0.854492017339882,0,0,1,1,0,1,0,0,0,0,1,0,0,0,0,0,"D",1962,552
-0.103413144565373,0.0101550037720401,1.07277971453588,0,0,1,1,0,1,0,0,0,0,1,0,0,0,0,0,"D",3717,553
-0.11884011320759,0.00354816861810305,1.20814346116734,0,0,1,1,0,1,0,0,0,0,1,0,0,0,0,0,"D",347,554
-0.156260733326486,0.0299526757543057,0.891917561881836,0,0,1,1,0,1,0,0,0,0,1,0,0,0,0,0,"D",2090,555
-0.10485691868669,0.00917913145692166,0.632659320621348,0,0,1,1,0,1,0,0,0,0,1,0,0,0,0,0,"D",3406,556
-0.133037903037842,0.028498359437608,0.965389830448554,0,0,1,1,0,1,0,0,0,0,1,0,0,0,0,0,"D",2061,557
-0.0610800050305302,0.0013105755344484,0.53154326619342,0,0,1,1,0,1,0,0,0,0,1,0,0,0,0,0,"D",3699,558
-0.096894839597097,0.0230730323076271,1.59643638710801,0,0,1,1,0,1,0,0,0,0,1,0,0,0,0,0,"D",1385,559
-0.103170540084133,-0.00652919855608157,0.849695932008008,0,0,1,1,0,1,0,0,0,0,1,0,0,0,0,0,"D",729,560
-0.129181320083782,0.0172596445638197,1.0832821843158,0,0,1,1,0,1,0,0,0,0,1,0,0,0,0,0,"D",712,561
-0.104649645718428,0.028965722548648,1.05435249973251,0,0,1,1,0,1,0,0,0,0,1,0,0,0,0,0,"D",656,562
-0.14020127222444,0.0429953507292277,1.34085272923579,0,0,1,1,0,1,0,0,0,0,1,0,0,0,0,0,"D",1397,563
-0.102919282109031,0.0162620371199861,0.685685076657524,0,0,1,1,0,1,0,0,0,0,1,0,0,0,0,0,"D",2074,564
-0.12060622124857,0.0565749081317328,1.42683458488352,0,0,1,1,0,1,0,0,0,0,1,0,0,0,0,0,"D",857,565
-0.105215562097793,0.00734569309056026,1.08929750225235,0,0,1,1,0,1,0,0,0,0,1,0,0,0,0,0,"D",2257,566
-0.0969657297999601,0.0271389202693445,1.88705348726854,0,0,1,1,0,1,0,0,0,0,1,0,0,0,0,0,"D",1072,567
-0.138760173174519,0.0315887723173929,1.58808719133648,0,0,1,1,0,1,0,0,0,0,1,0,0,0,0,0,"D",1687,568
-0.111557899495674,0.0197822263064447,1.41562731883616,0,0,1,1,0,1,0,0,0,0,1,0,0,0,0,0,"D",2575,569
-0.126522420679811,0.0258043460472988,1.08999724788277,0,0,1,1,0,1,0,0,0,0,1,0,0,0,0,0,"D",3006,570
-0.138314607004501,0.0417679139364637,0.537013271805461,0,0,1,1,0,1,0,0,0,0,1,0,0,0,0,0,"D",3732,571
-0.12027800369602,0.0146404428995186,0.94913843291614,0,0,1,1,0,1,0,0,0,0,1,0,0,0,0,0,"D",482,572
-0.0936072807914971,0.0139743527427762,0.786586599389163,0,0,1,1,0,1,0,0,0,0,1,0,0,0,0,0,"D",1341,573
-0.0689746860097298,0.0394816197295338,1.41857950401321,0,0,1,1,0,1,0,0,0,0,1,0,0,0,0,0,"D",3204,574
-0.109229692923542,0.00888145474867347,1.13135252357194,0,0,1,1,0,1,0,0,0,0,1,0,0,0,0,0,"D",1763,575
-0.124066744772445,0.0376718340658474,1.00507019503715,0,0,1,1,0,1,0,0,0,0,1,0,0,0,0,0,"D",2318,576
-0.130027636941893,0.00266777577552389,0.752770369685746,0,0,1,1,0,1,0,0,0,0,1,0,0,0,0,0,"D",1059,577
-0.113344446652741,0.0441116108481908,1.14041606250678,0,0,1,1,0,1,0,0,0,0,1,0,0,0,0,0,"D",1290,578
-0.160644407417406,-0.0221583587980214,0.894142818638674,0,0,1,1,0,1,0,0,0,0,1,0,0,0,0,0,"D",3146,579
-0.161383825304634,0.000907548594638617,0.91457476691806,0,0,1,1,0,1,0,0,0,0,1,0,0,0,0,0,"D",1594,580
-0.122538015261183,-0.0308132449767542,1.61770769104703,0,0,1,1,0,1,0,0,0,0,1,0,0,0,0,0,"D",2727,581
-0.11374110262916,0.0364330459983158,1.37077070037049,0,0,1,1,0,1,0,0,0,0,1,0,0,0,0,0,"D",2960,582
-0.0975491429227563,0.0186821598355287,1.3038507468207,0,0,1,1,0,1,0,0,0,0,1,0,0,0,0,0,"D",3738,583
-0.109740864147159,0.0138598636577952,1.10407279165117,0,0,1,1,0,1,0,0,0,0,1,0,0,0,0,0,"D",1567,584
-0.140766860451202,-0.00584102673941048,0.893708010152099,0,0,1,1,0,1,0,0,0,0,1,0,0,0,0,0,"D",1930,585
-0.0751645021563591,0.0246302961816527,1.71027289690167,0,0,1,1,0,1,0,0,0,0,1,0,0,0,0,0,"D",3714,586
-0.131659775602306,0.0365667921663349,1.33465758420748,0,0,1,1,0,1,0,0,0,0,1,0,0,0,0,0,"D",435,587
-0.126685203321821,0.0108285654453128,0.724600740979615,0,0,1,1,0,1,0,0,0,0,1,0,0,0,0,0,"D",1461,588
-0.111203026182616,0.00724214932505727,1.32698647229256,0,0,1,1,0,1,0,0,0,0,1,0,0,0,0,0,"D",2661,589
-0.107480499105318,-1.56572225405473e-05,0.390578232476738,0,0,1,1,0,1,0,0,0,0,1,0,0,0,0,0,"D",1967,590
-0.106921356590249,-0.0137312677123022,1.04225411797128,0,0,1,1,0,1,0,0,0,0,1,0,0,0,0,0,"D",2087,591
-0.0959427994479463,-0.00531775048235367,0.524887961678122,0,0,1,1,0,1,0,0,0,0,1,0,0,0,0,0,"D",2137,592
-0.0899765451076658,-0.0194817766805996,1.35445727866776,0,0,1,1,0,1,0,0,0,0,1,0,0,0,0,0,"D",2578,593
-0.123941178467154,-0.0188627922653328,0.0788304985738777,0,0,1,1,0,1,0,0,0,0,1,0,0,0,0,0,"D",899,594
-0.10401638649685,0.00287879482742222,0.689345166526114,0,0,1,1,0,1,0,0,0,0,1,0,0,0,0,0,"D",3030,595
-0.102537351169321,0.0476259316189199,1.34390967987189,0,0,1,1,0,1,0,0,0,0,1,0,0,0,0,0,"D",2602,596
-0.107150760332816,-0.027539518881815,1.98711898599209,0,0,1,1,0,1,0,0,0,0,1,0,0,0,0,0,"D",394,597
-0.11190999380909,-0.0167691346675548,1.07878542221664,0,0,1,1,0,1,0,0,0,0,1,0,0,0,0,0,"D",3326,598
-0.156141344235486,-0.0375473506070011,1.22747378392143,0,0,1,1,0,1,0,0,0,0,1,0,0,0,0,0,"D",2240,599
-0.202388608645329,0.101883517350109,1.86227592389076,0,0,1,1,0,1,0,0,0,0,0,1,0,0,0,0,"C",491,600
-0.183772196182606,0.0933500945875407,1.95300250952391,0,0,1,1,0,1,0,0,0,0,0,1,0,0,0,0,"C",3721,601
-0.183299982324032,0.119545617273078,1.73722940688478,0,0,1,1,0,1,0,0,0,0,0,1,0,0,0,0,"C",3402,602
-0.184736040266436,0.087579335571797,1.51677254151241,0,0,1,1,0,1,0,0,0,0,0,1,0,0,0,0,"C",368,603
-0.162493869601369,0.0479723252887361,1.63958901323132,0,0,1,1,0,1,0,0,0,0,0,1,0,0,0,0,"C",1484,604
-0.195619061093689,0.0805026066349495,1.06141887292546,0,0,1,1,0,1,0,0,0,0,0,1,0,0,0,0,"C",2487,605
-0.206685461907941,0.117523617274219,1.61513915083064,0,0,1,1,0,1,0,0,0,0,0,1,0,0,0,0,"C",1608,606
-0.172890021579131,0.121920207937199,1.56864178593134,0,0,1,1,0,1,0,0,0,0,0,1,0,0,0,0,"C",1462,607
-0.170750811971607,0.0867270227589809,1.48511949378318,0,0,1,1,0,1,0,0,0,0,0,1,0,0,0,0,"C",3495,608
-0.185241794224761,0.102719894283992,1.35297038808495,0,0,1,1,0,1,0,0,0,0,0,1,0,0,0,0,"C",3583,609
-0.168147501090843,0.0955644719322627,0.829796903475597,0,0,1,1,0,1,0,0,0,0,0,1,0,0,0,0,"C",1747,610
-0.172196554250808,0.0714856150424853,0.132185103956077,0,0,1,1,0,1,0,0,0,0,0,1,0,0,0,0,"C",344,611
-0.124007770104097,0.0636703506738102,1.36845877817183,0,0,1,1,0,1,0,0,0,0,0,1,0,0,0,0,"C",3343,612
-0.155423005528816,0.0639104513486924,1.09369015217734,0,0,1,1,0,1,0,0,0,0,0,1,0,0,0,0,"C",2191,613
-0.190769358111922,0.0944878758245754,1.7515080485372,0,0,1,1,0,1,0,0,0,0,0,1,0,0,0,0,"C",2986,614
-0.156931938246262,0.0827317694853014,1.26161469468048,0,0,1,1,0,1,0,0,0,0,0,1,0,0,0,0,"C",3527,615
-0.222313118094469,0.111936809528494,1.67876477492716,0,0,1,1,0,1,0,0,0,0,0,1,0,0,0,0,"C",3748,616
-0.175061047412227,0.113532550761217,2.02958196299413,0,0,1,1,0,1,0,0,0,0,0,1,0,0,0,0,"C",930,617
-0.178067688739064,0.0846180044299071,1.68963890230627,0,0,1,1,0,1,0,0,0,0,0,1,0,0,0,0,"C",1560,618
-0.187580291165142,0.0675212717957479,1.27463672839426,0,0,1,1,0,1,0,0,0,0,0,1,0,0,0,0,"C",1549,619
-0.157684764644051,0.0625489515047378,0.541877668146575,0,0,1,1,0,1,0,0,0,0,0,1,0,0,0,0,"C",3423,620
-0.166887687030299,0.0447238572581489,1.14685409460989,0,0,1,1,0,1,0,0,0,0,0,1,0,0,0,0,"C",3464,621
-0.170753648676918,0.0966477494744641,2.10785153651034,0,0,1,1,0,1,0,0,0,0,0,1,0,0,0,0,"C",1646,622
-0.167449798547165,0.0887198627260798,1.96538720327206,0,0,1,1,0,1,0,0,0,0,0,1,0,0,0,0,"C",2823,623
-0.129223699734585,0.0766399825022241,0.299350463132152,0,0,1,1,0,1,0,0,0,0,0,1,0,0,0,0,"C",2022,624
-0.18043504927935,0.0926166580828078,1.37745595740614,0,0,1,1,0,1,0,0,0,0,0,1,0,0,0,0,"C",1255,625
-0.200900417047785,0.130075995583011,1.66114648102027,0,0,1,1,0,1,0,0,0,0,0,1,0,0,0,0,"C",1691,626
-0.213368165022567,0.0848405700888618,1.32872680260918,0,0,1,1,0,1,0,0,0,0,0,1,0,0,0,0,"C",3414,627
-0.220934110193736,0.100029442050118,1.44408401864454,0,0,1,1,0,1,0,0,0,0,0,1,0,0,0,0,"C",1362,628
-0.194760612263001,0.0615255564108618,1.43951746816119,0,0,1,1,0,1,0,0,0,0,0,1,0,0,0,0,"C",2845,629
-0.151754736321698,0.095412526156674,1.74414975883453,0,0,1,1,0,1,0,0,0,0,0,1,0,0,0,0,"C",2333,630
-0.223239912603274,0.109021992739106,1.85522717743208,0,0,1,1,0,1,0,0,0,0,0,1,0,0,0,0,"C",2005,631
-0.151081616201781,0.0483313664415245,0.585228622561779,0,0,1,1,0,1,0,0,0,0,0,1,0,0,0,0,"C",2937,632
-0.203549986542055,0.115248969088792,1.6017125024485,0,0,1,1,0,1,0,0,0,0,0,1,0,0,0,0,"C",1628,633
-0.177081964676793,0.0840932306794228,1.56478303542687,0,0,1,1,0,1,0,0,0,0,0,1,0,0,0,0,"C",3122,634
-0.182466289786871,0.107864433215778,1.1697796155385,0,0,1,1,0,1,0,0,0,0,0,1,0,0,0,0,"C",666,635
-0.180119634156679,0.0925158194823029,1.97056271429379,0,0,1,1,0,1,0,0,0,0,0,1,0,0,0,0,"C",1125,636
-0.180862213965306,0.0791112355870557,1.31115751980042,0,0,1,1,0,1,0,0,0,0,0,1,0,0,0,0,"C",33,637
-0.192989033602557,0.104259426844889,1.63300358087541,0,0,1,1,0,1,0,0,0,0,0,1,0,0,0,0,"C",1671,638
-0.15806486689733,0.0787011864291399,1.4684430207906,0,0,1,1,0,1,0,0,0,0,0,1,0,0,0,0,"C",2714,639
-0.145731818932112,0.0687766402883981,0.524758343631314,0,0,1,1,0,1,0,0,0,0,0,1,0,0,0,0,"C",946,640
-0.222099532746999,0.0875377234651529,1.4369374478455,0,0,1,1,0,1,0,0,0,0,0,1,0,0,0,0,"C",2718,641
-0.169008330263799,0.0792260172907326,1.36862718322762,0,0,1,1,0,1,0,0,0,0,0,1,0,0,0,0,"C",2372,642
-0.166127842870199,0.0805446731307846,1.50815984403078,0,0,1,1,0,1,0,0,0,0,0,1,0,0,0,0,"C",1117,643
-0.148637599168504,0.0662664992537822,1.39976590545752,0,0,1,1,0,1,0,0,0,0,0,1,0,0,0,0,"C",3186,644
-0.132436253837533,0.0364735898624983,1.02714392929892,0,0,1,1,0,1,0,0,0,0,0,1,0,0,0,0,"C",2648,645
-0.146639456806852,0.0694709688025125,1.99593748869724,0,0,1,1,0,1,0,0,0,0,0,1,0,0,0,0,"C",3379,646
-0.130902605839861,0.038771338529952,0.869083877360718,0,0,1,1,0,1,0,0,0,0,0,1,0,0,0,0,"C",2742,647
-0.174394355852386,0.0776160454236791,1.42714128788002,0,0,1,1,0,1,0,0,0,0,0,1,0,0,0,0,"C",2336,648
-0.175591881099667,0.0681809360389528,0.972673676538175,0,0,1,1,0,1,0,0,0,0,0,1,0,0,0,0,"C",267,649
-0.143248388621597,0.0687545145119598,1.41212199290752,0,0,1,1,0,1,0,0,0,0,0,1,0,0,0,0,"C",1359,650
-0.194401097357351,0.113122464835461,1.36532418014144,0,0,1,1,0,1,0,0,0,0,0,1,0,0,0,0,"C",1441,651
-0.162985374806563,0.095647910633419,1.24466767029423,0,0,1,1,0,1,0,0,0,0,0,1,0,0,0,0,"C",1962,652
-0.230999941699628,0.109830929119592,1.97903405548679,0,0,1,1,0,1,0,0,0,0,0,1,0,0,0,0,"C",3717,653
-0.16932498209851,0.121228323425354,1.52951455451958,0,0,1,1,0,1,0,0,0,0,0,1,0,0,0,0,"C",347,654
-0.176224890107785,0.0704457563395429,1.05544666258271,0,0,1,1,0,1,0,0,0,0,0,1,0,0,0,0,"C",2090,655
-0.142450363878267,0.0698244464240136,1.15091446330716,0,0,1,1,0,1,0,0,0,0,0,1,0,0,0,0,"C",3406,656
-0.210020080908954,0.0737295962653421,1.80596997981775,0,0,1,1,0,1,0,0,0,0,0,1,0,0,0,0,"C",2061,657
-0.153433536318449,0.0868777577494032,1.58803653346765,0,0,1,1,0,1,0,0,0,0,0,1,0,0,0,0,"C",3699,658
-0.16817012277626,0.077395036051962,1.01986172113449,0,0,1,1,0,1,0,0,0,0,0,1,0,0,0,0,"C",1385,659
-0.14313993863413,0.0801449604410448,0.965059269254358,0,0,1,1,0,1,0,0,0,0,0,1,0,0,0,0,"C",729,660
-0.155450753615525,0.0481508275882674,1.31287729649802,0,0,1,1,0,1,0,0,0,0,0,1,0,0,0,0,"C",712,661
-0.212986160792927,0.0817406220540803,1.59925202870993,0,0,1,1,0,1,0,0,0,0,0,1,0,0,0,0,"C",656,662
-0.189456102321372,0.0723007680726371,0.943469200494512,0,0,1,1,0,1,0,0,0,0,0,1,0,0,0,0,"C",1397,663
-0.192206164259919,0.0762659934426726,1.42921895331945,0,0,1,1,0,1,0,0,0,0,0,1,0,0,0,0,"C",2074,664
-0.198487577347887,0.112838367256536,1.94788535096731,0,0,1,1,0,1,0,0,0,0,0,1,0,0,0,0,"C",857,665
-0.152275569259035,0.0627575740777928,1.00780749670421,0,0,1,1,0,1,0,0,0,0,0,1,0,0,0,0,"C",2257,666
-0.0830224586313777,0.0425534599155309,1.68968136398009,0,0,1,1,0,1,0,0,0,0,0,1,0,0,0,0,"C",1072,667
-0.18292105173484,0.0723719773341149,1.22974135964345,0,0,1,1,0,1,0,0,0,0,0,1,0,0,0,0,"C",1687,668
-0.183486791561953,0.122204386134361,2.1774961887694,0,0,1,1,0,1,0,0,0,0,0,1,0,0,0,0,"C",2575,669
-0.188648776462007,0.0901137006573228,1.99827767030873,0,0,1,1,0,1,0,0,0,0,0,1,0,0,0,0,"C",3006,670
-0.194638175929717,0.0887628102910007,1.59413917000132,0,0,1,1,0,1,0,0,0,0,0,1,0,0,0,0,"C",3732,671
-0.191157084574588,0.0805540942430698,1.30592757294101,0,0,1,1,0,1,0,0,0,0,0,1,0,0,0,0,"C",482,672
-0.158440750326565,0.069741093783722,1.18004783891656,0,0,1,1,0,1,0,0,0,0,0,1,0,0,0,0,"C",1341,673
-0.199619775206618,0.105344197985511,2.18879982886085,0,0,1,1,0,1,0,0,0,0,0,1,0,0,0,0,"C",3204,674
-0.174831580952499,0.0877184841048961,1.29534175104409,0,0,1,1,0,1,0,0,0,0,0,1,0,0,0,0,"C",1763,675
-0.177173473131999,0.085776616131081,1.84910858719944,0,0,1,1,0,1,0,0,0,0,0,1,0,0,0,0,"C",2318,676
-0.208742625917243,0.0645355799059718,0.974319403437911,0,0,1,1,0,1,0,0,0,0,0,1,0,0,0,0,"C",1059,677
-0.171447980879467,0.0750396165237235,0.281188688991724,0,0,1,1,0,1,0,0,0,0,0,1,0,0,0,0,"C",1290,678
-0.199940562636956,0.109311059688873,1.9422101860949,0,0,1,1,0,1,0,0,0,0,0,1,0,0,0,0,"C",3146,679
-0.168934933189343,0.0910236009778593,2.06330076959529,0,0,1,1,0,1,0,0,0,0,0,1,0,0,0,0,"C",1594,680
-0.155990861616044,0.0393227474768812,0.465801060258241,0,0,1,1,0,1,0,0,0,0,0,1,0,0,0,0,"C",2727,681
-0.112541186877515,-0.000636469731057375,0.589484237514028,0,0,1,1,0,1,0,0,0,0,0,1,0,0,0,0,"C",2960,682
-0.167987806394243,0.104748123294255,2.02544426170316,0,0,1,1,0,1,0,0,0,0,0,1,0,0,0,0,"C",3738,683
-0.208848830321469,0.0987801285179468,1.45053014958111,0,0,1,1,0,1,0,0,0,0,0,1,0,0,0,0,"C",1567,684
-0.190537098400066,0.102249603182744,1.6888115186655,0,0,1,1,0,1,0,0,0,0,0,1,0,0,0,0,"C",1930,685
-0.213395453421362,0.101077611181507,0.976790110420379,0,0,1,1,0,1,0,0,0,0,0,1,0,0,0,0,"C",3714,686
-0.182434208920571,0.0860684561140293,1.18348907573513,0,0,1,1,0,1,0,0,0,0,0,1,0,0,0,0,"C",435,687
-0.137144468861776,0.031109363180394,0.378030317149327,0,0,1,1,0,1,0,0,0,0,0,1,0,0,0,0,"C",1461,688
-0.148442065489069,0.0389285893693786,1.49797544754496,0,0,1,1,0,1,0,0,0,0,0,1,0,0,0,0,"C",2661,689
-0.192124505922224,0.0993930912907324,1.73054506589041,0,0,1,1,0,1,0,0,0,0,0,1,0,0,0,0,"C",1967,690
-0.194926892981395,0.0884055940389892,1.18301770853732,0,0,1,1,0,1,0,0,0,0,0,1,0,0,0,0,"C",2087,691
-0.16976400715505,0.0587503723682786,1.81085499295734,0,0,1,1,0,1,0,0,0,0,0,1,0,0,0,0,"C",2137,692
-0.119441203995296,0.0334448964301493,1.01839624064985,0,0,1,1,0,1,0,0,0,0,0,1,0,0,0,0,"C",2578,693
-0.157935923538785,0.0369240805466063,0.693479914521002,0,0,1,1,0,1,0,0,0,0,0,1,0,0,0,0,"C",899,694
-0.200666533766186,0.116245587681664,1.72406255336928,0,0,1,1,0,1,0,0,0,0,0,1,0,0,0,0,"C",3030,695
-0.153452236741706,0.0589803991675723,1.20303482123834,0,0,1,1,0,1,0,0,0,0,0,1,0,0,0,0,"C",2602,696
-0.165182526436763,0.080594289013547,0.870744737111181,0,0,1,1,0,1,0,0,0,0,0,1,0,0,0,0,"C",394,697
-0.155253240844897,0.064776600967174,1.48562431837829,0,0,1,1,0,1,0,0,0,0,0,1,0,0,0,0,"C",3326,698
-0.24564182849046,0.142846703961298,1.79948257184656,0,0,1,1,0,1,0,0,0,0,0,1,0,0,0,0,"C",2240,699
-0.129325365909998,0.0586788596311398,1.02448232447564,0,0,1,1,0,1,0,0,0,0,0,1,0,0,0,0,"D",491,700
-0.0879827761217151,0.0478239180203349,0.495733410158785,0,0,1,1,0,1,0,0,0,0,0,1,0,0,0,0,"D",3721,701
-0.138535868831005,0.0850075372103523,1.17760138668238,0,0,1,1,0,1,0,0,0,0,0,1,0,0,0,0,"D",3402,702
-0.0839498284790452,0.0802019754277238,1.38193478615411,0,0,1,1,0,1,0,0,0,0,0,1,0,0,0,0,"D",368,703
-0.128511638694072,0.0725079408097728,0.463745450226162,0,0,1,1,0,1,0,0,0,0,0,1,0,0,0,0,"D",1484,704
-0.0947292512988156,0.0697830267416836,1.47209480459791,0,0,1,1,0,1,0,0,0,0,0,1,0,0,0,0,"D",2487,705
-0.094882421333776,0.0681873876110583,1.17802825779565,0,0,1,1,0,1,0,0,0,0,0,1,0,0,0,0,"D",1608,706
-0.0985053943687468,0.0472620777847313,0.395371599891873,0,0,1,1,0,1,0,0,0,0,0,1,0,0,0,0,"D",1462,707
-0.101238714842087,0.047583321577005,1.21219307088356,0,0,1,1,0,1,0,0,0,0,0,1,0,0,0,0,"D",3495,708
-0.126031084005546,0.0391980874695493,1.12331868335082,0,0,1,1,0,1,0,0,0,0,0,1,0,0,0,0,"D",3583,709
-0.139541524710895,0.0623161429504592,0.702579009131623,0,0,1,1,0,1,0,0,0,0,0,1,0,0,0,0,"D",1747,710
-0.134172190661328,0.0623858698129843,0.618660837342616,0,0,1,1,0,1,0,0,0,0,0,1,0,0,0,0,"D",344,711
-0.106194290344135,0.0824460822148834,1.12741753152321,0,0,1,1,0,1,0,0,0,0,0,1,0,0,0,0,"D",3343,712
-0.125959381075366,0.0449202925828393,0.801686921459892,0,0,1,1,0,1,0,0,0,0,0,1,0,0,0,0,"D",2191,713
-0.129882154409364,0.0898679173237118,1.08226414332919,0,0,1,1,0,1,0,0,0,0,0,1,0,0,0,0,"D",2986,714
-0.067558851757451,0.0637702493894843,1.09474874634953,0,0,1,1,0,1,0,0,0,0,0,1,0,0,0,0,"D",3527,715
-0.089370947374902,0.0587522191763818,0.89974138192085,0,0,1,1,0,1,0,0,0,0,0,1,0,0,0,0,"D",3748,716
-0.0898663441697037,0.0691003319184409,0.931680391477121,0,0,1,1,0,1,0,0,0,0,0,1,0,0,0,0,"D",930,717
-0.111731886444946,0.0589456048519505,1.3819244969333,0,0,1,1,0,1,0,0,0,0,0,1,0,0,0,0,"D",1560,718
-0.0984093087688101,0.0524161788231212,0.696938594335426,0,0,1,1,0,1,0,0,0,0,0,1,0,0,0,0,"D",1549,719
-0.129209909440191,0.0810314817198047,0.870380561879783,0,0,1,1,0,1,0,0,0,0,0,1,0,0,0,0,"D",3423,720
-0.110370773164816,0.0389498875726644,0.90817655158818,0,0,1,1,0,1,0,0,0,0,0,1,0,0,0,0,"D",3464,721
-0.144133898481113,0.0827482595343754,1.0908621463113,0,0,1,1,0,1,0,0,0,0,0,1,0,0,0,0,"D",1646,722
-0.138034429059985,0.0863830334784578,1.28608824706131,0,0,1,1,0,1,0,0,0,0,0,1,0,0,0,0,"D",2823,723
-0.0871827329223661,0.036203603787576,0.7789537894146,0,0,1,1,0,1,0,0,0,0,0,1,0,0,0,0,"D",2022,724
-0.11484271285959,0.0279828421507837,0.903079941333751,0,0,1,1,0,1,0,0,0,0,0,1,0,0,0,0,"D",1255,725
-0.116268408410499,0.0550340375489361,1.12018672000623,0,0,1,1,0,1,0,0,0,0,0,1,0,0,0,0,"D",1691,726
-0.149784192001938,0.0446509573479483,0.666039693160777,0,0,1,1,0,1,0,0,0,0,0,1,0,0,0,0,"D",3414,727
-0.117393016440692,0.0310383775719201,1.12699175714154,0,0,1,1,0,1,0,0,0,0,0,1,0,0,0,0,"D",1362,728
-0.0947386667866092,0.0395862741120089,1.18806681588964,0,0,1,1,0,1,0,0,0,0,0,1,0,0,0,0,"D",2845,729
-0.148671749201353,0.00914641766713439,0.647819752347739,0,0,1,1,0,1,0,0,0,0,0,1,0,0,0,0,"D",2333,730
-0.0988778569996329,0.0830385149188604,1.34445433164469,0,0,1,1,0,1,0,0,0,0,0,1,0,0,0,0,"D",2005,731
-0.129045653023536,0.0594676017418813,0.676478438079892,0,0,1,1,0,1,0,0,0,0,0,1,0,0,0,0,"D",2937,732
-0.10864801840085,0.0859275865487513,0.739130445008934,0,0,1,1,0,1,0,0,0,0,0,1,0,0,0,0,"D",1628,733
-0.104541230623582,0.0509804686528154,0.912764236661787,0,0,1,1,0,1,0,0,0,0,0,1,0,0,0,0,"D",3122,734
-0.111197091431164,0.0352019395773579,1.12420298622488,0,0,1,1,0,1,0,0,0,0,0,1,0,0,0,0,"D",666,735
-0.135665704607756,0.0461678307955482,0.22516618779954,0,0,1,1,0,1,0,0,0,0,0,1,0,0,0,0,"D",1125,736
-0.0799877276184918,0.0522577511418026,1.06081859143324,0,0,1,1,0,1,0,0,0,0,0,1,0,0,0,0,"D",33,737
-0.113150247836786,0.0728526633515591,0.925906131241294,0,0,1,1,0,1,0,0,0,0,0,1,0,0,0,0,"D",1671,738
-0.10333109868689,0.0534744627986127,1.01778995389102,0,0,1,1,0,1,0,0,0,0,0,1,0,0,0,0,"D",2714,739
-0.0946640462781551,0.0489751762278386,0.864514198505523,0,0,1,1,0,1,0,0,0,0,0,1,0,0,0,0,"D",946,740
-0.0939546375348761,0.0645478977723802,1.51841625004448,0,0,1,1,0,1,0,0,0,0,0,1,0,0,0,0,"D",2718,741
-0.0921450693767861,0.0391439273726525,0.716765914194884,0,0,1,1,0,1,0,0,0,0,0,1,0,0,0,0,"D",2372,742
-0.152782443501141,0.0593393441733032,0.655519549320606,0,0,1,1,0,1,0,0,0,0,0,1,0,0,0,0,"D",1117,743
-0.106171879436275,0.0527298928186966,1.15269619667708,0,0,1,1,0,1,0,0,0,0,0,1,0,0,0,0,"D",3186,744
-0.0938049840335542,0.047668289214306,1.03143061996196,0,0,1,1,0,1,0,0,0,0,0,1,0,0,0,0,"D",2648,745
-0.122826421691069,0.0792579825959821,1.06537964972053,0,0,1,1,0,1,0,0,0,0,0,1,0,0,0,0,"D",3379,746
-0.121394330288525,0.0563663703431787,0.899469174574276,0,0,1,1,0,1,0,0,0,0,0,1,0,0,0,0,"D",2742,747
-0.116145857636515,0.0301160129069385,1.0126663715814,0,0,1,1,0,1,0,0,0,0,0,1,0,0,0,0,"D",2336,748
-0.125744447876215,0.0587603002989712,0.996052242417131,0,0,1,1,0,1,0,0,0,0,0,1,0,0,0,0,"D",267,749
-0.0784816541815285,0.0700973004824479,1.41541021338045,0,0,1,1,0,1,0,0,0,0,0,1,0,0,0,0,"D",1359,750
-0.0952966155156552,0.0329278180353399,0.93033507003303,0,0,1,1,0,1,0,0,0,0,0,1,0,0,0,0,"D",1441,751
-0.125036747596131,0.0620338417641093,0.770747266865813,0,0,1,1,0,1,0,0,0,0,0,1,0,0,0,0,"D",1962,752
-0.125777411827454,0.0313281992254408,0.517119996404734,0,0,1,1,0,1,0,0,0,0,0,1,0,0,0,0,"D",3717,753
-0.128241442722583,0.0327518935255631,1.06381548107898,0,0,1,1,0,1,0,0,0,0,0,1,0,0,0,0,"D",347,754
-0.151114338413541,0.0752241234301188,0.946159328670411,0,0,1,1,0,1,0,0,0,0,0,1,0,0,0,0,"D",2090,755
-0.0987468799998611,0.0423551737230842,0.970199328142893,0,0,1,1,0,1,0,0,0,0,0,1,0,0,0,0,"D",3406,756
-0.138558543872819,0.0758709830742409,0.608608508844139,0,0,1,1,0,1,0,0,0,0,0,1,0,0,0,0,"D",2061,757
-0.100610642300596,0.0339500865753274,1.51413208635121,0,0,1,1,0,1,0,0,0,0,0,1,0,0,0,0,"D",3699,758
-0.103010336059214,0.0836618395507488,1.48670174777111,0,0,1,1,0,1,0,0,0,0,0,1,0,0,0,0,"D",1385,759
-0.101698500507952,0.0548867509699298,0.902387722625278,0,0,1,1,0,1,0,0,0,0,0,1,0,0,0,0,"D",729,760
-0.152286144116234,0.0569813318514471,0.925141218215278,0,0,1,1,0,1,0,0,0,0,0,1,0,0,0,0,"D",712,761
-0.116570200292381,0.0818497058842541,1.22576418239884,0,0,1,1,0,1,0,0,0,0,0,1,0,0,0,0,"D",656,762
-0.132494298031658,0.0697993941909403,1.38497941698399,0,0,1,1,0,1,0,0,0,0,0,1,0,0,0,0,"D",1397,763
-0.0949861026382905,0.0695356634232985,0.625869863801597,0,0,1,1,0,1,0,0,0,0,0,1,0,0,0,0,"D",2074,764
-0.144702525111728,0.0871395579364532,1.01595979093436,0,0,1,1,0,1,0,0,0,0,0,1,0,0,0,0,"D",857,765
-0.103997617138423,0.0460337021048804,1.14270491502955,0,0,1,1,0,1,0,0,0,0,0,1,0,0,0,0,"D",2257,766
-0.107614449928362,0.0592488576736162,1.39220967165948,0,0,1,1,0,1,0,0,0,0,0,1,0,0,0,0,"D",1072,767
-0.15851341022805,0.0649547655688728,1.24258632871519,0,0,1,1,0,1,0,0,0,0,0,1,0,0,0,0,"D",1687,768
-0.141693159128718,0.0305326424188334,1.14612720379969,0,0,1,1,0,1,0,0,0,0,0,1,0,0,0,0,"D",2575,769
-0.126132024130076,0.0774579362512958,0.962292783954776,0,0,1,1,0,1,0,0,0,0,0,1,0,0,0,0,"D",3006,770
-0.130688708835509,0.0564913378964916,1.0675585453486,0,0,1,1,0,1,0,0,0,0,0,1,0,0,0,0,"D",3732,771
-0.110609045612569,0.0736211621363369,1.262634286183,0,0,1,1,0,1,0,0,0,0,0,1,0,0,0,0,"D",482,772
-0.114357166138292,0.0453729369751673,0.80744817668672,0,0,1,1,0,1,0,0,0,0,0,1,0,0,0,0,"D",1341,773
-0.133498496505623,0.0191435518042782,1.0452866962569,0,0,1,1,0,1,0,0,0,0,0,1,0,0,0,0,"D",3204,774
-0.108824003589706,0.0525802517156768,0.702993239094498,0,0,1,1,0,1,0,0,0,0,0,1,0,0,0,0,"D",1763,775
-0.120295330592143,0.0519491574231662,0.765143445986399,0,0,1,1,0,1,0,0,0,0,0,1,0,0,0,0,"D",2318,776
-0.126148282922011,0.0624589720122787,0.816520162460583,0,0,1,1,0,1,0,0,0,0,0,1,0,0,0,0,"D",1059,777
-0.132765459022796,0.0436253883027836,0.937920360840701,0,0,1,1,0,1,0,0,0,0,0,1,0,0,0,0,"D",1290,778
-0.128880759937179,0.084299428072557,0.841066555045825,0,0,1,1,0,1,0,0,0,0,0,1,0,0,0,0,"D",3146,779
-0.121155886388511,0.0508351554352118,0.820142025169462,0,0,1,1,0,1,0,0,0,0,0,1,0,0,0,0,"D",1594,780
-0.106094378226266,0.0299086984794515,0.37508523603698,0,0,1,1,0,1,0,0,0,0,0,1,0,0,0,0,"D",2727,781
-0.118557820755782,0.076474400102113,1.01677080885963,0,0,1,1,0,1,0,0,0,0,0,1,0,0,0,0,"D",2960,782
-0.104823077356428,0.0590487995501783,1.07157533750023,0,0,1,1,0,1,0,0,0,0,0,1,0,0,0,0,"D",3738,783
-0.110609041594259,0.0606170258189692,1.24107702451086,0,0,1,1,0,1,0,0,0,0,0,1,0,0,0,0,"D",1567,784
-0.104417009961675,0.0689722553550342,1.268326651171,0,0,1,1,0,1,0,0,0,0,0,1,0,0,0,0,"D",1930,785
-0.155402642011984,0.0268732413248055,0.478557165936868,0,0,1,1,0,1,0,0,0,0,0,1,0,0,0,0,"D",3714,786
-0.157422632231407,0.0665026847736505,1.04301383014536,0,0,1,1,0,1,0,0,0,0,0,1,0,0,0,0,"D",435,787
-0.106646540770938,0.0863227483824473,1.06924326204938,0,0,1,1,0,1,0,0,0,0,0,1,0,0,0,0,"D",1461,788
-0.121037973464843,0.0511284224646909,0.996298831456626,0,0,1,1,0,1,0,0,0,0,0,1,0,0,0,0,"D",2661,789
-0.104760056702494,0.0237456926357068,0.964612953080256,0,0,1,1,0,1,0,0,0,0,0,1,0,0,0,0,"D",1967,790
-0.0897317999587048,0.0398287508886906,0.76814480622757,0,0,1,1,0,1,0,0,0,0,0,1,0,0,0,0,"D",2087,791
-0.106053280870557,0.0397550616382753,0.764430902057041,0,0,1,1,0,1,0,0,0,0,0,1,0,0,0,0,"D",2137,792
-0.0750300979396203,0.0517140530470343,0.636634595831481,0,0,1,1,0,1,0,0,0,0,0,1,0,0,0,0,"D",2578,793
-0.105184204947079,0.0562275725638936,0.851268673914302,0,0,1,1,0,1,0,0,0,0,0,1,0,0,0,0,"D",899,794
-0.0950069449472297,0.0793830350900668,0.80605914422212,0,0,1,1,0,1,0,0,0,0,0,1,0,0,0,0,"D",3030,795
-0.143307606445818,0.0642230724528992,0.662635577776486,0,0,1,1,0,1,0,0,0,0,0,1,0,0,0,0,"D",2602,796
-0.0651807278502819,0.046093422589515,0.219975012058859,0,0,1,1,0,1,0,0,0,0,0,1,0,0,0,0,"D",394,797
-0.0898881103719609,0.052708320203472,0.372869335529003,0,0,1,1,0,1,0,0,0,0,0,1,0,0,0,0,"D",3326,798
-0.104544879843067,0.0214110645637992,0.864736760234624,0,0,1,1,0,1,0,0,0,0,0,1,0,0,0,0,"D",2240,799
-0.246816247452194,0.124922860029585,1.24582232937105,0,0,1,1,0,1,0,0,0,0,0,0,0,1,0,0,"C",491,800
-0.194008465579554,0.134891341970392,1.50493236292777,0,0,1,1,0,1,0,0,0,0,0,0,0,1,0,0,"C",3721,801
-0.237337301551087,0.124149613537292,1.12209052438019,0,0,1,1,0,1,0,0,0,0,0,0,0,1,0,0,"C",3402,802
-0.241175143410011,0.0870239812308136,1.1673285926713,0,0,1,1,0,1,0,0,0,0,0,0,0,1,0,0,"C",368,803
-0.180105949832493,0.112659222441091,1.21786826336878,0,0,1,1,0,1,0,0,0,0,0,0,0,1,0,0,"C",1484,804
-0.237908180984377,0.131593677822675,0.705453279716233,0,0,1,1,0,1,0,0,0,0,0,0,0,1,0,0,"C",2487,805
-0.273456655308408,0.0893251457443976,1.06720447638363,0,0,1,1,0,1,0,0,0,0,0,0,0,1,0,0,"C",1608,806
-0.23374984374706,0.119110692894807,0.939965775785822,0,0,1,1,0,1,0,0,0,0,0,0,0,1,0,0,"C",1462,807
-0.234424689586554,0.108254329609728,0.656168686368303,0,0,1,1,0,1,0,0,0,0,0,0,0,1,0,0,"C",3495,808
-0.235151744196929,0.155577908357238,0.723788347072244,0,0,1,1,0,1,0,0,0,0,0,0,0,1,0,0,"C",3583,809
-0.22270689495136,0.120426974944008,0.484686824069835,0,0,1,1,0,1,0,0,0,0,0,0,0,1,0,0,"C",1747,810
-0.225394287568551,0.0761845746973418,0.658687462631088,0,0,1,1,0,1,0,0,0,0,0,0,0,1,0,0,"C",344,811
-0.196289614118059,0.0589335464990389,0.965155842007426,0,0,1,1,0,1,0,0,0,0,0,0,0,1,0,0,"C",3343,812
-0.194887023547943,0.104274226338726,0.742401785472099,0,0,1,1,0,1,0,0,0,0,0,0,0,1,0,0,"C",2191,813
-0.220486026581484,0.155493077541508,1.37151800920815,0,0,1,1,0,1,0,0,0,0,0,0,0,1,0,0,"C",2986,814
-0.239754945539405,0.150099600386308,0.474070158096047,0,0,1,1,0,1,0,0,0,0,0,0,0,1,0,0,"C",3527,815
-0.27652205129413,0.123255770573989,1.23413514283709,0,0,1,1,0,1,0,0,0,0,0,0,0,1,0,0,"C",3748,816
-0.224076367395044,0.144650712752388,1.47741710795717,0,0,1,1,0,1,0,0,0,0,0,0,0,1,0,0,"C",930,817
-0.224695648105042,0.0688919126770862,1.1430264700873,0,0,1,1,0,1,0,0,0,0,0,0,0,1,0,0,"C",1560,818
-0.217890412890251,0.0785976507543779,0.969731753877753,0,0,1,1,0,1,0,0,0,0,0,0,0,1,0,0,"C",1549,819
-0.194098293893096,0.0743696942509329,0.271367257859411,0,0,1,1,0,1,0,0,0,0,0,0,0,1,0,0,"C",3423,820
-0.203293468115396,0.0913358917653213,0.693711409862881,0,0,1,1,0,1,0,0,0,0,0,0,0,1,0,0,"C",3464,821
-0.233431776417795,0.11679496954274,1.28672934355798,0,0,1,1,0,1,0,0,0,0,0,0,0,1,0,0,"C",1646,822
-0.223972512506576,0.115073034980971,1.27266952092929,0,0,1,1,0,1,0,0,0,0,0,0,0,1,0,0,"C",2823,823
-0.161735128883024,0.0869740757431863,0.372556864716565,0,0,1,1,0,1,0,0,0,0,0,0,0,1,0,0,"C",2022,824
-0.233828226304837,0.121193352693511,0.759395879971872,0,0,1,1,0,1,0,0,0,0,0,0,0,1,0,0,"C",1255,825
-0.228181948712667,0.164797852412511,1.35682202361595,0,0,1,1,0,1,0,0,0,0,0,0,0,1,0,0,"C",1691,826
-0.222288495446701,0.135204827959549,1.37054982813955,0,0,1,1,0,1,0,0,0,0,0,0,0,1,0,0,"C",3414,827
-0.267685622452804,0.16395335685217,1.0577264457906,0,0,1,1,0,1,0,0,0,0,0,0,0,1,0,0,"C",1362,828
-0.19209220089501,0.111907794871984,1.45749827646651,0,0,1,1,0,1,0,0,0,0,0,0,0,1,0,0,"C",2845,829
-0.191633072134851,0.12567124093082,0.978699475481646,0,0,1,1,0,1,0,0,0,0,0,0,0,1,0,0,"C",2333,830
-0.267960288992746,0.120400867234006,1.25883260045546,0,0,1,1,0,1,0,0,0,0,0,0,0,1,0,0,"C",2005,831
-0.163288933261768,0.0538699056023807,0.700388981834219,0,0,1,1,0,1,0,0,0,0,0,0,0,1,0,0,"C",2937,832
-0.23492937268614,0.129550452498853,1.22791239275513,0,0,1,1,0,1,0,0,0,0,0,0,0,1,0,0,"C",1628,833
-0.238483066748762,0.0937317790813378,0.953916764717848,0,0,1,1,0,1,0,0,0,0,0,0,0,1,0,0,"C",3122,834
-0.192101706334735,0.124442806272152,1.03282125341608,0,0,1,1,0,1,0,0,0,0,0,0,0,1,0,0,"C",666,835
-0.220669158219678,0.0708926120731836,1.55032128884974,0,0,1,1,0,1,0,0,0,0,0,0,0,1,0,0,"C",1125,836
-0.21835764061028,0.11510429239269,0.91733330280511,0,0,1,1,0,1,0,0,0,0,0,0,0,1,0,0,"C",33,837
-0.262750121069871,0.127307497026643,0.79579094858243,0,0,1,1,0,1,0,0,0,0,0,0,0,1,0,0,"C",1671,838
-0.217866154158425,0.100767946252018,0.727668999591016,0,0,1,1,0,1,0,0,0,0,0,0,0,1,0,0,"C",2714,839
-0.206457217727871,0.128083027601403,0.156374678105764,0,0,1,1,0,1,0,0,0,0,0,0,0,1,0,0,"C",946,840
-0.237051352445627,0.130264100274125,1.42902443283641,0,0,1,1,0,1,0,0,0,0,0,0,0,1,0,0,"C",2718,841
-0.220034768882127,0.0759007135972039,0.974649897605115,0,0,1,1,0,1,0,0,0,0,0,0,0,1,0,0,"C",2372,842
-0.238878486337304,0.122332558992833,0.792193897062104,0,0,1,1,0,1,0,0,0,0,0,0,0,1,0,0,"C",1117,843
-0.199834609950688,0.084097464946915,0.788865594931512,0,0,1,1,0,1,0,0,0,0,0,0,0,1,0,0,"C",3186,844
-0.144929825641432,0.0776380618180987,0.999161762653088,0,0,1,1,0,1,0,0,0,0,0,0,0,1,0,0,"C",2648,845
-0.226563943585334,0.068638590325442,1.16286730583668,0,0,1,1,0,1,0,0,0,0,0,0,0,1,0,0,"C",3379,846
-0.154069499170592,0.0213707817495238,1.10896760973761,0,0,1,1,0,1,0,0,0,0,0,0,0,1,0,0,"C",2742,847
-0.211605902641475,0.112065767224271,0.857940917786932,0,0,1,1,0,1,0,0,0,0,0,0,0,1,0,0,"C",2336,848
-0.243523677129114,0.0686874357877632,1.20782176657715,0,0,1,1,0,1,0,0,0,0,0,0,0,1,0,0,"C",267,849
-0.198598813456684,0.0724458470353962,0.98730942576003,0,0,1,1,0,1,0,0,0,0,0,0,0,1,0,0,"C",1359,850
-0.232328017161254,0.165380567096308,1.04334110974478,0,0,1,1,0,1,0,0,0,0,0,0,0,1,0,0,"C",1441,851
-0.23296754473945,0.112895355281532,0.471605085218753,0,0,1,1,0,1,0,0,0,0,0,0,0,1,0,0,"C",1962,852
-0.247634359118869,0.163008648191485,1.83295215509142,0,0,1,1,0,1,0,0,0,0,0,0,0,1,0,0,"C",3717,853
-0.264261564893624,0.120952437024225,0.766883352035746,0,0,1,1,0,1,0,0,0,0,0,0,0,1,0,0,"C",347,854
-0.240140932877254,0.109355056948221,0.629589790152391,0,0,1,1,0,1,0,0,0,0,0,0,0,1,0,0,"C",2090,855
-0.208863456884519,0.139299896485605,0.475847532864831,0,0,1,1,0,1,0,0,0,0,0,0,0,1,0,0,"C",3406,856
-0.258220299801844,0.15152236833935,1.24833722432919,0,0,1,1,0,1,0,0,0,0,0,0,0,1,0,0,"C",2061,857
-0.229033153459898,0.120066442593951,0.824991444420103,0,0,1,1,0,1,0,0,0,0,0,0,0,1,0,0,"C",3699,858
-0.227207348779529,0.0919387989643164,0.649247275695123,0,0,1,1,0,1,0,0,0,0,0,0,0,1,0,0,"C",1385,859
-0.199952134855613,0.0914387871398694,0.594083911092057,0,0,1,1,0,1,0,0,0,0,0,0,0,1,0,0,"C",729,860
-0.196373352355445,0.0944378721258285,0.880023067011451,0,0,1,1,0,1,0,0,0,0,0,0,0,1,0,0,"C",712,861
-0.247565994011322,0.12505248968876,1.3555564026096,0,0,1,1,0,1,0,0,0,0,0,0,0,1,0,0,"C",656,862
-0.229996587113194,0.0714271205376405,1.02445816446701,0,0,1,1,0,1,0,0,0,0,0,0,0,1,0,0,"C",1397,863
-0.273636809267872,0.108654031757575,0.726933955049161,0,0,1,1,0,1,0,0,0,0,0,0,0,1,0,0,"C",2074,864
-0.250579900791633,0.132678678996212,1.33962987459189,0,0,1,1,0,1,0,0,0,0,0,0,0,1,0,0,"C",857,865
-0.201101509430797,0.10222139448165,0.753882118578931,0,0,1,1,0,1,0,0,0,0,0,0,0,1,0,0,"C",2257,866
-0.167912645607456,0.0339259366685376,0.903325842843345,0,0,1,1,0,1,0,0,0,0,0,0,0,1,0,0,"C",1072,867
-0.251902945257822,0.131350582878285,0.254978809281086,0,0,1,1,0,1,0,0,0,0,0,0,0,1,0,0,"C",1687,868
-0.219490348974309,0.097813899578437,1.52029675622367,0,0,1,1,0,1,0,0,0,0,0,0,0,1,0,0,"C",2575,869
-0.210799933814728,0.121974545886118,1.66995090750941,0,0,1,1,0,1,0,0,0,0,0,0,0,1,0,0,"C",3006,870
-0.233527378854001,0.13179693642506,1.07940682282035,0,0,1,1,0,1,0,0,0,0,0,0,0,1,0,0,"C",3732,871
-0.279993998036269,0.100563194375007,0.743491371742994,0,0,1,1,0,1,0,0,0,0,0,0,0,1,0,0,"C",482,872
-0.207572861893912,0.0589192893700593,0.906991345364601,0,0,1,1,0,1,0,0,0,0,0,0,0,1,0,0,"C",1341,873
-0.264666041296939,0.169601581763247,1.427498366378,0,0,1,1,0,1,0,0,0,0,0,0,0,1,0,0,"C",3204,874
-0.202679543223929,0.0865870205072521,1.04160463581458,0,0,1,1,0,1,0,0,0,0,0,0,0,1,0,0,"C",1763,875
-0.202787831574378,0.0461542961740679,1.46077010721425,0,0,1,1,0,1,0,0,0,0,0,0,0,1,0,0,"C",2318,876
-0.225116813782307,0.0896511380788246,0.621530744620754,0,0,1,1,0,1,0,0,0,0,0,0,0,1,0,0,"C",1059,877
-0.192200154477311,0.0708603027236867,0.597880825718189,0,0,1,1,0,1,0,0,0,0,0,0,0,1,0,0,"C",1290,878
-0.271494472563044,0.113428545640007,1.16466442950299,0,0,1,1,0,1,0,0,0,0,0,0,0,1,0,0,"C",3146,879
-0.20013887651757,0.100609083741774,1.61109165110574,0,0,1,1,0,1,0,0,0,0,0,0,0,1,0,0,"C",1594,880
-0.212525766713875,0.0554330183252918,0.790525426785141,0,0,1,1,0,1,0,0,0,0,0,0,0,1,0,0,"C",2727,881
-0.147759014716961,0.0341945669492523,1.15005661097702,0,0,1,1,0,1,0,0,0,0,0,0,0,1,0,0,"C",2960,882
-0.191310868835747,0.111559692682858,1.72617570108055,0,0,1,1,0,1,0,0,0,0,0,0,0,1,0,0,"C",3738,883
-0.212015841568875,0.128600302411496,1.25515915597072,0,0,1,1,0,1,0,0,0,0,0,0,0,1,0,0,"C",1567,884
-0.226711731347716,0.115127643298959,1.34993224645969,0,0,1,1,0,1,0,0,0,0,0,0,0,1,0,0,"C",1930,885
-0.208805172401102,0.108021349613901,1.00371026854465,0,0,1,1,0,1,0,0,0,0,0,0,0,1,0,0,"C",3714,886
-0.230201523049429,0.109320320582732,0.781708132038524,0,0,1,1,0,1,0,0,0,0,0,0,0,1,0,0,"C",435,887
-0.190707744829562,0.10115538329022,0.336708558180996,0,0,1,1,0,1,0,0,0,0,0,0,0,1,0,0,"C",1461,888
-0.209748268838934,0.127770125707282,0.647963871044735,0,0,1,1,0,1,0,0,0,0,0,0,0,1,0,0,"C",2661,889
-0.252202242360663,0.0956306460125042,1.22118232708478,0,0,1,1,0,1,0,0,0,0,0,0,0,1,0,0,"C",1967,890
-0.248407800978578,0.116977037803308,0.608274276713095,0,0,1,1,0,1,0,0,0,0,0,0,0,1,0,0,"C",2087,891
-0.19016445129383,0.0690075610309028,1.3939906207884,0,0,1,1,0,1,0,0,0,0,0,0,0,1,0,0,"C",2137,892
-0.178748704267047,0.0546985458639902,0.765240960755063,0,0,1,1,0,1,0,0,0,0,0,0,0,1,0,0,"C",2578,893
-0.134781600491508,0.0777728611798333,0.62314362560812,0,0,1,1,0,1,0,0,0,0,0,0,0,1,0,0,"C",899,894
-0.26612103190918,0.12703958452405,0.984526217784406,0,0,1,1,0,1,0,0,0,0,0,0,0,1,0,0,"C",3030,895
-0.228413043280696,0.0761777570757425,0.902103455239797,0,0,1,1,0,1,0,0,0,0,0,0,0,1,0,0,"C",2602,896
-0.212914774596444,0.0802941467169464,0.76866457981494,0,0,1,1,0,1,0,0,0,0,0,0,0,1,0,0,"C",394,897
-0.163521761719034,0.0785815499762362,1.13509742303958,0,0,1,1,0,1,0,0,0,0,0,0,0,1,0,0,"C",3326,898
-0.328082293414404,0.154071096290945,1.26044143980436,0,0,1,1,0,1,0,0,0,0,0,0,0,1,0,0,"C",2240,899
-0.151489007651845,0.0402004942771215,0.950308303570574,0,0,1,1,0,1,0,0,0,0,0,0,0,1,0,0,"D",491,900
-0.133656678908858,0.0296368675669827,1.16060621308074,0,0,1,1,0,1,0,0,0,0,0,0,0,1,0,0,"D",3721,901
-0.165587408233931,0.0838840086107698,0.770413301472352,0,0,1,1,0,1,0,0,0,0,0,0,0,1,0,0,"D",3402,902
-0.107945241237008,0.0398644018381078,0.857359146099466,0,0,1,1,0,1,0,0,0,0,0,0,0,1,0,0,"D",368,903
-0.145600985715428,0.0499452559260246,0.256255420811166,0,0,1,1,0,1,0,0,0,0,0,0,0,1,0,0,"D",1484,904
-0.156297676400158,0.0693079178929571,0.372969776140484,0,0,1,1,0,1,0,0,0,0,0,0,0,1,0,0,"D",2487,905
-0.162264140630937,0.0830375042004984,0.078356167582666,0,0,1,1,0,1,0,0,0,0,0,0,0,1,0,0,"D",1608,906
-0.125719426605868,0.0519553357553864,0.341458711609757,0,0,1,1,0,1,0,0,0,0,0,0,0,1,0,0,"D",1462,907
-0.132442215871398,0.0859697235020303,0.834067148686509,0,0,1,1,0,1,0,0,0,0,0,0,0,1,0,0,"D",3495,908
-0.144616517924015,0.0677731372810627,0.71681239639741,0,0,1,1,0,1,0,0,0,0,0,0,0,1,0,0,"D",3583,909
-0.135661910131075,0.0532610444199778,0.526998066505794,0,0,1,1,0,1,0,0,0,0,0,0,0,1,0,0,"D",1747,910
-0.127410547128897,0.09154791806497,0.25158965498657,0,0,1,1,0,1,0,0,0,0,0,0,0,1,0,0,"D",344,911
-0.167537958065964,0.0617519498232859,0.369480944024406,0,0,1,1,0,1,0,0,0,0,0,0,0,1,0,0,"D",3343,912
-0.163909918203858,0.0408836381255284,1.14224529059375,0,0,1,1,0,1,0,0,0,0,0,0,0,1,0,0,"D",2191,913
-0.160730379082112,0.06395382330006,0.40521876132511,0,0,1,1,0,1,0,0,0,0,0,0,0,1,0,0,"D",2986,914
-0.0745715687311712,0.040471186831887,-0.171310346130845,0,0,1,1,0,1,0,0,0,0,0,0,0,1,0,0,"D",3527,915
-0.150374735064013,0.0432371336522305,0.514505224597832,0,0,1,1,0,1,0,0,0,0,0,0,0,1,0,0,"D",3748,916
-0.107765918262875,0.0512938042671752,0.0949535539588228,0,0,1,1,0,1,0,0,0,0,0,0,0,1,0,0,"D",930,917
-0.106605740793902,0.0404616580416058,1.30844865726606,0,0,1,1,0,1,0,0,0,0,0,0,0,1,0,0,"D",1560,918
-0.169763621841376,0.0558316448161992,0.641754354048583,0,0,1,1,0,1,0,0,0,0,0,0,0,1,0,0,"D",1549,919
-0.0842105034550197,0.0200078687437264,1.05213163212488,0,0,1,1,0,1,0,0,0,0,0,0,0,1,0,0,"D",3423,920
-0.0834003706963081,0.0285924169098506,0.152790450639439,0,0,1,1,0,1,0,0,0,0,0,0,0,1,0,0,"D",3464,921
-0.159670221312469,0.0423270993255368,0.950028260824819,0,0,1,1,0,1,0,0,0,0,0,0,0,1,0,0,"D",1646,922
-0.164969188689757,0.0906935202446778,0.855003072448374,0,0,1,1,0,1,0,0,0,0,0,0,0,1,0,0,"D",2823,923
-0.133476345738839,0.0456754537893392,1.73129099278191,0,0,1,1,0,1,0,0,0,0,0,0,0,1,0,0,"D",2022,924
-0.111826532904916,0.0345935707662455,0.634543515010409,0,0,1,1,0,1,0,0,0,0,0,0,0,1,0,0,"D",1255,925
-0.116375774864614,0.10915763065963,0.881694410932766,0,0,1,1,0,1,0,0,0,0,0,0,0,1,0,0,"D",1691,926
-0.155672442958472,0.0928820646604016,0.325682096738196,0,0,1,1,0,1,0,0,0,0,0,0,0,1,0,0,"D",3414,927
-0.0969939220881051,0.0177964096916575,1.0393162034835,0,0,1,1,0,1,0,0,0,0,0,0,0,1,0,0,"D",1362,928
-0.12180102370046,0.0623769363176587,0.489537507991694,0,0,1,1,0,1,0,0,0,0,0,0,0,1,0,0,"D",2845,929
-0.167062109345418,0.0711475700633869,0.533464786306173,0,0,1,1,0,1,0,0,0,0,0,0,0,1,0,0,"D",2333,930
-0.159625240279185,0.0665398289594957,0.618034370476237,0,0,1,1,0,1,0,0,0,0,0,0,0,1,0,0,"D",2005,931
-0.135937708716668,0.0148808081050964,0.959338327773426,0,0,1,1,0,1,0,0,0,0,0,0,0,1,0,0,"D",2937,932
-0.176314514644153,0.0838808027728764,0.451393876377477,0,0,1,1,0,1,0,0,0,0,0,0,0,1,0,0,"D",1628,933
-0.130144566248004,0.0465165714013329,0.728093778985975,0,0,1,1,0,1,0,0,0,0,0,0,0,1,0,0,"D",3122,934
-0.137453983388847,0.0531948806499761,0.833194220507609,0,0,1,1,0,1,0,0,0,0,0,0,0,1,0,0,"D",666,935
-0.0895292373428695,0.00780958418171436,0.489650842142526,0,0,1,1,0,1,0,0,0,0,0,0,0,1,0,0,"D",1125,936
-0.149647525162245,0.0666252954420616,0.474210480350052,0,0,1,1,0,1,0,0,0,0,0,0,0,1,0,0,"D",33,937
-0.17549281218022,0.10593521116085,0.298321971714982,0,0,1,1,0,1,0,0,0,0,0,0,0,1,0,0,"D",1671,938
-0.0753248493340745,0.0526241408636215,0.789970667522634,0,0,1,1,0,1,0,0,0,0,0,0,0,1,0,0,"D",2714,939
-0.127889294863874,0.0654552667848568,0.937569415030843,0,0,1,1,0,1,0,0,0,0,0,0,0,1,0,0,"D",946,940
-0.157729306961732,0.0719685048312371,0.74381000512297,0,0,1,1,0,1,0,0,0,0,0,0,0,1,0,0,"D",2718,941
-0.145398782998749,0.0576559423717519,0.470426827528548,0,0,1,1,0,1,0,0,0,0,0,0,0,1,0,0,"D",2372,942
-0.175472174376818,0.0597724288027958,0.222617994004397,0,0,1,1,0,1,0,0,0,0,0,0,0,1,0,0,"D",1117,943
-0.138951268095674,0.0585135068327209,0.844914638448201,0,0,1,1,0,1,0,0,0,0,0,0,0,1,0,0,"D",3186,944
-0.14074006557608,0.0595081221612489,0.513449770135121,0,0,1,1,0,1,0,0,0,0,0,0,0,1,0,0,"D",2648,945
-0.169003282050796,0.113403407023342,1.49478404148473,0,0,1,1,0,1,0,0,0,0,0,0,0,1,0,0,"D",3379,946
-0.147750471478493,0.0851866097024138,0.283660711124975,0,0,1,1,0,1,0,0,0,0,0,0,0,1,0,0,"D",2742,947
-0.103815954803678,0.0238856873574989,0.408597477970659,0,0,1,1,0,1,0,0,0,0,0,0,0,1,0,0,"D",2336,948
-0.150086718906842,0.0633175816322949,0.935719828354641,0,0,1,1,0,1,0,0,0,0,0,0,0,1,0,0,"D",267,949
-0.115063899225981,0.0522177341946122,0.582429164984406,0,0,1,1,0,1,0,0,0,0,0,0,0,1,0,0,"D",1359,950
-0.0953316792084103,-0.00671929730756329,1.41344104128175,0,0,1,1,0,1,0,0,0,0,0,0,0,1,0,0,"D",1441,951
-0.117715684294368,0.0232755243295951,1.02369752511953,0,0,1,1,0,1,0,0,0,0,0,0,0,1,0,0,"D",1962,952
-0.131017914670498,0.029925546427774,1.04863650620063,0,0,1,1,0,1,0,0,0,0,0,0,0,1,0,0,"D",3717,953
-0.140611436496551,0.0626659596977576,0.651203296189743,0,0,1,1,0,1,0,0,0,0,0,0,0,1,0,0,"D",347,954
-0.227521879560573,0.121720314992471,0.295543596215547,0,0,1,1,0,1,0,0,0,0,0,0,0,1,0,0,"D",2090,955
-0.156076294844188,0.0807235053666691,0.729691655316163,0,0,1,1,0,1,0,0,0,0,0,0,0,1,0,0,"D",3406,956
-0.155592873095139,0.0552776030176255,0.518709286234434,0,0,1,1,0,1,0,0,0,0,0,0,0,1,0,0,"D",2061,957
-0.0953349017453877,0.0355846110327628,0.869625486410949,0,0,1,1,0,1,0,0,0,0,0,0,0,1,0,0,"D",3699,958
-0.168273945200676,0.0898463596160012,0.556478323505556,0,0,1,1,0,1,0,0,0,0,0,0,0,1,0,0,"D",1385,959
-0.130938921183451,0.045773949604711,0.631896197734803,0,0,1,1,0,1,0,0,0,0,0,0,0,1,0,0,"D",729,960
-0.184256491950644,0.135568058347514,0.962832251520818,0,0,1,1,0,1,0,0,0,0,0,0,0,1,0,0,"D",712,961
-0.148302803683674,0.0908163817103975,0.592253105087959,0,0,1,1,0,1,0,0,0,0,0,0,0,1,0,0,"D",656,962
-0.209224207500992,0.110846425353658,0.696973245333336,0,0,1,1,0,1,0,0,0,0,0,0,0,1,0,0,"D",1397,963
-0.147054188311625,0.0500824351351712,0.801794227213219,0,0,1,1,0,1,0,0,0,0,0,0,0,1,0,0,"D",2074,964
-0.145510638070657,0.0679303020757384,0.77579409125333,0,0,1,1,0,1,0,0,0,0,0,0,0,1,0,0,"D",857,965
-0.145896683059162,0.0602504803824325,0.673866471826743,0,0,1,1,0,1,0,0,0,0,0,0,0,1,0,0,"D",2257,966
-0.145968477583592,0.0664873301301905,0.759870573380412,0,0,1,1,0,1,0,0,0,0,0,0,0,1,0,0,"D",1072,967
-0.161423306202206,0.0935042721239337,0.920254523739161,0,0,1,1,0,1,0,0,0,0,0,0,0,1,0,0,"D",1687,968
-0.105039262193162,0.0537633877022412,1.43639294719911,0,0,1,1,0,1,0,0,0,0,0,0,0,1,0,0,"D",2575,969
-0.146787648433645,0.0484506160005869,1.0102091962197,0,0,1,1,0,1,0,0,0,0,0,0,0,1,0,0,"D",3006,970
-0.18682833807655,0.0959003405272457,0.760449479728273,0,0,1,1,0,1,0,0,0,0,0,0,0,1,0,0,"D",3732,971
-0.124121414661753,0.0310578358724581,0.923523949075848,0,0,1,1,0,1,0,0,0,0,0,0,0,1,0,0,"D",482,972
-0.132104468914444,0.0613791894974316,0.542060791791437,0,0,1,1,0,1,0,0,0,0,0,0,0,1,0,0,"D",1341,973
-0.100996362576914,0.0506807786488871,0.815963944587855,0,0,1,1,0,1,0,0,0,0,0,0,0,1,0,0,"D",3204,974
-0.106461253266112,0.061619926350249,0.828341846773402,0,0,1,1,0,1,0,0,0,0,0,0,0,1,0,0,"D",1763,975
-0.12599827657395,0.0782269411631214,0.60529786769698,0,0,1,1,0,1,0,0,0,0,0,0,0,1,0,0,"D",2318,976
-0.171735474476803,0.0822155951644071,0.760756605509696,0,0,1,1,0,1,0,0,0,0,0,0,0,1,0,0,"D",1059,977
-0.121858969620189,0.0602532012592581,0.770296239636235,0,0,1,1,0,1,0,0,0,0,0,0,0,1,0,0,"D",1290,978
-0.189533958886406,0.0745360672910404,0.432062055706544,0,0,1,1,0,1,0,0,0,0,0,0,0,1,0,0,"D",3146,979
-0.139721513708658,0.0604670889381636,0.52153298725651,0,0,1,1,0,1,0,0,0,0,0,0,0,1,0,0,"D",1594,980
-0.117990846225833,0.0420809838926814,0.38882467375194,0,0,1,1,0,1,0,0,0,0,0,0,0,1,0,0,"D",2727,981
-0.168897978563862,0.100325882757122,0.544127580545689,0,0,1,1,0,1,0,0,0,0,0,0,0,1,0,0,"D",2960,982
-0.15025868329643,0.0769577322164104,0.537622334374924,0,0,1,1,0,1,0,0,0,0,0,0,0,1,0,0,"D",3738,983
-0.117727976092283,0.0871562571261061,0.628082517149495,0,0,1,1,0,1,0,0,0,0,0,0,0,1,0,0,"D",1567,984
-0.13522736371153,0.038217434274403,0.440546034486556,0,0,1,1,0,1,0,0,0,0,0,0,0,1,0,0,"D",1930,985
-0.0661377077900974,0.0203826031100851,1.22192747917583,0,0,1,1,0,1,0,0,0,0,0,0,0,1,0,0,"D",3714,986
-0.168924698473172,0.0919338539160655,0.642112412090747,0,0,1,1,0,1,0,0,0,0,0,0,0,1,0,0,"D",435,987
-0.126202412802887,0.0518499192764491,0.384102817798781,0,0,1,1,0,1,0,0,0,0,0,0,0,1,0,0,"D",1461,988
-0.144732378881712,0.0228866961049153,0.740134156119315,0,0,1,1,0,1,0,0,0,0,0,0,0,1,0,0,"D",2661,989
-0.161559887540478,0.0643555297235521,0.481366239666678,0,0,1,1,0,1,0,0,0,0,0,0,0,1,0,0,"D",1967,990
-0.134513147538727,0.049600333601199,0.5528856673992,0,0,1,1,0,1,0,0,0,0,0,0,0,1,0,0,"D",2087,991
-0.100682184652028,0.00843626263691807,-0.181832457741819,0,0,1,1,0,1,0,0,0,0,0,0,0,1,0,0,"D",2137,992
-0.116244973156482,0.0327681700090172,1.30644973793333,0,0,1,1,0,1,0,0,0,0,0,0,0,1,0,0,"D",2578,993
-0.12734487045665,0.0428893289710589,0.454065013697099,0,0,1,1,0,1,0,0,0,0,0,0,0,1,0,0,"D",899,994
-0.1527457465435,0.0562803287756723,0.721583984886979,0,0,1,1,0,1,0,0,0,0,0,0,0,1,0,0,"D",3030,995
-0.147255754502859,0.0645071491474801,0.669028676545343,0,0,1,1,0,1,0,0,0,0,0,0,0,1,0,0,"D",2602,996
-0.106694492193016,0.0693777061989968,0.297040226967183,0,0,1,1,0,1,0,0,0,0,0,0,0,1,0,0,"D",394,997
-0.126589248136069,0.0497912224062795,0.502843768555649,0,0,1,1,0,1,0,0,0,0,0,0,0,1,0,0,"D",3326,998
-0.180812734219751,0.0714006507731256,0.592324694911441,0,0,1,1,0,1,0,0,0,0,0,0,0,1,0,0,"D",2240,999
-0.159112223007791,0.180884905577964,1.90970649615917,0,0,1,1,0,1,0,0,0,0,0,0,0,0,1,0,"C",491,1000
-0.252326821695047,0.248400901098906,0.0703542742422008,0,0,1,1,0,1,0,0,0,0,0,0,0,0,1,0,"C",3721,1001
-0.171450718465223,0.192211777451333,0.972085235074184,0,0,1,1,0,1,0,0,0,0,0,0,0,0,1,0,"C",3402,1002
-0.165843652067048,0.17228466939819,1.17138329812898,0,0,1,1,0,1,0,0,0,0,0,0,0,0,1,0,"C",368,1003
-0.113853557793168,0.127381988450702,1.78139727178772,0,0,1,1,0,1,0,0,0,0,0,0,0,0,1,0,"C",1484,1004
-0.144331128420295,0.16966126843156,1.04923705190686,0,0,1,1,0,1,0,0,0,0,0,0,0,0,1,0,"C",2487,1005
-0.190981333305236,0.181257342059345,1.51111851465626,0,0,1,1,0,1,0,0,0,0,0,0,0,0,1,0,"C",1608,1006
-0.13112132334839,0.166388937096908,1.76474613025657,0,0,1,1,0,1,0,0,0,0,0,0,0,0,1,0,"C",1462,1007
-0.203301559027916,0.217380255830726,0.101235595180199,0,0,1,1,0,1,0,0,0,0,0,0,0,0,1,0,"C",3495,1008
-0.181663362699456,0.162251353012198,0.928946080276916,0,0,1,1,0,1,0,0,0,0,0,0,0,0,1,0,"C",3583,1009
-0.195130167274576,0.193339088895618,0.171457831572537,0,0,1,1,0,1,0,0,0,0,0,0,0,0,1,0,"C",1747,1010
-0.14899745615705,0.149350334981604,-0.169875241157863,0,0,1,1,0,1,0,0,0,0,0,0,0,0,1,0,"C",344,1011
-0.116905455672031,0.118299508508434,0.284508782904102,0,0,1,1,0,1,0,0,0,0,0,0,0,0,1,0,"C",3343,1012
-0.116995884725146,0.139161424972133,0.812666328826071,0,0,1,1,0,1,0,0,0,0,0,0,0,0,1,0,"C",2191,1013
-0.200095634946581,0.208546974795891,0.635185765308496,0,0,1,1,0,1,0,0,0,0,0,0,0,0,1,0,"C",2986,1014
-0.124720915448211,0.140071418214786,1.27710496915218,0,0,1,1,0,1,0,0,0,0,0,0,0,0,1,0,"C",3527,1015
-0.180286875532323,0.17907427890396,1.82180214175664,0,0,1,1,0,1,0,0,0,0,0,0,0,0,1,0,"C",3748,1016
-0.161250314625219,0.172212286130037,1.5733491957631,0,0,1,1,0,1,0,0,0,0,0,0,0,0,1,0,"C",930,1017
-0.163988268386348,0.182655714253611,1.10153531696811,0,0,1,1,0,1,0,0,0,0,0,0,0,0,1,0,"C",1560,1018
-0.159270915389813,0.162396600059165,1.22546268144356,0,0,1,1,0,1,0,0,0,0,0,0,0,0,1,0,"C",1549,1019
-0.160597931057175,0.167109590249104,0.0260382796596653,0,0,1,1,0,1,0,0,0,0,0,0,0,0,1,0,"C",3423,1020
-0.130283853874973,0.145969416168482,0.895957935451178,0,0,1,1,0,1,0,0,0,0,0,0,0,0,1,0,"C",3464,1021
-0.167928133804722,0.164969511833609,2.0014456404919,0,0,1,1,0,1,0,0,0,0,0,0,0,0,1,0,"C",1646,1022
-0.149173523441613,0.161036158268298,1.36603819752146,0,0,1,1,0,1,0,0,0,0,0,0,0,0,1,0,"C",2823,1023
-0.118253159614163,0.140394593372988,-0.798509775323576,0,0,1,1,0,1,0,0,0,0,0,0,0,0,1,0,"C",2022,1024
-0.167632303131528,0.176662134694672,0.92653963420123,0,0,1,1,0,1,0,0,0,0,0,0,0,0,1,0,"C",1255,1025
-0.187624246964739,0.200253130925348,1.428656682415,0,0,1,1,0,1,0,0,0,0,0,0,0,0,1,0,"C",1691,1026
-0.148675336352405,0.160947380666027,1.75083967446139,0,0,1,1,0,1,0,0,0,0,0,0,0,0,1,0,"C",3414,1027
-0.170218148819355,0.206203576074969,1.489488126582,0,0,1,1,0,1,0,0,0,0,0,0,0,0,1,0,"C",1362,1028
-0.158540451986694,0.163004992253551,1.80783608809796,0,0,1,1,0,1,0,0,0,0,0,0,0,0,1,0,"C",2845,1029
-0.113174841408499,0.148355366567246,1.78500405275832,0,0,1,1,0,1,0,0,0,0,0,0,0,0,1,0,"C",2333,1030
-0.16089306945455,0.169987074358329,2.1273468005863,0,0,1,1,0,1,0,0,0,0,0,0,0,0,1,0,"C",2005,1031
-0.147786039671504,0.1664539044803,-0.947273101684342,0,0,1,1,0,1,0,0,0,0,0,0,0,0,1,0,"C",2937,1032
-0.182754836381316,0.21343127352062,1.15425882706147,0,0,1,1,0,1,0,0,0,0,0,0,0,0,1,0,"C",1628,1033
-0.163804610268075,0.155090629450878,1.4056395289534,0,0,1,1,0,1,0,0,0,0,0,0,0,0,1,0,"C",3122,1034
-0.167650567845151,0.179050396241926,0.625646326075887,0,0,1,1,0,1,0,0,0,0,0,0,0,0,1,0,"C",666,1035
-0.125157862488833,0.122799425144312,2.48851667182589,0,0,1,1,0,1,0,0,0,0,0,0,0,0,1,0,"C",1125,1036
-0.142513594999318,0.143460643784317,1.80285664499062,0,0,1,1,0,1,0,0,0,0,0,0,0,0,1,0,"C",33,1037
-0.17805086801009,0.189993921273522,1.33773078584112,0,0,1,1,0,1,0,0,0,0,0,0,0,0,1,0,"C",1671,1038
-0.205399651057571,0.211976779505477,0.046751539106166,0,0,1,1,0,1,0,0,0,0,0,0,0,0,1,0,"C",2714,1039
-0.131844902577225,0.136816142875723,0.0535921169403752,0,0,1,1,0,1,0,0,0,0,0,0,0,0,1,0,"C",946,1040
-0.127766974685035,0.144188837525346,2.27892264777393,0,0,1,1,0,1,0,0,0,0,0,0,0,0,1,0,"C",2718,1041
-0.165198274790303,0.176091860371029,0.630670948807855,0,0,1,1,0,1,0,0,0,0,0,0,0,0,1,0,"C",2372,1042
-0.155161125854126,0.160422677733214,1.08016445787298,0,0,1,1,0,1,0,0,0,0,0,0,0,0,1,0,"C",1117,1043
-0.145995533304026,0.149578510662709,0.0534101458907555,0,0,1,1,0,1,0,0,0,0,0,0,0,0,1,0,"C",3186,1044
-0.100284995125892,0.136187832642622,0.762308084333168,0,0,1,1,0,1,0,0,0,0,0,0,0,0,1,0,"C",2648,1045
-0.145358966528133,0.156846629617265,0.991689517721406,0,0,1,1,0,1,0,0,0,0,0,0,0,0,1,0,"C",3379,1046
-0.123554258040546,0.115999101363404,0.636802090514498,0,0,1,1,0,1,0,0,0,0,0,0,0,0,1,0,"C",2742,1047
-0.172083776146039,0.171743908438967,0.374510747552975,0,0,1,1,0,1,0,0,0,0,0,0,0,0,1,0,"C",2336,1048
-0.172858763867965,0.185831374030212,0.410009150478691,0,0,1,1,0,1,0,0,0,0,0,0,0,0,1,0,"C",267,1049
-0.127316459442828,0.138576630446463,1.38468594505805,0,0,1,1,0,1,0,0,0,0,0,0,0,0,1,0,"C",1359,1050
-0.204327685443134,0.227596139340714,0.427075165129353,0,0,1,1,0,1,0,0,0,0,0,0,0,0,1,0,"C",1441,1051
-0.133354015597706,0.125231565054498,1.63976244399822,0,0,1,1,0,1,0,0,0,0,0,0,0,0,1,0,"C",1962,1052
-0.213237552783911,0.22840990008735,1.73774725330211,0,0,1,1,0,1,0,0,0,0,0,0,0,0,1,0,"C",3717,1053
-0.129572781852656,0.135270098890408,1.95502954796535,0,0,1,1,0,1,0,0,0,0,0,0,0,0,1,0,"C",347,1054
-0.144929821340624,0.154112864854559,1.23951959696497,0,0,1,1,0,1,0,0,0,0,0,0,0,0,1,0,"C",2090,1055
-0.127636809972482,0.133043227452109,1.33008849455603,0,0,1,1,0,1,0,0,0,0,0,0,0,0,1,0,"C",3406,1056
-0.16794361320128,0.156230088586591,2.12794339956017,0,0,1,1,0,1,0,0,0,0,0,0,0,0,1,0,"C",2061,1057
-0.17067828478047,0.184122487092551,0.928874656752337,0,0,1,1,0,1,0,0,0,0,0,0,0,0,1,0,"C",3699,1058
-0.141105836874596,0.109280048909396,1.21073247649648,0,0,1,1,0,1,0,0,0,0,0,0,0,0,1,0,"C",1385,1059
-0.117475928093049,0.107437093884593,1.37586536632499,0,0,1,1,0,1,0,0,0,0,0,0,0,0,1,0,"C",729,1060
-0.145590557732269,0.159063083107242,0.735702950736355,0,0,1,1,0,1,0,0,0,0,0,0,0,0,1,0,"C",712,1061
-0.161899344856359,0.166440229487979,2.04923098352471,0,0,1,1,0,1,0,0,0,0,0,0,0,0,1,0,"C",656,1062
-0.188605390624306,0.184890097184858,0.302867488208815,0,0,1,1,0,1,0,0,0,0,0,0,0,0,1,0,"C",1397,1063
-0.15971981069027,0.164115193037904,1.52709597889809,0,0,1,1,0,1,0,0,0,0,0,0,0,0,1,0,"C",2074,1064
-0.215290914298846,0.21779039698208,1.35798891064973,0,0,1,1,0,1,0,0,0,0,0,0,0,0,1,0,"C",857,1065
-0.134956713345638,0.149307681198852,0.450218440385734,0,0,1,1,0,1,0,0,0,0,0,0,0,0,1,0,"C",2257,1066
-0.120527097044118,0.129114090113015,-0.118995310247243,0,0,1,1,0,1,0,0,0,0,0,0,0,0,1,0,"C",1072,1067
-0.163061948337595,0.154289553281282,1.0061921363843,0,0,1,1,0,1,0,0,0,0,0,0,0,0,1,0,"C",1687,1068
-0.189237254024145,0.198043129946996,1.61102390035913,0,0,1,1,0,1,0,0,0,0,0,0,0,0,1,0,"C",2575,1069
-0.208126866467029,0.227094843192692,0.733817377592827,0,0,1,1,0,1,0,0,0,0,0,0,0,0,1,0,"C",3006,1070
-0.186290180727401,0.199973642980626,1.11137044291166,0,0,1,1,0,1,0,0,0,0,0,0,0,0,1,0,"C",3732,1071
-0.24633126205041,0.244421031749127,-0.790589533018593,0,0,1,1,0,1,0,0,0,0,0,0,0,0,1,0,"C",482,1072
-0.125867239365067,0.12249285396332,1.39919539959569,0,0,1,1,0,1,0,0,0,0,0,0,0,0,1,0,"C",1341,1073
-0.21167721594322,0.221929558556214,1.60958244168114,0,0,1,1,0,1,0,0,0,0,0,0,0,0,1,0,"C",3204,1074
-0.119986664221203,0.140232670279966,1.71090795933782,0,0,1,1,0,1,0,0,0,0,0,0,0,0,1,0,"C",1763,1075
-0.181183533226377,0.166719034634716,1.42862143225583,0,0,1,1,0,1,0,0,0,0,0,0,0,0,1,0,"C",2318,1076
-0.200165442268299,0.170375320027088,0.668488104054169,0,0,1,1,0,1,0,0,0,0,0,0,0,0,1,0,"C",1059,1077
-0.126651432830347,0.132190132920253,0.75628914926888,0,0,1,1,0,1,0,0,0,0,0,0,0,0,1,0,"C",1290,1078
-0.156029748910026,0.152417334019193,2.39815063946889,0,0,1,1,0,1,0,0,0,0,0,0,0,0,1,0,"C",3146,1079
-0.144334613362689,0.143847833390914,2.12065921589494,0,0,1,1,0,1,0,0,0,0,0,0,0,0,1,0,"C",1594,1080
-0.119091228934507,0.118368284361217,0.246634113782826,0,0,1,1,0,1,0,0,0,0,0,0,0,0,1,0,"C",2727,1081
-0.108781586253166,0.127641424641054,-1.728214347684,0,0,1,1,0,1,0,0,0,0,0,0,0,0,1,0,"C",2960,1082
-0.159758834312056,0.175938066595091,1.78820448707687,0,0,1,1,0,1,0,0,0,0,0,0,0,0,1,0,"C",3738,1083
-0.237566273157556,0.229604460074626,-0.282250542393676,0,0,1,1,0,1,0,0,0,0,0,0,0,0,1,0,"C",1567,1084
-0.18197727965114,0.164759802539452,1.69269297217929,0,0,1,1,0,1,0,0,0,0,0,0,0,0,1,0,"C",1930,1085
-0.210799087098006,0.208614761209184,0.68484442389147,0,0,1,1,0,1,0,0,0,0,0,0,0,0,1,0,"C",3714,1086
-0.162571338344488,0.188821505806309,0.611726042822227,0,0,1,1,0,1,0,0,0,0,0,0,0,0,1,0,"C",435,1087
-0.0902315706624125,0.100334177517169,0.704320951108446,0,0,1,1,0,1,0,0,0,0,0,0,0,0,1,0,"C",1461,1088
-0.166063836595038,0.186403172367631,-0.137012660635142,0,0,1,1,0,1,0,0,0,0,0,0,0,0,1,0,"C",2661,1089
-0.186136660360283,0.190043228621899,1.50870359912177,0,0,1,1,0,1,0,0,0,0,0,0,0,0,1,0,"C",1967,1090
-0.168162232482592,0.160311918003515,1.24529625017126,0,0,1,1,0,1,0,0,0,0,0,0,0,0,1,0,"C",2087,1091
-0.155941492393888,0.155785835171344,1.71636776805729,0,0,1,1,0,1,0,0,0,0,0,0,0,0,1,0,"C",2137,1092
-0.0801418977323028,0.0969648756826781,1.37801701458829,0,0,1,1,0,1,0,0,0,0,0,0,0,0,1,0,"C",2578,1093
-0.105352153327702,0.122211955996838,0.911121759387062,0,0,1,1,0,1,0,0,0,0,0,0,0,0,1,0,"C",899,1094
-0.185593851193855,0.195612422055486,1.27771381473672,0,0,1,1,0,1,0,0,0,0,0,0,0,0,1,0,"C",3030,1095
-0.169085017380821,0.174533169227232,0.523198695908933,0,0,1,1,0,1,0,0,0,0,0,0,0,0,1,0,"C",2602,1096
-0.164338489753207,0.175014390791266,0.242198842213874,0,0,1,1,0,1,0,0,0,0,0,0,0,0,1,0,"C",394,1097
-0.141504254100347,0.143196208466065,1.17096298499558,0,0,1,1,0,1,0,0,0,0,0,0,0,0,1,0,"C",3326,1098
-0.228645528691519,0.237345490255314,1.55824908406716,0,0,1,1,0,1,0,0,0,0,0,0,0,0,1,0,"C",2240,1099
-0.0961873083407589,0.0969890183025728,0.932957888796655,0,0,1,1,0,1,0,0,0,0,0,0,0,0,1,0,"D",491,1100
-0.1007353186437,0.0973697228275114,-0.540727411063162,0,0,1,1,0,1,0,0,0,0,0,0,0,0,1,0,"D",3721,1101
-0.170789388628003,0.165011431560801,0.356007853522545,0,0,1,1,0,1,0,0,0,0,0,0,0,0,1,0,"D",3402,1102
-0.106953527982937,0.128341234474421,-0.0605977581306456,0,0,1,1,0,1,0,0,0,0,0,0,0,0,1,0,"D",368,1103
-0.17261113072495,0.161365019065081,-0.993114534535054,0,0,1,1,0,1,0,0,0,0,0,0,0,0,1,0,"D",1484,1104
-0.116028633512952,0.10393006789015,-0.859686382016816,0,0,1,1,0,1,0,0,0,0,0,0,0,0,1,0,"D",2487,1105
-0.102116328878209,0.113040526347624,-0.23296061530904,0,0,1,1,0,1,0,0,0,0,0,0,0,0,1,0,"D",1608,1106
-0.0973420086052638,0.0975882118164796,-0.0833802669433785,0,0,1,1,0,1,0,0,0,0,0,0,0,0,1,0,"D",1462,1107
-0.135734141353659,0.128202408641134,-0.875429421288378,0,0,1,1,0,1,0,0,0,0,0,0,0,0,1,0,"D",3495,1108
-0.0972874760100411,0.0971663330723775,0.213198807073235,0,0,1,1,0,1,0,0,0,0,0,0,0,0,1,0,"D",3583,1109
-0.110730050096364,0.116120075500037,0.363005737512677,0,0,1,1,0,1,0,0,0,0,0,0,0,0,1,0,"D",1747,1110
-0.119948789841768,0.127370310349821,0.84690351747378,0,0,1,1,0,1,0,0,0,0,0,0,0,0,1,0,"D",344,1111
-0.138148802401285,0.136966700535296,-0.152218600122886,0,0,1,1,0,1,0,0,0,0,0,0,0,0,1,0,"D",3343,1112
-0.142813704672191,0.131463959021135,-0.0491176660940278,0,0,1,1,0,1,0,0,0,0,0,0,0,0,1,0,"D",2191,1113
-0.146407686524854,0.134762041162602,0.348143211842589,0,0,1,1,0,1,0,0,0,0,0,0,0,0,1,0,"D",2986,1114
-0.0759577192929389,0.0890909707245292,-0.457450976110404,0,0,1,1,0,1,0,0,0,0,0,0,0,0,1,0,"D",3527,1115
-0.104888056127886,0.109253996455319,-0.749889468415743,0,0,1,1,0,1,0,0,0,0,0,0,0,0,1,0,"D",3748,1116
-0.0877728270025357,0.100446631198029,-0.0868379943422688,0,0,1,1,0,1,0,0,0,0,0,0,0,0,1,0,"D",930,1117
-0.118255782846934,0.124677271585898,0.80814369686286,0,0,1,1,0,1,0,0,0,0,0,0,0,0,1,0,"D",1560,1118
-0.120611703451097,0.104637774498371,-0.761861934806819,0,0,1,1,0,1,0,0,0,0,0,0,0,0,1,0,"D",1549,1119
-0.126724592792899,0.118196462634519,0.457661998820707,0,0,1,1,0,1,0,0,0,0,0,0,0,0,1,0,"D",3423,1120
-0.0679061662467915,0.0834647614797004,0.421883210172301,0,0,1,1,0,1,0,0,0,0,0,0,0,0,1,0,"D",3464,1121
-0.118150461202727,0.102456089485493,1.20039266519867,0,0,1,1,0,1,0,0,0,0,0,0,0,0,1,0,"D",1646,1122
-0.137288746617187,0.141439175398936,0.756699016895228,0,0,1,1,0,1,0,0,0,0,0,0,0,0,1,0,"D",2823,1123
-0.0975525864024712,0.0990310742811271,-1.49966698612285,0,0,1,1,0,1,0,0,0,0,0,0,0,0,1,0,"D",2022,1124
-0.109488517786577,0.0970696981341436,-0.655721969683042,0,0,1,1,0,1,0,0,0,0,0,0,0,0,1,0,"D",1255,1125
-0.115894587425093,0.111943358022479,0.710933284417503,0,0,1,1,0,1,0,0,0,0,0,0,0,0,1,0,"D",1691,1126
-0.148792858693811,0.139937691777642,0.0980526024666492,0,0,1,1,0,1,0,0,0,0,0,0,0,0,1,0,"D",3414,1127
-0.113062381860427,0.124377445494808,0.148143868628157,0,0,1,1,0,1,0,0,0,0,0,0,0,0,1,0,"D",1362,1128
-0.123419362117183,0.132089929541373,-0.179124245635413,0,0,1,1,0,1,0,0,0,0,0,0,0,0,1,0,"D",2845,1129
-0.110875405959166,0.104680186978999,0.600180968707187,0,0,1,1,0,1,0,0,0,0,0,0,0,0,1,0,"D",2333,1130
-0.124527999452512,0.126950961988918,0.591147037211151,0,0,1,1,0,1,0,0,0,0,0,0,0,0,1,0,"D",2005,1131
-0.155981531275018,0.150550469940085,-0.796768283539789,0,0,1,1,0,1,0,0,0,0,0,0,0,0,1,0,"D",2937,1132
-0.122361708751253,0.130397338498204,-1.23078065384969,0,0,1,1,0,1,0,0,0,0,0,0,0,0,1,0,"D",1628,1133
-0.0905179844818996,0.0868889518533375,0.87093267941254,0,0,1,1,0,1,0,0,0,0,0,0,0,0,1,0,"D",3122,1134
-0.152669519782991,0.150658482851619,-0.409813925452815,0,0,1,1,0,1,0,0,0,0,0,0,0,0,1,0,"D",666,1135
-0.14184836427201,0.138108770250682,-1.06218803627553,0,0,1,1,0,1,0,0,0,0,0,0,0,0,1,0,"D",1125,1136
-0.127036714036982,0.12493470295393,-0.753819179738836,0,0,1,1,0,1,0,0,0,0,0,0,0,0,1,0,"D",33,1137
-0.131020159595332,0.133140874895932,0.0555726911167629,0,0,1,1,0,1,0,0,0,0,0,0,0,0,1,0,"D",1671,1138
-0.0854783640060738,0.108917191607306,-0.277957694471196,0,0,1,1,0,1,0,0,0,0,0,0,0,0,1,0,"D",2714,1139
-0.107042047046877,0.116536833072298,0.0568546496725108,0,0,1,1,0,1,0,0,0,0,0,0,0,0,1,0,"D",946,1140
-0.128886543966658,0.13506435453098,-0.0195979744530361,0,0,1,1,0,1,0,0,0,0,0,0,0,0,1,0,"D",2718,1141
-0.126018573877023,0.114659028639527,-1.24069174595032,0,0,1,1,0,1,0,0,0,0,0,0,0,0,1,0,"D",2372,1142
-0.113587168898938,0.0976773766964674,0.649844714723561,0,0,1,1,0,1,0,0,0,0,0,0,0,0,1,0,"D",1117,1143
-0.131199807869177,0.114718630264579,-0.120317427293919,0,0,1,1,0,1,0,0,0,0,0,0,0,0,1,0,"D",3186,1144
-0.109371733944487,0.115217671572767,0.763471123116942,0,0,1,1,0,1,0,0,0,0,0,0,0,0,1,0,"D",2648,1145
-0.128228948957152,0.115747348096689,0.640431948709079,0,0,1,1,0,1,0,0,0,0,0,0,0,0,1,0,"D",3379,1146
-0.0982743636154665,0.0836117232727785,1.19250728801763,0,0,1,1,0,1,0,0,0,0,0,0,0,0,1,0,"D",2742,1147
-0.109092469183955,0.118664513273576,-0.646469488578053,0,0,1,1,0,1,0,0,0,0,0,0,0,0,1,0,"D",2336,1148
-0.138128956698095,0.131997896303654,0.115821315287086,0,0,1,1,0,1,0,0,0,0,0,0,0,0,1,0,"D",267,1149
-0.122630379409468,0.130700351882316,0.462783857527325,0,0,1,1,0,1,0,0,0,0,0,0,0,0,1,0,"D",1359,1150
-0.0882561409290529,0.0900764184217708,-1.72704590408332,0,0,1,1,0,1,0,0,0,0,0,0,0,0,1,0,"D",1441,1151
-0.106223717947433,0.0948297941831891,0.880475635287559,0,0,1,1,0,1,0,0,0,0,0,0,0,0,1,0,"D",1962,1152
-0.117974819833832,0.110972881453089,0.123057110102114,0,0,1,1,0,1,0,0,0,0,0,0,0,0,1,0,"D",3717,1153
-0.117117722518966,0.120112593228377,0.217471874456541,0,0,1,1,0,1,0,0,0,0,0,0,0,0,1,0,"D",347,1154
-0.161814370153804,0.157699258459768,0.295807175976939,0,0,1,1,0,1,0,0,0,0,0,0,0,0,1,0,"D",2090,1155
-0.0991761026535486,0.0926489188638151,-0.0033163580134322,0,0,1,1,0,1,0,0,0,0,0,0,0,0,1,0,"D",3406,1156
-0.14747498710622,0.154020628503529,-0.262277332796936,0,0,1,1,0,1,0,0,0,0,0,0,0,0,1,0,"D",2061,1157
-0.0938889757313284,0.110978167955971,-0.37035031840626,0,0,1,1,0,1,0,0,0,0,0,0,0,0,1,0,"D",3699,1158
-0.12053791460913,0.135156148036573,-0.455293476234686,0,0,1,1,0,1,0,0,0,0,0,0,0,0,1,0,"D",1385,1159
-0.0864065085162082,0.0793832964149348,-0.563898357318668,0,0,1,1,0,1,0,0,0,0,0,0,0,0,1,0,"D",729,1160
-0.124179408978009,0.115063906294172,1.11466395701728,0,0,1,1,0,1,0,0,0,0,0,0,0,0,1,0,"D",712,1161
-0.116566390339403,0.133749922836552,0.224265324223451,0,0,1,1,0,1,0,0,0,0,0,0,0,0,1,0,"D",656,1162
-0.135758913021829,0.134676615482163,0.686471231267143,0,0,1,1,0,1,0,0,0,0,0,0,0,0,1,0,"D",1397,1163
-0.121864704946529,0.119215195488478,-0.290138262393467,0,0,1,1,0,1,0,0,0,0,0,0,0,0,1,0,"D",2074,1164
-0.121790550967797,0.105365906613077,1.26797133165276,0,0,1,1,0,1,0,0,0,0,0,0,0,0,1,0,"D",857,1165
-0.0896143649983859,0.0851465420940782,0.846698177369799,0,0,1,1,0,1,0,0,0,0,0,0,0,0,1,0,"D",2257,1166
-0.113720374208887,0.120695135112463,0.59486808099411,0,0,1,1,0,1,0,0,0,0,0,0,0,0,1,0,"D",1072,1167
-0.12452947149447,0.115014041169346,1.27206056584508,0,0,1,1,0,1,0,0,0,0,0,0,0,0,1,0,"D",1687,1168
-0.118338800228513,0.115639799230098,0.846765938805648,0,0,1,1,0,1,0,0,0,0,0,0,0,0,1,0,"D",2575,1169
-0.13631318573102,0.142706648146425,0.0214036238790798,0,0,1,1,0,1,0,0,0,0,0,0,0,0,1,0,"D",3006,1170
-0.138078516039757,0.138393486455715,0.226812507431042,0,0,1,1,0,1,0,0,0,0,0,0,0,0,1,0,"D",3732,1171
-0.135559978515198,0.134924098159786,-0.405512994429021,0,0,1,1,0,1,0,0,0,0,0,0,0,0,1,0,"D",482,1172
-0.0734275758452123,0.088353529395946,-0.429941891991778,0,0,1,1,0,1,0,0,0,0,0,0,0,0,1,0,"D",1341,1173
-0.0852325030446416,0.0886185160428932,0.950244449540566,0,0,1,1,0,1,0,0,0,0,0,0,0,0,1,0,"D",3204,1174
-0.120155444223195,0.124172624755557,-0.574395223306746,0,0,1,1,0,1,0,0,0,0,0,0,0,0,1,0,"D",1763,1175
-0.132468428629102,0.134192742334431,-0.701213250706589,0,0,1,1,0,1,0,0,0,0,0,0,0,0,1,0,"D",2318,1176
-0.110286055484973,0.110443245457772,0.0608074159521281,0,0,1,1,0,1,0,0,0,0,0,0,0,0,1,0,"D",1059,1177
-0.118689230813613,0.11983119407408,-0.050883719100187,0,0,1,1,0,1,0,0,0,0,0,0,0,0,1,0,"D",1290,1178
-0.144157039306493,0.14100457015734,0.00890000060078675,0,0,1,1,0,1,0,0,0,0,0,0,0,0,1,0,"D",3146,1179
-0.142107430058579,0.138187313298626,0.652895729147286,0,0,1,1,0,1,0,0,0,0,0,0,0,0,1,0,"D",1594,1180
-0.0861203129832473,0.091156565238264,-0.666691909824953,0,0,1,1,0,1,0,0,0,0,0,0,0,0,1,0,"D",2727,1181
-0.153454935389896,0.147853173808132,0.0217233432845617,0,0,1,1,0,1,0,0,0,0,0,0,0,0,1,0,"D",2960,1182
-0.111476029899044,0.119858645599202,0.955457892434506,0,0,1,1,0,1,0,0,0,0,0,0,0,0,1,0,"D",3738,1183
-0.112841707068714,0.107105338040809,0.492761029068951,0,0,1,1,0,1,0,0,0,0,0,0,0,0,1,0,"D",1567,1184
-0.140028629572054,0.13220837646988,-0.621424425086087,0,0,1,1,0,1,0,0,0,0,0,0,0,0,1,0,"D",1930,1185
-0.103610492583157,0.101577126018691,0.357270518988212,0,0,1,1,0,1,0,0,0,0,0,0,0,0,1,0,"D",3714,1186
-0.118573755505575,0.131200768450911,0.852057108481678,0,0,1,1,0,1,0,0,0,0,0,0,0,0,1,0,"D",435,1187
-0.117623426715967,0.133457314706873,0.562854613902819,0,0,1,1,0,1,0,0,0,0,0,0,0,0,1,0,"D",1461,1188
-0.0909075180335182,0.0831674760954592,1.20493812951305,0,0,1,1,0,1,0,0,0,0,0,0,0,0,1,0,"D",2661,1189
-0.103751772566221,0.0965870664888761,0.939652895016933,0,0,1,1,0,1,0,0,0,0,0,0,0,0,1,0,"D",1967,1190
-0.110952833933072,0.106625293074984,-0.47701146118563,0,0,1,1,0,1,0,0,0,0,0,0,0,0,1,0,"D",2087,1191
-0.126683018505827,0.11976391914279,-0.429702030695597,0,0,1,1,0,1,0,0,0,0,0,0,0,0,1,0,"D",2137,1192
-0.0660459713530487,0.0729204022618314,-1.04940646113575,0,0,1,1,0,1,0,0,0,0,0,0,0,0,1,0,"D",2578,1193
-0.111096893679788,0.089685511644168,-0.884237820213098,0,0,1,1,0,1,0,0,0,0,0,0,0,0,1,0,"D",899,1194
-0.111097053688518,0.10714335230306,-0.835706495679472,0,0,1,1,0,1,0,0,0,0,0,0,0,0,1,0,"D",3030,1195
-0.142308942021188,0.135922418298732,0.346760698601437,0,0,1,1,0,1,0,0,0,0,0,0,0,0,1,0,"D",2602,1196
-0.0712792952459336,0.0808117962044639,-2.00963872939326,0,0,1,1,0,1,0,0,0,0,0,0,0,0,1,0,"D",394,1197
-0.0890980206076566,0.101757651682251,0.647576939994007,0,0,1,1,0,1,0,0,0,0,0,0,0,0,1,0,"D",3326,1198
-0.0916876028835889,0.0838376959076616,1.17930328156676,0,0,1,1,0,1,0,0,0,0,0,0,0,0,1,0,"D",2240,1199
-0.317524289373199,0.0840673445589871,1.31573036166497,1,0,1,1,0,1,0,0,0,0,0,0,0,0,0,0,"C",491,1200
-0.362262893383505,-0.00727374019757773,1.68062760405673,1,0,1,1,0,1,0,0,0,0,0,0,0,0,0,0,"C",3721,1201
-0.300162566144159,0.0811626912248098,1.11199463610273,1,0,1,1,0,1,0,0,0,0,0,0,0,0,0,0,"C",3402,1202
-0.365572140699407,0.126364239835038,0.290632533090596,1,0,1,1,0,1,0,0,0,0,0,0,0,0,0,0,"C",368,1203
-0.390895150106629,-0.0621188511934234,2.17515829833778,1,0,1,1,0,1,0,0,0,0,0,0,0,0,0,0,"C",1484,1204
-0.253303734130266,0.110065043043745,0.810509335735337,1,0,1,1,0,1,0,0,0,0,0,0,0,0,0,0,"C",2487,1205
-0.25856184853053,0.0582232110829307,1.19619582145811,1,0,1,1,0,1,0,0,0,0,0,0,0,0,0,0,"C",1608,1206
-0.399162448301683,-0.0135286913742164,1.9225411565392,1,0,1,1,0,1,0,0,0,0,0,0,0,0,0,0,"C",1462,1207
-0.391033980605814,-0.00860148091162458,1.90641987034486,1,0,1,1,0,1,0,0,0,0,0,0,0,0,0,0,"C",3495,1208
-0.261940765748117,0.132048577669436,0.322405413166361,1,0,1,1,0,1,0,0,0,0,0,0,0,0,0,0,"C",3583,1209
-0.288463203088383,0.0363104821932262,1.64102266748828,1,0,1,1,0,1,0,0,0,0,0,0,0,0,0,0,"C",1747,1210
-0.353417210311837,-0.0217905699028771,1.70515641211151,1,0,1,1,0,1,0,0,0,0,0,0,0,0,0,0,"C",344,1211
-0.299053770653189,0.0385712631740694,1.33280588774045,1,0,1,1,0,1,0,0,0,0,0,0,0,0,0,0,"C",3343,1212
-0.215986237704399,-0.113022385427496,2.58560034571538,1,0,1,1,0,1,0,0,0,0,0,0,0,0,0,0,"C",2191,1213
-0.41130092858048,0.0392243455662356,1.80784925375662,1,0,1,1,0,1,0,0,0,0,0,0,0,0,0,0,"C",2986,1214
-0.267284345031753,-0.0138694410932527,2.14063957490412,1,0,1,1,0,1,0,0,0,0,0,0,0,0,0,0,"C",3527,1215
-0.388737444246878,0.0555360131692215,1.31081933864184,1,0,1,1,0,1,0,0,0,0,0,0,0,0,0,0,"C",3748,1216
-0.304961281326375,-0.041490449635244,2.16146706430448,1,0,1,1,0,1,0,0,0,0,0,0,0,0,0,0,"C",930,1217
-0.22815543920085,-0.0377925143645225,2.06890923539585,1,0,1,1,0,1,0,0,0,0,0,0,0,0,0,0,"C",1560,1218
-0.250905899600987,0.188016897647382,-0.171995463690386,1,0,1,1,0,1,0,0,0,0,0,0,0,0,0,0,"C",1549,1219
-0.374771889517833,-0.00569444184808351,1.51663277518287,1,0,1,1,0,1,0,0,0,0,0,0,0,0,0,0,"C",3423,1220
-0.297436261918153,0.0672239248151898,1.24135685630925,1,0,1,1,0,1,0,0,0,0,0,0,0,0,0,0,"C",3464,1221
-0.425748244796055,0.0111279756746269,1.76825976927849,1,0,1,1,0,1,0,0,0,0,0,0,0,0,0,0,"C",1646,1222
-0.384239950389269,-0.057293316605316,2.13756756314609,1,0,1,1,0,1,0,0,0,0,0,0,0,0,0,0,"C",2823,1223
-0.264805311284062,-0.00738675215709586,1.83505789504266,1,0,1,1,0,1,0,0,0,0,0,0,0,0,0,0,"C",2022,1224
-0.334020071853112,0.244222996697003,-0.628769599955093,1,0,1,1,0,1,0,0,0,0,0,0,0,0,0,0,"C",1255,1225
-0.24508781977301,0.201496989476472,0.158898941820819,1,0,1,1,0,1,0,0,0,0,0,0,0,0,0,0,"C",1691,1226
-0.371801265945507,0.0738370567710573,1.21393252182769,1,0,1,1,0,1,0,0,0,0,0,0,0,0,0,0,"C",3414,1227
-0.417848220781441,0.148092395164268,0.862169279137693,1,0,1,1,0,1,0,0,0,0,0,0,0,0,0,0,"C",1362,1228
-0.288214114299476,0.141833973609822,0.711246733074432,1,0,1,1,0,1,0,0,0,0,0,0,0,0,0,0,"C",2845,1229
-0.442223305765489,0.0400489107739719,1.77184857092554,1,0,1,1,0,1,0,0,0,0,0,0,0,0,0,0,"C",2333,1230
-0.29073313351567,0.151039774319868,0.791105572180178,1,0,1,1,0,1,0,0,0,0,0,0,0,0,0,0,"C",2005,1231
-0.314520811263448,0.0796687009193446,0.784876961823012,1,0,1,1,0,1,0,0,0,0,0,0,0,0,0,0,"C",2937,1232
-0.302907955287821,-0.0346831994493541,1.99595230165725,1,0,1,1,0,1,0,0,0,0,0,0,0,0,0,0,"C",1628,1233
-0.317755513660406,-0.0187996409517677,1.96884693556207,1,0,1,1,0,1,0,0,0,0,0,0,0,0,0,0,"C",3122,1234
-0.522197188430417,0.216180281620944,0.601149936488272,1,0,1,1,0,1,0,0,0,0,0,0,0,0,0,0,"C",666,1235
-0.289674135057088,-0.00915930384510311,1.78423060478325,1,0,1,1,0,1,0,0,0,0,0,0,0,0,0,0,"C",1125,1236
-0.213555292219428,0.0272842181094253,1.55871008382091,1,0,1,1,0,1,0,0,0,0,0,0,0,0,0,0,"C",33,1237
-0.330437815683475,0.109453644910154,0.804250930099165,1,0,1,1,0,1,0,0,0,0,0,0,0,0,0,0,"C",1671,1238
-0.241564894513332,-0.057843584168635,2.30791283594731,1,0,1,1,0,1,0,0,0,0,0,0,0,0,0,0,"C",2714,1239
-0.307428513965921,-0.0199437714851044,2.03541478110685,1,0,1,1,0,1,0,0,0,0,0,0,0,0,0,0,"C",946,1240
-0.316500371020555,0.123863272784103,0.630924846965595,1,0,1,1,0,1,0,0,0,0,0,0,0,0,0,0,"C",2718,1241
-0.343035018402678,0.017280103305185,1.78855322869797,1,0,1,1,0,1,0,0,0,0,0,0,0,0,0,0,"C",2372,1242
-0.374560294701339,-0.0410959995030252,2.00647813403291,1,0,1,1,0,1,0,0,0,0,0,0,0,0,0,0,"C",1117,1243
-0.248489859330867,0.163142906209502,-0.700484650612239,1,0,1,1,0,1,0,0,0,0,0,0,0,0,0,0,"C",3186,1244
-0.275266260810026,-0.0407288661840955,2.2035441033656,1,0,1,1,0,1,0,0,0,0,0,0,0,0,0,0,"C",2648,1245
-0.373921705449478,0.0177484519282937,1.57482997774754,1,0,1,1,0,1,0,0,0,0,0,0,0,0,0,0,"C",3379,1246
-0.323937841193004,0.0474523143388104,0.159767469596489,1,0,1,1,0,1,0,0,0,0,0,0,0,0,0,0,"C",2742,1247
-0.326604385608801,-0.00563453840020908,1.86840559986505,1,0,1,1,0,1,0,0,0,0,0,0,0,0,0,0,"C",2336,1248
-0.33782061018337,0.0542352357385489,1.26126334072391,1,0,1,1,0,1,0,0,0,0,0,0,0,0,0,0,"C",267,1249
-0.35616092672689,0.00372868613497548,1.6817299818482,1,0,1,1,0,1,0,0,0,0,0,0,0,0,0,0,"C",1359,1250
-0.380869054315534,0.0081659710457217,1.94235919598212,1,0,1,1,0,1,0,0,0,0,0,0,0,0,0,0,"C",1441,1251
-0.240936001189874,0.138987231350677,0.00298439774790165,1,0,1,1,0,1,0,0,0,0,0,0,0,0,0,0,"C",1962,1252
-0.44922481900028,0.04496278856727,1.76188814547816,1,0,1,1,0,1,0,0,0,0,0,0,0,0,0,0,"C",3717,1253
-0.284515627672877,0.0303519310344992,1.60895143996746,1,0,1,1,0,1,0,0,0,0,0,0,0,0,0,0,"C",347,1254
-0.338137445995735,-0.0511341375247558,2.25725682687448,1,0,1,1,0,1,0,0,0,0,0,0,0,0,0,0,"C",2090,1255
-0.158384986462516,0.0884481661717643,0.93653992713869,1,0,1,1,0,1,0,0,0,0,0,0,0,0,0,0,"C",3406,1256
-0.50761534357289,0.00959659981959525,1.05145834331353,1,0,1,1,0,1,0,0,0,0,0,0,0,0,0,0,"C",2061,1257
-0.37596861908425,0.0341131804416341,1.43595970986634,1,0,1,1,0,1,0,0,0,0,0,0,0,0,0,0,"C",3699,1258
-0.331050746780795,-0.0954501451101063,2.41335968520267,1,0,1,1,0,1,0,0,0,0,0,0,0,0,0,0,"C",1385,1259
-0.328660844868171,-0.0043237311777803,1.44248724316105,1,0,1,1,0,1,0,0,0,0,0,0,0,0,0,0,"C",729,1260
-0.264613046730926,0.00894596559105913,1.69044323103616,1,0,1,1,0,1,0,0,0,0,0,0,0,0,0,0,"C",712,1261
-0.38916212023722,-0.0282213931067358,2.04221469486105,1,0,1,1,0,1,0,0,0,0,0,0,0,0,0,0,"C",656,1262
-0.339877133315226,0.00116447099962147,1.83078954009478,1,0,1,1,0,1,0,0,0,0,0,0,0,0,0,0,"C",1397,1263
-0.390021554810401,0.0587235536782395,1.22111437922667,1,0,1,1,0,1,0,0,0,0,0,0,0,0,0,0,"C",2074,1264
-0.462698010388652,0.132128966729429,0.771340056360054,1,0,1,1,0,1,0,0,0,0,0,0,0,0,0,0,"C",857,1265
-0.330700855009401,-0.0770503879411077,2.31307361927435,1,0,1,1,0,1,0,0,0,0,0,0,0,0,0,0,"C",2257,1266
-0.327350649307969,-0.0948548665375442,2.42076187011209,1,0,1,1,0,1,0,0,0,0,0,0,0,0,0,0,"C",1072,1267
-0.39274314600272,-0.0338127569361403,1.98901767531906,1,0,1,1,0,1,0,0,0,0,0,0,0,0,0,0,"C",1687,1268
-0.240600592755118,0.170204569024592,0.798629597104125,1,0,1,1,0,1,0,0,0,0,0,0,0,0,0,0,"C",2575,1269
-0.203167987346981,0.227574863779464,1.12725779039855,1,0,1,1,0,1,0,0,0,0,0,0,0,0,0,0,"C",3006,1270
-0.273357620642791,0.209631026507896,-0.106543473581815,1,0,1,1,0,1,0,0,0,0,0,0,0,0,0,0,"C",3732,1271
-0.349244652814033,-0.012531245820616,1.83255975884991,1,0,1,1,0,1,0,0,0,0,0,0,0,0,0,0,"C",482,1272
-0.324990274913848,-0.132330013185957,2.58102570080172,1,0,1,1,0,1,0,0,0,0,0,0,0,0,0,0,"C",1341,1273
-0.386532241078332,0.0609659888661367,1.59894114607524,1,0,1,1,0,1,0,0,0,0,0,0,0,0,0,0,"C",3204,1274
-0.254673515931102,0.0544008329966663,1.34017846949869,1,0,1,1,0,1,0,0,0,0,0,0,0,0,0,0,"C",1763,1275
-0.286177511406525,0.0377027893748819,1.4341471179007,1,0,1,1,0,1,0,0,0,0,0,0,0,0,0,0,"C",2318,1276
-0.42122620914213,-0.0316257680555619,2.15981309040737,1,0,1,1,0,1,0,0,0,0,0,0,0,0,0,0,"C",1059,1277
-0.356920097252488,0.0794749209555836,0.98316824436486,1,0,1,1,0,1,0,0,0,0,0,0,0,0,0,0,"C",1290,1278
-0.188769314044074,0.0655059546599614,1.23913185786297,1,0,1,1,0,1,0,0,0,0,0,0,0,0,0,0,"C",3146,1279
-0.262516351234332,0.183544202051613,0.507491095226224,1,0,1,1,0,1,0,0,0,0,0,0,0,0,0,0,"C",1594,1280
-0.311772165110679,0.0468475148761532,1.38347136830852,1,0,1,1,0,1,0,0,0,0,0,0,0,0,0,0,"C",2727,1281
-0.150383161383382,0.0139128101463263,1.30094364471479,1,0,1,1,0,1,0,0,0,0,0,0,0,0,0,0,"C",2960,1282
-0.296846876116357,0.0475940860569616,1.5222651966294,1,0,1,1,0,1,0,0,0,0,0,0,0,0,0,0,"C",3738,1283
-0.276239861963295,0.102559341141872,0.688788218632128,1,0,1,1,0,1,0,0,0,0,0,0,0,0,0,0,"C",1567,1284
-0.298421548405322,0.0320653583116512,1.25204067821659,1,0,1,1,0,1,0,0,0,0,0,0,0,0,0,0,"C",1930,1285
-0.329992829580481,0.115956829545488,0.999998564283421,1,0,1,1,0,1,0,0,0,0,0,0,0,0,0,0,"C",3714,1286
-0.295970999843877,-0.0190417635017807,2.05700781348604,1,0,1,1,0,1,0,0,0,0,0,0,0,0,0,0,"C",435,1287
-0.222059116989004,-0.044265870157402,2.20359827630773,1,0,1,1,0,1,0,0,0,0,0,0,0,0,0,0,"C",1461,1288
-0.275688568753342,-0.00230900557350142,1.82857106820108,1,0,1,1,0,1,0,0,0,0,0,0,0,0,0,0,"C",2661,1289
-0.434460396251821,-0.0721744813929127,2.17315803257863,1,0,1,1,0,1,0,0,0,0,0,0,0,0,0,0,"C",1967,1290
-0.375349768001788,-0.0581764541796996,2.11034035888312,1,0,1,1,0,1,0,0,0,0,0,0,0,0,0,0,"C",2087,1291
-0.3984818584403,0.0163626315756187,1.85810553557684,1,0,1,1,0,1,0,0,0,0,0,0,0,0,0,0,"C",2137,1292
-0.304953417112087,-0.0705044513567143,2.2088750764261,1,0,1,1,0,1,0,0,0,0,0,0,0,0,0,0,"C",2578,1293
-0.38907830326155,-0.0996274613532104,2.43607995040546,1,0,1,1,0,1,0,0,0,0,0,0,0,0,0,0,"C",899,1294
-0.444578966680795,-0.0457981619827085,2.13164559182608,1,0,1,1,0,1,0,0,0,0,0,0,0,0,0,0,"C",3030,1295
-0.296466410421852,0.0941849722593396,0.954590873028887,1,0,1,1,0,1,0,0,0,0,0,0,0,0,0,0,"C",2602,1296
-0.235905601129012,-0.0322631056728615,2.14966092060246,1,0,1,1,0,1,0,0,0,0,0,0,0,0,0,0,"C",394,1297
-0.362803535478235,0.00901676792014708,1.73027499054919,1,0,1,1,0,1,0,0,0,0,0,0,0,0,0,0,"C",3326,1298
-0.408196420653932,0.0800996629877895,1.37688922474846,1,0,1,1,0,1,0,0,0,0,0,0,0,0,0,0,"C",2240,1299
-0.278996346503989,0.0547648237161921,0.949355642402991,1,0,1,1,0,1,0,0,0,0,0,0,0,0,0,0,"D",491,1300
-0.168202268449015,0.0624609575435768,0.690300789495448,1,0,1,1,0,1,0,0,0,0,0,0,0,0,0,0,"D",3721,1301
-0.347627859659194,0.262265690346867,0.500634447638787,1,0,1,1,0,1,0,0,0,0,0,0,0,0,0,0,"D",3402,1302
-0.12444176541226,0.093222101957447,0.862959005864677,1,0,1,1,0,1,0,0,0,0,0,0,0,0,0,0,"D",368,1303
-0.339215665873392,0.110738192910284,0.880846013257603,1,0,1,1,0,1,0,0,0,0,0,0,0,0,0,0,"D",1484,1304
-0.228086245998648,0.206256565927209,1.62497317577344,1,0,1,1,0,1,0,0,0,0,0,0,0,0,0,0,"D",2487,1305
-0.263725605775934,0.146841983736836,1.60360523279941,1,0,1,1,0,1,0,0,0,0,0,0,0,0,0,0,"D",1608,1306
-0.384421802989965,0.215382347217914,-0.0404731228749916,1,0,1,1,0,1,0,0,0,0,0,0,0,0,0,0,"D",1462,1307
-0.213329994545692,0.211052366069409,0.690895161169437,1,0,1,1,0,1,0,0,0,0,0,0,0,0,0,0,"D",3495,1308
-0.166398155699683,0.0305980759677794,1.42016370148329,1,0,1,1,0,1,0,0,0,0,0,0,0,0,0,0,"D",3583,1309
0.0541900844190795,0.060536191996894,-0.0901346010325876,1,0,1,1,0,1,0,0,0,0,0,0,0,0,0,0,"D",1747,1310
-0.153884393671753,0.164589122038862,0.592370084332656,1,0,1,1,0,1,0,0,0,0,0,0,0,0,0,0,"D",344,1311
-0.255328959869839,0.230749348505643,1.34960251892195,1,0,1,1,0,1,0,0,0,0,0,0,0,0,0,0,"D",3343,1312
-0.237499605834586,0.0776053183500589,0.0835536436020534,1,0,1,1,0,1,0,0,0,0,0,0,0,0,0,0,"D",2191,1313
-0.271769780011062,0.0761363447698089,1.05174613930381,1,0,1,1,0,1,0,0,0,0,0,0,0,0,0,0,"D",2986,1314
-0.152387625370492,0.034494656832491,0.761855530348841,1,0,1,1,0,1,0,0,0,0,0,0,0,0,0,0,"D",3527,1315
-0.126786361445028,0.105724684955628,0.148702584668772,1,0,1,1,0,1,0,0,0,0,0,0,0,0,0,0,"D",3748,1316
-0.165379123782939,0.0891484358094844,0.263365740810967,1,0,1,1,0,1,0,0,0,0,0,0,0,0,0,0,"D",930,1317
-0.409133217310182,0.194821401364238,0.0906707291881573,1,0,1,1,0,1,0,0,0,0,0,0,0,0,0,0,"D",1560,1318
-0.174668044688476,0.0212260636789442,0.244141622773103,1,0,1,1,0,1,0,0,0,0,0,0,0,0,0,0,"D",1549,1319
-0.283714328003674,0.109299118645625,0.380966978200632,1,0,1,1,0,1,0,0,0,0,0,0,0,0,0,0,"D",3423,1320
-0.203252874163085,0.0095893172126309,1.31565668535115,1,0,1,1,0,1,0,0,0,0,0,0,0,0,0,0,"D",3464,1321
-0.240170892001558,0.267294974158753,1.22164735916418,1,0,1,1,0,1,0,0,0,0,0,0,0,0,0,0,"D",1646,1322
-0.273032726168216,0.0237310812626551,0.926246995644561,1,0,1,1,0,1,0,0,0,0,0,0,0,0,0,0,"D",2823,1323
-0.249904833637811,0.165681604111445,0.546386677449729,1,0,1,1,0,1,0,0,0,0,0,0,0,0,0,0,"D",2022,1324
-0.337915436776191,0.243047254383084,-0.444174488031526,1,0,1,1,0,1,0,0,0,0,0,0,0,0,0,0,"D",1255,1325
-0.038410365982209,0.099553383576657,0.651964455498467,1,0,1,1,0,1,0,0,0,0,0,0,0,0,0,0,"D",1691,1326
-0.24975812056907,0.203061096352628,-0.863730289017363,1,0,1,1,0,1,0,0,0,0,0,0,0,0,0,0,"D",3414,1327
-0.301372575616525,0.274622027845876,2.27016104601306,1,0,1,1,0,1,0,0,0,0,0,0,0,0,0,0,"D",1362,1328
-0.0906792369364055,0.0103544124815802,0.841239276925444,1,0,1,1,0,1,0,0,0,0,0,0,0,0,0,0,"D",2845,1329
-0.268957745564092,0.0924781256994322,-0.903363897496668,1,0,1,1,0,1,0,0,0,0,0,0,0,0,0,0,"D",2333,1330
-0.228388024866062,0.0708664591373381,0.367347110735678,1,0,1,1,0,1,0,0,0,0,0,0,0,0,0,0,"D",2005,1331
-0.417454418253382,0.298497994844517,1.43299213190568,1,0,1,1,0,1,0,0,0,0,0,0,0,0,0,0,"D",2937,1332
-0.285348315552324,0.088684038480755,0.835897451894935,1,0,1,1,0,1,0,0,0,0,0,0,0,0,0,0,"D",1628,1333
-0.210886356937119,0.137967979901474,1.75915963428762,1,0,1,1,0,1,0,0,0,0,0,0,0,0,0,0,"D",3122,1334
-0.138923829526467,0.0404027121365955,0.336927595813258,1,0,1,1,0,1,0,0,0,0,0,0,0,0,0,0,"D",666,1335
-0.14710076782187,0.0749219911850141,0.381214065799104,1,0,1,1,0,1,0,0,0,0,0,0,0,0,0,0,"D",1125,1336
-0.140819272888849,0.128522573021319,1.65275050051162,1,0,1,1,0,1,0,0,0,0,0,0,0,0,0,0,"D",33,1337
-0.320978894046758,0.274292517711198,2.08963256037786,1,0,1,1,0,1,0,0,0,0,0,0,0,0,0,0,"D",1671,1338
-0.206431631757255,0.140309182689797,0.948995144824265,1,0,1,1,0,1,0,0,0,0,0,0,0,0,0,0,"D",2714,1339
-0.224565600869806,0.256679616580974,1.93896209342801,1,0,1,1,0,1,0,0,0,0,0,0,0,0,0,0,"D",946,1340
-0.151954805171458,0.182057940114985,0.730893245686217,1,0,1,1,0,1,0,0,0,0,0,0,0,0,0,0,"D",2718,1341
-0.27219652870443,0.111565346153537,0.632584568887189,1,0,1,1,0,1,0,0,0,0,0,0,0,0,0,0,"D",2372,1342
-0.165109923642725,0.100603794788617,-0.628297544990673,1,0,1,1,0,1,0,0,0,0,0,0,0,0,0,0,"D",1117,1343
-0.279807908538415,0.21214657907475,0.935568948293157,1,0,1,1,0,1,0,0,0,0,0,0,0,0,0,0,"D",3186,1344
-0.366410513755801,0.191442264765815,-0.658252936612665,1,0,1,1,0,1,0,0,0,0,0,0,0,0,0,0,"D",2648,1345
-0.251628083562173,0.143113525737441,0.490814980547668,1,0,1,1,0,1,0,0,0,0,0,0,0,0,0,0,"D",3379,1346
-0.167580904112981,0.0625402002489158,0.9378248059471,1,0,1,1,0,1,0,0,0,0,0,0,0,0,0,0,"D",2742,1347
-0.326443802799295,0.210918365758288,-0.0633382586772694,1,0,1,1,0,1,0,0,0,0,0,0,0,0,0,0,"D",2336,1348
-0.209083053256156,0.10992120884805,0.15848787217219,1,0,1,1,0,1,0,0,0,0,0,0,0,0,0,0,"D",267,1349
-0.212693506928735,0.109658107060763,1.31278772680931,1,0,1,1,0,1,0,0,0,0,0,0,0,0,0,0,"D",1359,1350
-0.216609388228819,0.138995800082507,-0.953670150608881,1,0,1,1,0,1,0,0,0,0,0,0,0,0,0,0,"D",1441,1351
-0.0506445733252952,0.0855925231825614,0.53620040910316,1,0,1,1,0,1,0,0,0,0,0,0,0,0,0,0,"D",1962,1352
-0.291869375274267,0.181528779916505,1.41857074671292,1,0,1,1,0,1,0,0,0,0,0,0,0,0,0,0,"D",3717,1353
-0.199698044974985,0.131494954108649,0.66002799499072,1,0,1,1,0,1,0,0,0,0,0,0,0,0,0,0,"D",347,1354
-0.327959596668307,0.202167592719009,1.54093222590683,1,0,1,1,0,1,0,0,0,0,0,0,0,0,0,0,"D",2090,1355
-0.359294786197908,0.268860683108755,-0.986293781711171,1,0,1,1,0,1,0,0,0,0,0,0,0,0,0,0,"D",3406,1356
-0.229792850748205,0.0180710940246672,1.2429768804729,1,0,1,1,0,1,0,0,0,0,0,0,0,0,0,0,"D",2061,1357
-0.119323152220159,0.0111213190958947,1.62147176407674,1,0,1,1,0,1,0,0,0,0,0,0,0,0,0,0,"D",3699,1358
-0.321461089259394,0.225448458504121,-0.546283260967697,1,0,1,1,0,1,0,0,0,0,0,0,0,0,0,0,"D",1385,1359
-0.361507506489943,0.170489650811205,0.96085671038933,1,0,1,1,0,1,0,0,0,0,0,0,0,0,0,0,"D",729,1360
-0.395035907405344,0.174230705295309,1.2546903250541,1,0,1,1,0,1,0,0,0,0,0,0,0,0,0,0,"D",712,1361
-0.355336404337394,0.218203576505569,1.25549079487787,1,0,1,1,0,1,0,0,0,0,0,0,0,0,0,0,"D",656,1362
-0.208394205596987,0.167842710202286,-0.752674963748181,1,0,1,1,0,1,0,0,0,0,0,0,0,0,0,0,"D",1397,1363
-0.185999703583886,0.108106407169222,0.472415460861734,1,0,1,1,0,1,0,0,0,0,0,0,0,0,0,0,"D",2074,1364
-0.206714641609197,0.140161895769214,1.2019248710898,1,0,1,1,0,1,0,0,0,0,0,0,0,0,0,0,"D",857,1365
-0.269426551147928,0.0398754527315739,0.597166691864125,1,0,1,1,0,1,0,0,0,0,0,0,0,0,0,0,"D",2257,1366
-0.239296112084314,0.184751725110091,0.435938553432816,1,0,1,1,0,1,0,0,0,0,0,0,0,0,0,0,"D",1072,1367
-0.330218965543311,0.0859268143118481,-0.0672275043052348,1,0,1,1,0,1,0,0,0,0,0,0,0,0,0,0,"D",1687,1368
-0.240052037831687,0.0972928720741266,0.907424498610244,1,0,1,1,0,1,0,0,0,0,0,0,0,0,0,0,"D",2575,1369
-0.282444975878328,0.197317741697648,1.23888603575257,1,0,1,1,0,1,0,0,0,0,0,0,0,0,0,0,"D",3006,1370
-0.333248940885344,0.110273668393853,1.29934357037997,1,0,1,1,0,1,0,0,0,0,0,0,0,0,0,0,"D",3732,1371
-0.242145078758682,0.115824701262194,1.9230553527275,1,0,1,1,0,1,0,0,0,0,0,0,0,0,0,0,"D",482,1372
-0.20787210882836,0.0201437473222649,1.44434326836065,1,0,1,1,0,1,0,0,0,0,0,0,0,0,0,0,"D",1341,1373
-0.15908038276618,0.161911296811189,1.63831692481127,1,0,1,1,0,1,0,0,0,0,0,0,0,0,0,0,"D",3204,1374
-0.352601341478825,0.101142901259437,1.51746375251071,1,0,1,1,0,1,0,0,0,0,0,0,0,0,0,0,"D",1763,1375
-0.414373271801717,0.12596870717444,0.506999200564676,1,0,1,1,0,1,0,0,0,0,0,0,0,0,0,0,"D",2318,1376
-0.331304734141827,0.0406945717481094,1.25598601700413,1,0,1,1,0,1,0,0,0,0,0,0,0,0,0,0,"D",1059,1377
-0.211484071114067,0.210331599703575,0.485672714665346,1,0,1,1,0,1,0,0,0,0,0,0,0,0,0,0,"D",1290,1378
-0.414665284775033,0.0968992670552452,1.19219791210212,1,0,1,1,0,1,0,0,0,0,0,0,0,0,0,0,"D",3146,1379
-0.131067691669885,0.05721518561122,0.751437267374998,1,0,1,1,0,1,0,0,0,0,0,0,0,0,0,0,"D",1594,1380
-0.185285655103385,0.137335015589813,-0.597729122916777,1,0,1,1,0,1,0,0,0,0,0,0,0,0,0,0,"D",2727,1381
-0.318912827124397,0.148063071644142,1.40624774910715,1,0,1,1,0,1,0,0,0,0,0,0,0,0,0,0,"D",2960,1382
-0.219450145891411,0.145129692480256,0.107569619895941,1,0,1,1,0,1,0,0,0,0,0,0,0,0,0,0,"D",3738,1383
-0.244612240900702,0.149923258866946,-0.517961402622902,1,0,1,1,0,1,0,0,0,0,0,0,0,0,0,0,"D",1567,1384
-0.189139422067814,0.0761809028911797,-0.258029713669094,1,0,1,1,0,1,0,0,0,0,0,0,0,0,0,0,"D",1930,1385
-0.207085872186563,0.0243719290752129,0.763465478006214,1,0,1,1,0,1,0,0,0,0,0,0,0,0,0,0,"D",3714,1386
-0.344840657081034,0.00399544463245716,1.7895856537185,1,0,1,1,0,1,0,0,0,0,0,0,0,0,0,0,"D",435,1387
-0.298671159995338,0.241701925422193,1.18977622048998,1,0,1,1,0,1,0,0,0,0,0,0,0,0,0,0,"D",1461,1388
-0.0795662494803639,0.021662800980034,0.55314552217813,1,0,1,1,0,1,0,0,0,0,0,0,0,0,0,0,"D",2661,1389
-0.130863197327949,-0.0141288275713145,1.8311926632545,1,0,1,1,0,1,0,0,0,0,0,0,0,0,0,0,"D",1967,1390
-0.121661248035565,0.104407140089391,0.778607073193287,1,0,1,1,0,1,0,0,0,0,0,0,0,0,0,0,"D",2087,1391
-0.165245250185938,0.127746984850842,0.37182019489489,1,0,1,1,0,1,0,0,0,0,0,0,0,0,0,0,"D",2137,1392
-0.257323956893867,0.102440431476025,1.27105549718755,1,0,1,1,0,1,0,0,0,0,0,0,0,0,0,0,"D",2578,1393
-0.338785462671535,0.202547507869311,2.00175549028732,1,0,1,1,0,1,0,0,0,0,0,0,0,0,0,0,"D",899,1394
-0.21683180353011,0.220033909273657,1.05042540893091,1,0,1,1,0,1,0,0,0,0,0,0,0,0,0,0,"D",3030,1395
-0.163993813440977,0.0717621534856498,-0.160397367724118,1,0,1,1,0,1,0,0,0,0,0,0,0,0,0,0,"D",2602,1396
-0.297318623071799,0.182706949194326,-0.197193774688227,1,0,1,1,0,1,0,0,0,0,0,0,0,0,0,0,"D",394,1397
-0.297867688059752,0.099982984923413,0.962705729564368,1,0,1,1,0,1,0,0,0,0,0,0,0,0,0,0,"D",3326,1398
-0.200679818783484,0.0124872509335265,0.77780809885069,1,0,1,1,0,1,0,0,0,0,0,0,0,0,0,0,"D",2240,1399
-0.132781460497249,0.218173772916323,1.06768618189825,0,1,1,1,0,1,0,0,0,0,0,0,0,0,0,0,"C",491,1400
-0.143646328363855,0.115594798871436,1.37208216393365,0,1,1,1,0,1,0,0,0,0,0,0,0,0,0,0,"C",3721,1401
-0.0877395158001906,0.189573654317753,1.54690638586547,0,1,1,1,0,1,0,0,0,0,0,0,0,0,0,0,"C",3402,1402
-0.0903049023530152,0.148855066051613,1.62900999829627,0,1,1,1,0,1,0,0,0,0,0,0,0,0,0,0,"C",368,1403
-0.0496881134363746,0.177581501929442,1.17266278475807,0,1,1,1,0,1,0,0,0,0,0,0,0,0,0,0,"C",1484,1404
-0.0239921923344904,0.171823495247256,1.29271275335301,0,1,1,1,0,1,0,0,0,0,0,0,0,0,0,0,"C",2487,1405
-0.182739284435611,0.238831642356333,0.933679521130577,0,1,1,1,0,1,0,0,0,0,0,0,0,0,0,0,"C",1608,1406
-0.138140128353157,0.215771398296134,0.684901897482125,0,1,1,1,0,1,0,0,0,0,0,0,0,0,0,0,"C",1462,1407
-0.154514256310682,0.151352326634749,0.0623608350905994,0,1,1,1,0,1,0,0,0,0,0,0,0,0,0,0,"C",3495,1408
-0.19814497627089,0.215330621951288,0.998063008155744,0,1,1,1,0,1,0,0,0,0,0,0,0,0,0,0,"C",3583,1409
-0.14831947309271,0.136023343497063,0.83238883984329,0,1,1,1,0,1,0,0,0,0,0,0,0,0,0,0,"C",1747,1410
-0.0235569945838689,0.130956824578286,0.8910348227247,0,1,1,1,0,1,0,0,0,0,0,0,0,0,0,0,"C",344,1411
-0.0917112022657803,0.178540326628213,0.995039442917738,0,1,1,1,0,1,0,0,0,0,0,0,0,0,0,0,"C",3343,1412
-0.0336180049478664,0.168024454880672,0.305259253221495,0,1,1,1,0,1,0,0,0,0,0,0,0,0,0,0,"C",2191,1413
-0.1738247865379,0.193214706837153,1.12309598220625,0,1,1,1,0,1,0,0,0,0,0,0,0,0,0,0,"C",2986,1414
-0.0490088858167228,0.190506162556095,0.855090986203861,0,1,1,1,0,1,0,0,0,0,0,0,0,0,0,0,"C",3527,1415
-0.129968583454496,0.196171815209195,1.81795117545755,0,1,1,1,0,1,0,0,0,0,0,0,0,0,0,0,"C",3748,1416
-0.110245582359286,0.165940451710812,1.06790946926096,0,1,1,1,0,1,0,0,0,0,0,0,0,0,0,0,"C",930,1417
-0.102831900252646,0.205572177870205,1.22679107958322,0,1,1,1,0,1,0,0,0,0,0,0,0,0,0,0,"C",1560,1418
-0.15200308841346,0.183328172225729,1.25338473345641,0,1,1,1,0,1,0,0,0,0,0,0,0,0,0,0,"C",1549,1419
-0.049265394083733,0.139970744026696,0.676865286583969,0,1,1,1,0,1,0,0,0,0,0,0,0,0,0,0,"C",3423,1420
-0.0907932355597954,0.142647205555133,0.322224481505151,0,1,1,1,0,1,0,0,0,0,0,0,0,0,0,0,"C",3464,1421
-0.151520445761104,0.0667749798829389,0.218846152715254,0,1,1,1,0,1,0,0,0,0,0,0,0,0,0,0,"C",1646,1422
-0.0834632828331723,0.188761082815229,1.52562219813788,0,1,1,1,0,1,0,0,0,0,0,0,0,0,0,0,"C",2823,1423
-0.0630026838108984,0.153749669283466,0.346231182735541,0,1,1,1,0,1,0,0,0,0,0,0,0,0,0,0,"C",2022,1424
-0.088052849677998,0.107084764391969,0.470304961302037,0,1,1,1,0,1,0,0,0,0,0,0,0,0,0,0,"C",1255,1425
-0.095606505075371,0.137250715130703,0.288754909882963,0,1,1,1,0,1,0,0,0,0,0,0,0,0,0,0,"C",1691,1426
-0.147092777675365,0.200852622056611,1.1346854886845,0,1,1,1,0,1,0,0,0,0,0,0,0,0,0,0,"C",3414,1427
-0.126664056796722,0.20681460081948,1.13733518865242,0,1,1,1,0,1,0,0,0,0,0,0,0,0,0,0,"C",1362,1428
-0.17646291121058,0.17058833301293,-0.034874358052246,0,1,1,1,0,1,0,0,0,0,0,0,0,0,0,0,"C",2845,1429
-0.00990862182593334,0.150403750270399,1.36261258668578,0,1,1,1,0,1,0,0,0,0,0,0,0,0,0,0,"C",2333,1430
-0.206674674610905,0.221068217901654,0.9983547105919,0,1,1,1,0,1,0,0,0,0,0,0,0,0,0,0,"C",2005,1431
-0.0449603735886061,0.0946994174067678,0.603437056462026,0,1,1,1,0,1,0,0,0,0,0,0,0,0,0,0,"C",2937,1432
-0.166070083831218,0.249131430925033,1.18455317361494,0,1,1,1,0,1,0,0,0,0,0,0,0,0,0,0,"C",1628,1433
-0.0972635893509629,0.160998125797046,1.44871241681977,0,1,1,1,0,1,0,0,0,0,0,0,0,0,0,0,"C",3122,1434
-0.110100450298799,0.173013634982581,1.05041664381654,0,1,1,1,0,1,0,0,0,0,0,0,0,0,0,0,"C",666,1435
-0.0879697540466405,0.16481709207364,1.18092277408155,0,1,1,1,0,1,0,0,0,0,0,0,0,0,0,0,"C",1125,1436
-0.174673063611992,0.200586011579354,1.03354564730852,0,1,1,1,0,1,0,0,0,0,0,0,0,0,0,0,"C",33,1437
-0.111148792800721,0.207365971292949,0.919939287732668,0,1,1,1,0,1,0,0,0,0,0,0,0,0,0,0,"C",1671,1438
-0.0875293985124863,0.231133736979779,0.952586848580077,0,1,1,1,0,1,0,0,0,0,0,0,0,0,0,0,"C",2714,1439
-0.123663175456137,0.167449043391164,0.590515228061897,0,1,1,1,0,1,0,0,0,0,0,0,0,0,0,0,"C",946,1440
-0.172423938052108,0.215109129386469,0.990172260486096,0,1,1,1,0,1,0,0,0,0,0,0,0,0,0,0,"C",2718,1441
-0.114327613889968,0.137578395048844,1.40737521463616,0,1,1,1,0,1,0,0,0,0,0,0,0,0,0,0,"C",2372,1442
-0.0382681327868137,0.0852775299054917,1.44830225721163,0,1,1,1,0,1,0,0,0,0,0,0,0,0,0,0,"C",1117,1443
-0.189913109881592,0.148218233297698,0.35246760102448,0,1,1,1,0,1,0,0,0,0,0,0,0,0,0,0,"C",3186,1444
-0.0431675404131884,0.154471500064623,0.774292790365038,0,1,1,1,0,1,0,0,0,0,0,0,0,0,0,0,"C",2648,1445
-0.146098492235995,0.0700183733030175,-1.01087041725176,0,1,1,1,0,1,0,0,0,0,0,0,0,0,0,0,"C",3379,1446
-0.0248099065199439,0.148792958331123,0.979316550548532,0,1,1,1,0,1,0,0,0,0,0,0,0,0,0,0,"C",2742,1447
-0.103167799860519,0.167701257722496,1.20180101172135,0,1,1,1,0,1,0,0,0,0,0,0,0,0,0,0,"C",2336,1448
-0.142554430874928,0.185878299741044,0.642755330442199,0,1,1,1,0,1,0,0,0,0,0,0,0,0,0,0,"C",267,1449
-0.125721238945192,0.140547976325216,0.468322136983397,0,1,1,1,0,1,0,0,0,0,0,0,0,0,0,0,"C",1359,1450
-0.0847233871813863,0.178393483555851,1.62599465174395,0,1,1,1,0,1,0,0,0,0,0,0,0,0,0,0,"C",1441,1451
-0.166653534339809,0.116816722489378,-0.443400439626534,0,1,1,1,0,1,0,0,0,0,0,0,0,0,0,0,"C",1962,1452
-0.155084788093424,0.103045247249158,0.197194531577002,0,1,1,1,0,1,0,0,0,0,0,0,0,0,0,0,"C",3717,1453
-0.196999116303575,0.224982600122201,0.957892127053761,0,1,1,1,0,1,0,0,0,0,0,0,0,0,0,0,"C",347,1454
-0.189190780021711,0.199627116288197,-0.172112948385995,0,1,1,1,0,1,0,0,0,0,0,0,0,0,0,0,"C",2090,1455
-0.10858907718437,0.181016977695174,0.426819918745353,0,1,1,1,0,1,0,0,0,0,0,0,0,0,0,0,"C",3406,1456
-0.14325838664125,0.189712381281224,1.57568114031531,0,1,1,1,0,1,0,0,0,0,0,0,0,0,0,0,"C",2061,1457
-0.112258899836893,0.21254765208815,0.851817507279696,0,1,1,1,0,1,0,0,0,0,0,0,0,0,0,0,"C",3699,1458
-0.144594310235123,0.168561605372453,0.622882514742441,0,1,1,1,0,1,0,0,0,0,0,0,0,0,0,0,"C",1385,1459
-0.115418441900376,0.147567065530433,0.61847654296043,0,1,1,1,0,1,0,0,0,0,0,0,0,0,0,0,"C",729,1460
-0.0991295111465141,0.125833930256258,0.0901650325335874,0,1,1,1,0,1,0,0,0,0,0,0,0,0,0,0,"C",712,1461
-0.153209762010005,0.24332427465215,1.45293526981654,0,1,1,1,0,1,0,0,0,0,0,0,0,0,0,0,"C",656,1462
-0.165036773532653,0.200236137468113,0.718971193049383,0,1,1,1,0,1,0,0,0,0,0,0,0,0,0,0,"C",1397,1463
-0.186216815024962,0.249782117155169,0.93957737435589,0,1,1,1,0,1,0,0,0,0,0,0,0,0,0,0,"C",2074,1464
-0.14442340998911,0.169807336686737,1.11860109479629,0,1,1,1,0,1,0,0,0,0,0,0,0,0,0,0,"C",857,1465
-0.118099124791181,0.19059043417245,0.233087980580067,0,1,1,1,0,1,0,0,0,0,0,0,0,0,0,0,"C",2257,1466
-0.136486866865486,0.117888491189478,0.0621765165112838,0,1,1,1,0,1,0,0,0,0,0,0,0,0,0,0,"C",1072,1467
-0.145218307716409,0.17631036374813,0.85642475127759,0,1,1,1,0,1,0,0,0,0,0,0,0,0,0,0,"C",1687,1468
-0.0957231302212285,0.187503528279001,1.66641731259749,0,1,1,1,0,1,0,0,0,0,0,0,0,0,0,0,"C",2575,1469
-0.195307720321441,0.282030152766338,0.973581739678672,0,1,1,1,0,1,0,0,0,0,0,0,0,0,0,0,"C",3006,1470
-0.121562822892287,0.173564959439873,1.47354464588091,0,1,1,1,0,1,0,0,0,0,0,0,0,0,0,0,"C",3732,1471
-0.141533273481363,0.17384511896737,1.01697544245409,0,1,1,1,0,1,0,0,0,0,0,0,0,0,0,0,"C",482,1472
-0.0972911764607807,0.162913663689573,0.75661318631402,0,1,1,1,0,1,0,0,0,0,0,0,0,0,0,0,"C",1341,1473
-0.193970832964335,0.23939104746952,1.43806590796446,0,1,1,1,0,1,0,0,0,0,0,0,0,0,0,0,"C",3204,1474
-0.0878523334283295,0.126441934785162,1.98606530034914,0,1,1,1,0,1,0,0,0,0,0,0,0,0,0,0,"C",1763,1475
-0.0655636842973197,0.158178880850456,1.68940680654898,0,1,1,1,0,1,0,0,0,0,0,0,0,0,0,0,"C",2318,1476
-0.117422222701057,0.223749915207231,1.26381468799157,0,1,1,1,0,1,0,0,0,0,0,0,0,0,0,0,"C",1059,1477
-0.0943208800456868,0.190301623515471,1.0751883226722,0,1,1,1,0,1,0,0,0,0,0,0,0,0,0,0,"C",1290,1478
-0.167921815907836,0.208486852105308,1.12496940858338,0,1,1,1,0,1,0,0,0,0,0,0,0,0,0,0,"C",3146,1479
-0.0815896710833111,0.176423552919953,1.61764358955632,0,1,1,1,0,1,0,0,0,0,0,0,0,0,0,0,"C",1594,1480
-0.0223378845749814,0.133041644404114,1.25751109154364,0,1,1,1,0,1,0,0,0,0,0,0,0,0,0,0,"C",2727,1481
-0.0751838252098241,0.12793041189102,1.07312357231027,0,1,1,1,0,1,0,0,0,0,0,0,0,0,0,0,"C",2960,1482
-0.155558512893611,0.19799972399718,1.64856121316135,0,1,1,1,0,1,0,0,0,0,0,0,0,0,0,0,"C",3738,1483
-0.217077685610494,0.153678870601234,0.969343664427025,0,1,1,1,0,1,0,0,0,0,0,0,0,0,0,0,"C",1567,1484
-0.196853880249993,0.080622138317001,-0.314867819056206,0,1,1,1,0,1,0,0,0,0,0,0,0,0,0,0,"C",1930,1485
-0.228194587390879,0.220789830587477,0.736908560749316,0,1,1,1,0,1,0,0,0,0,0,0,0,0,0,0,"C",3714,1486
-0.160643006544735,0.234504268429334,0.942827861687473,0,1,1,1,0,1,0,0,0,0,0,0,0,0,0,0,"C",435,1487
-0.160159561424724,0.0900992359955794,0.100116211471905,0,1,1,1,0,1,0,0,0,0,0,0,0,0,0,0,"C",1461,1488
-0.0255820939933286,0.129910371845382,1.44649991209976,0,1,1,1,0,1,0,0,0,0,0,0,0,0,0,0,"C",2661,1489
-0.074233399345003,0.167435218625201,1.55784267259922,0,1,1,1,0,1,0,0,0,0,0,0,0,0,0,0,"C",1967,1490
-0.211598353054755,0.185495367722641,0.432567148860537,0,1,1,1,0,1,0,0,0,0,0,0,0,0,0,0,"C",2087,1491
-0.100949244426564,0.184509022821,1.40550286187948,0,1,1,1,0,1,0,0,0,0,0,0,0,0,0,0,"C",2137,1492
-0.0766759539574755,0.139354124087384,1.11018701683205,0,1,1,1,0,1,0,0,0,0,0,0,0,0,0,0,"C",2578,1493
-0.160814668785395,0.193296968290352,0.260134054632571,0,1,1,1,0,1,0,0,0,0,0,0,0,0,0,0,"C",899,1494
-0.25289694815229,0.25304703080527,0.595431434482999,0,1,1,1,0,1,0,0,0,0,0,0,0,0,0,0,"C",3030,1495
-0.204950841987224,0.218524921844452,0.142101165023678,0,1,1,1,0,1,0,0,0,0,0,0,0,0,0,0,"C",2602,1496
-0.0761148085903484,0.145015924292272,1.1446207798032,0,1,1,1,0,1,0,0,0,0,0,0,0,0,0,0,"C",394,1497
-0.0297687117407638,0.118778845616137,1.40023446527085,0,1,1,1,0,1,0,0,0,0,0,0,0,0,0,0,"C",3326,1498
-0.153309257145974,0.241944304252855,1.82474964012046,0,1,1,1,0,1,0,0,0,0,0,0,0,0,0,0,"C",2240,1499
-0.101967407688376,0.167112311647828,-0.109688317008757,0,1,1,1,0,1,0,0,0,0,0,0,0,0,0,0,"D",491,1500
0.0481230377569702,0.0774277397996685,-0.478019885421226,0,1,1,1,0,1,0,0,0,0,0,0,0,0,0,0,"D",3721,1501
-0.0235130281788202,0.253440038336695,1.73218990097928,0,1,1,1,0,1,0,0,0,0,0,0,0,0,0,0,"D",3402,1502
0.0435244562536541,0.0366655747731773,0.378907142669852,0,1,1,1,0,1,0,0,0,0,0,0,0,0,0,0,"D",368,1503
-0.102431076788814,0.122942627909079,-1.50948823140684,0,1,1,1,0,1,0,0,0,0,0,0,0,0,0,0,"D",1484,1504
-0.188913163623907,0.159761765041914,-1.39635281066066,0,1,1,1,0,1,0,0,0,0,0,0,0,0,0,0,"D",2487,1505
-0.229503219111001,0.179967794098793,-2.10288630042236,0,1,1,1,0,1,0,0,0,0,0,0,0,0,0,0,"D",1608,1506
-0.0411768819342385,0.100261663218836,-1.01759244533078,0,1,1,1,0,1,0,0,0,0,0,0,0,0,0,0,"D",1462,1507
-0.116530858222369,0.0892775875103144,-0.589562692870164,0,1,1,1,0,1,0,0,0,0,0,0,0,0,0,0,"D",3495,1508
-0.17288095896021,0.191238655870247,0.358877021381825,0,1,1,1,0,1,0,0,0,0,0,0,0,0,0,0,"D",3583,1509
-0.204440216590047,0.240177356460499,1.57195879075246,0,1,1,1,0,1,0,0,0,0,0,0,0,0,0,0,"D",1747,1510
-0.0715844750841226,0.141140232634871,-1.72257644967216,0,1,1,1,0,1,0,0,0,0,0,0,0,0,0,0,"D",344,1511
-0.168344216613372,0.10174250567343,-0.387411929221952,0,1,1,1,0,1,0,0,0,0,0,0,0,0,0,0,"D",3343,1512
0.0812199208051969,0.17782167611041,-0.19071995054491,0,1,1,1,0,1,0,0,0,0,0,0,0,0,0,0,"D",2191,1513
0.000767724485961727,0.120174135160516,-1.15649163210087,0,1,1,1,0,1,0,0,0,0,0,0,0,0,0,0,"D",2986,1514
0.0223582820641148,0.074916665509048,1.69863947035528,0,1,1,1,0,1,0,0,0,0,0,0,0,0,0,0,"D",3527,1515
-0.104326538436777,0.139254811133911,1.94418995446649,0,1,1,1,0,1,0,0,0,0,0,0,0,0,0,0,"D",3748,1516
0.0258064039786705,0.154972411201566,-0.77701077392775,0,1,1,1,0,1,0,0,0,0,0,0,0,0,0,0,"D",930,1517
-0.043258061954884,0.146834953882348,-0.861784413537114,0,1,1,1,0,1,0,0,0,0,0,0,0,0,0,0,"D",1560,1518
-0.0153246762015317,0.0958719135107046,-2.1594121345018,0,1,1,1,0,1,0,0,0,0,0,0,0,0,0,0,"D",1549,1519
-0.179932133339058,0.260092726926935,-1.84184617089605,0,1,1,1,0,1,0,0,0,0,0,0,0,0,0,0,"D",3423,1520
-0.164594460879346,0.117314012070377,-0.0811190921587979,0,1,1,1,0,1,0,0,0,0,0,0,0,0,0,0,"D",3464,1521
-0.0577477030012773,0.113453333861563,0.977739578222906,0,1,1,1,0,1,0,0,0,0,0,0,0,0,0,0,"D",1646,1522
0.0590107916440479,0.128897767842376,0.319507622017606,0,1,1,1,0,1,0,0,0,0,0,0,0,0,0,0,"D",2823,1523
-0.0730173924668905,0.145044127111266,-1.01637727714794,0,1,1,1,0,1,0,0,0,0,0,0,0,0,0,0,"D",2022,1524
-0.0851321107660289,0.0952389524064155,0.0553038363534322,0,1,1,1,0,1,0,0,0,0,0,0,0,0,0,0,"D",1255,1525
0.161479365013779,0.0536960009654376,1.87919358817557,0,1,1,1,0,1,0,0,0,0,0,0,0,0,0,0,"D",1691,1526
-0.209493590747409,0.204930266725486,-1.72388118334379,0,1,1,1,0,1,0,0,0,0,0,0,0,0,0,0,"D",3414,1527
-0.109458689396994,0.0876474403347167,1.4434892003226,0,1,1,1,0,1,0,0,0,0,0,0,0,0,0,0,"D",1362,1528
0.0473663295629394,0.152026721308324,-2.24392182236238,0,1,1,1,0,1,0,0,0,0,0,0,0,0,0,0,"D",2845,1529
-0.185972433009512,0.238673136580248,1.11089029015169,0,1,1,1,0,1,0,0,0,0,0,0,0,0,0,0,"D",2333,1530
-0.00303297817589634,0.145454040723291,0.962843005605182,0,1,1,1,0,1,0,0,0,0,0,0,0,0,0,0,"D",2005,1531
-0.0980979323374186,0.159887172043085,-0.568681354292584,0,1,1,1,0,1,0,0,0,0,0,0,0,0,0,0,"D",2937,1532
-0.110678845874511,0.0951026159982239,-0.0947106118526824,0,1,1,1,0,1,0,0,0,0,0,0,0,0,0,0,"D",1628,1533
-0.0914864686864573,0.210381513469044,-0.460949871469869,0,1,1,1,0,1,0,0,0,0,0,0,0,0,0,0,"D",3122,1534
-0.0534909891780411,0.188229467424595,-0.765807027431973,0,1,1,1,0,1,0,0,0,0,0,0,0,0,0,0,"D",666,1535
-0.0375288171500685,0.102305947490532,-0.984023781582779,0,1,1,1,0,1,0,0,0,0,0,0,0,0,0,0,"D",1125,1536
0.157122482299135,0.138993440675702,0.656712142808216,0,1,1,1,0,1,0,0,0,0,0,0,0,0,0,0,"D",33,1537
-0.110302044606912,0.155202599703268,-1.12090449545997,0,1,1,1,0,1,0,0,0,0,0,0,0,0,0,0,"D",1671,1538
-0.142742165940755,0.24035289499222,-0.669254579769705,0,1,1,1,0,1,0,0,0,0,0,0,0,0,0,0,"D",2714,1539
-0.13384674194001,0.142679112253526,-0.0918710126089941,0,1,1,1,0,1,0,0,0,0,0,0,0,0,0,0,"D",946,1540
-0.0973995917020855,0.0838109962809458,0.833545311122634,0,1,1,1,0,1,0,0,0,0,0,0,0,0,0,0,"D",2718,1541
-0.145703081060581,0.108555105788131,-2.32741050822229,0,1,1,1,0,1,0,0,0,0,0,0,0,0,0,0,"D",2372,1542
-0.11460216485087,0.123761438225929,-0.816905779434118,0,1,1,1,0,1,0,0,0,0,0,0,0,0,0,0,"D",1117,1543
-0.0135582113264714,0.109444871310652,-0.765788893705444,0,1,1,1,0,1,0,0,0,0,0,0,0,0,0,0,"D",3186,1544
-0.0883838434430202,0.199901046851366,-0.361885177290833,0,1,1,1,0,1,0,0,0,0,0,0,0,0,0,0,"D",2648,1545
-0.301906848071875,0.271910445092301,-0.897406734377932,0,1,1,1,0,1,0,0,0,0,0,0,0,0,0,0,"D",3379,1546
-0.0930739644617692,0.135920344468394,-0.183592820045331,0,1,1,1,0,1,0,0,0,0,0,0,0,0,0,0,"D",2742,1547
0.195683526682551,0.146029814142324,-1.87809277058615,0,1,1,1,0,1,0,0,0,0,0,0,0,0,0,0,"D",2336,1548
0.0120839799416553,0.0587192451188998,1.15872754593322,0,1,1,1,0,1,0,0,0,0,0,0,0,0,0,0,"D",267,1549
0.0510895410268232,0.102447541141345,1.26404023743021,0,1,1,1,0,1,0,0,0,0,0,0,0,0,0,0,"D",1359,1550
0.00315890106759028,0.0941851830611523,-2.40120639148747,0,1,1,1,0,1,0,0,0,0,0,0,0,0,0,0,"D",1441,1551
-0.144292324762293,0.130840613061761,-2.44379899652406,0,1,1,1,0,1,0,0,0,0,0,0,0,0,0,0,"D",1962,1552
-0.041987525358307,0.140413220755447,-2.54657759509478,0,1,1,1,0,1,0,0,0,0,0,0,0,0,0,0,"D",3717,1553
-0.191398925444958,0.229286058254736,-0.0922939048117636,0,1,1,1,0,1,0,0,0,0,0,0,0,0,0,0,"D",347,1554
-0.136610417461114,0.171246532054458,-0.979969386398464,0,1,1,1,0,1,0,0,0,0,0,0,0,0,0,0,"D",2090,1555
0.0293052423669469,0.151878881675886,0.620763437583547,0,1,1,1,0,1,0,0,0,0,0,0,0,0,0,0,"D",3406,1556
-0.0384070684005293,0.216115186592884,0.207526530732505,0,1,1,1,0,1,0,0,0,0,0,0,0,0,0,0,"D",2061,1557
-0.0524733424786436,0.115812553828442,1.11815613856565,0,1,1,1,0,1,0,0,0,0,0,0,0,0,0,0,"D",3699,1558
-0.0856462832064862,0.20752195542355,-0.839884756765388,0,1,1,1,0,1,0,0,0,0,0,0,0,0,0,0,"D",1385,1559
-0.0591130000606752,0.081822293963435,-1.69878891325924,0,1,1,1,0,1,0,0,0,0,0,0,0,0,0,0,"D",729,1560
-0.0446028976144326,0.117576573135053,-0.873983233900283,0,1,1,1,0,1,0,0,0,0,0,0,0,0,0,0,"D",712,1561
-0.0661983462664373,0.175723974202901,-0.623569355244788,0,1,1,1,0,1,0,0,0,0,0,0,0,0,0,0,"D",656,1562
-0.0790521004175162,0.124210215254773,0.284961745065683,0,1,1,1,0,1,0,0,0,0,0,0,0,0,0,0,"D",1397,1563
-0.0669002196699901,0.109193436809511,-2.48333709729564,0,1,1,1,0,1,0,0,0,0,0,0,0,0,0,0,"D",2074,1564
-0.18673783410056,0.215157587292281,0.750737551101277,0,1,1,1,0,1,0,0,0,0,0,0,0,0,0,0,"D",857,1565
-0.19739185336617,0.261020126458027,0.14548987609111,0,1,1,1,0,1,0,0,0,0,0,0,0,0,0,0,"D",2257,1566
-0.166756284382171,0.183468167747874,0.496423949225094,0,1,1,1,0,1,0,0,0,0,0,0,0,0,0,0,"D",1072,1567
-0.0154314388493786,0.138143601480472,0.732347358853498,0,1,1,1,0,1,0,0,0,0,0,0,0,0,0,0,"D",1687,1568
0.0293751614252544,0.129555853072733,-1.50664080491381,0,1,1,1,0,1,0,0,0,0,0,0,0,0,0,0,"D",2575,1569
-0.233383215828761,0.191642853909318,1.86118933484527,0,1,1,1,0,1,0,0,0,0,0,0,0,0,0,0,"D",3006,1570
-0.101556933336064,0.209226449258874,-0.127183347539959,0,1,1,1,0,1,0,0,0,0,0,0,0,0,0,0,"D",3732,1571
-0.127594126914639,0.158628563015243,-0.363100422965132,0,1,1,1,0,1,0,0,0,0,0,0,0,0,0,0,"D",482,1572
-0.00201064016937811,0.144157082690771,-1.4712660774298,0,1,1,1,0,1,0,0,0,0,0,0,0,0,0,0,"D",1341,1573
-0.0776320724051353,0.119574083265517,-1.10033954454436,0,1,1,1,0,1,0,0,0,0,0,0,0,0,0,0,"D",3204,1574
-0.109099432003958,0.136749585958747,-2.20275382061006,0,1,1,1,0,1,0,0,0,0,0,0,0,0,0,0,"D",1763,1575
-0.168084702564853,0.131578790742604,-0.102633292231046,0,1,1,1,0,1,0,0,0,0,0,0,0,0,0,0,"D",2318,1576
-0.115980564964183,0.220408115001204,2.37859519171697,0,1,1,1,0,1,0,0,0,0,0,0,0,0,0,0,"D",1059,1577
-0.226601179688308,0.203544942304206,-1.81026248618038,0,1,1,1,0,1,0,0,0,0,0,0,0,0,0,0,"D",1290,1578
-0.0308114022341078,0.14645414171391,-0.198843141129857,0,1,1,1,0,1,0,0,0,0,0,0,0,0,0,0,"D",3146,1579
-0.208469396592934,0.231139764432902,0.968641682669294,0,1,1,1,0,1,0,0,0,0,0,0,0,0,0,0,"D",1594,1580
-0.0552440199829359,0.182293157561359,-1.96027045524291,0,1,1,1,0,1,0,0,0,0,0,0,0,0,0,0,"D",2727,1581
-0.0177555453758498,0.1582402020077,-0.715213211247421,0,1,1,1,0,1,0,0,0,0,0,0,0,0,0,0,"D",2960,1582
-0.0484611844036664,0.0738041475756355,-0.187694259328358,0,1,1,1,0,1,0,0,0,0,0,0,0,0,0,0,"D",3738,1583
-0.0719663063432878,0.194327700580537,-1.05256504080021,0,1,1,1,0,1,0,0,0,0,0,0,0,0,0,0,"D",1567,1584
-0.0685701387339135,0.172144120966801,-1.05285753612867,0,1,1,1,0,1,0,0,0,0,0,0,0,0,0,0,"D",1930,1585
-0.0858354909757119,0.0724347633277231,1.59943498126152,0,1,1,1,0,1,0,0,0,0,0,0,0,0,0,0,"D",3714,1586
-0.0502512644310497,0.278446975418294,-0.656422199525634,0,1,1,1,0,1,0,0,0,0,0,0,0,0,0,0,"D",435,1587
0.0517426368748497,0.0817363771797487,-0.00830348367123663,0,1,1,1,0,1,0,0,0,0,0,0,0,0,0,0,"D",1461,1588
-0.00334148854944552,0.0910564054778367,1.27382635906101,0,1,1,1,0,1,0,0,0,0,0,0,0,0,0,0,"D",2661,1589
-0.0975150724360644,0.16544021904614,-1.9205412025172,0,1,1,1,0,1,0,0,0,0,0,0,0,0,0,0,"D",1967,1590
-0.0862641538420822,0.187151723303059,-0.283413953990925,0,1,1,1,0,1,0,0,0,0,0,0,0,0,0,0,"D",2087,1591
-0.119117337461809,0.123071657663436,-2.01852400578267,0,1,1,1,0,1,0,0,0,0,0,0,0,0,0,0,"D",2137,1592
-0.0403728279323118,0.157053269327302,-1.53145024694843,0,1,1,1,0,1,0,0,0,0,0,0,0,0,0,0,"D",2578,1593
-0.168351250407907,0.118715767093588,-0.407317161907681,0,1,1,1,0,1,0,0,0,0,0,0,0,0,0,0,"D",899,1594
-0.203932058893187,0.152690822916075,0.489648970895823,0,1,1,1,0,1,0,0,0,0,0,0,0,0,0,0,"D",3030,1595
0.0354649111796714,0.167915470176871,-1.66343463261552,0,1,1,1,0,1,0,0,0,0,0,0,0,0,0,0,"D",2602,1596
0.00869118759062631,0.101535684907724,0.981839336159197,0,1,1,1,0,1,0,0,0,0,0,0,0,0,0,0,"D",394,1597
-0.0221595967410496,0.0877698129524235,0.303611179136762,0,1,1,1,0,1,0,0,0,0,0,0,0,0,0,0,"D",3326,1598
-0.0464951320566463,0.216738032144107,-1.53427536148556,0,1,1,1,0,1,0,0,0,0,0,0,0,0,0,0,"D",2240,1599
-0.206117574792748,0.0894435336067281,1.71971644104416,0,0,1,1,1,1,0,0,0,0,0,0,0,0,0,0,"C",491,1600
-0.202800647627708,0.085305988282079,1.65029150318247,0,0,1,1,1,1,0,0,0,0,0,0,0,0,0,0,"C",3721,1601
-0.225900751300814,0.0910110082657115,1.35560501437966,0,0,1,1,1,1,0,0,0,0,0,0,0,0,0,0,"C",3402,1602
-0.192792180337291,0.0724416069173398,1.48045780247177,0,0,1,1,1,1,0,0,0,0,0,0,0,0,0,0,"C",368,1603
-0.151046897769235,0.0700240891213888,1.58471893538619,0,0,1,1,1,1,0,0,0,0,0,0,0,0,0,0,"C",1484,1604
-0.206829278872042,0.0600350399079399,1.33409583172273,0,0,1,1,1,1,0,0,0,0,0,0,0,0,0,0,"C",2487,1605
-0.245438734640132,0.0768942624970573,1.32785427834935,0,0,1,1,1,1,0,0,0,0,0,0,0,0,0,0,"C",1608,1606
-0.228532542844245,0.126497465569231,1.08420422824883,0,0,1,1,1,1,0,0,0,0,0,0,0,0,0,0,"C",1462,1607
-0.201867338001724,0.0910995467196313,1.17271805509756,0,0,1,1,1,1,0,0,0,0,0,0,0,0,0,0,"C",3495,1608
-0.188794193062724,0.0694558818209378,1.36835552893506,0,0,1,1,1,1,0,0,0,0,0,0,0,0,0,0,"C",3583,1609
-0.204314802934375,0.0865602986927918,1.04496962121762,0,0,1,1,1,1,0,0,0,0,0,0,0,0,0,0,"C",1747,1610
-0.167813672221397,0.0287337410897511,1.56530601071206,0,0,1,1,1,1,0,0,0,0,0,0,0,0,0,0,"C",344,1611
-0.149420320614543,0.00930221924998656,1.7531635543506,0,0,1,1,1,1,0,0,0,0,0,0,0,0,0,0,"C",3343,1612
-0.136010817122971,0.0587740317095069,1.38838518225121,0,0,1,1,1,1,0,0,0,0,0,0,0,0,0,0,"C",2191,1613
-0.17726436678163,0.0796093254805337,1.56584904918431,0,0,1,1,1,1,0,0,0,0,0,0,0,0,0,0,"C",2986,1614
-0.161010461092282,0.0823133652054783,1.204058509725,0,0,1,1,1,1,0,0,0,0,0,0,0,0,0,0,"C",3527,1615
-0.226058474638232,0.110553449957275,1.66629974517423,0,0,1,1,1,1,0,0,0,0,0,0,0,0,0,0,"C",3748,1616
-0.198408298574676,0.0676664262286216,1.54516897554799,0,0,1,1,1,1,0,0,0,0,0,0,0,0,0,0,"C",930,1617
-0.183110621467529,0.0528446185856972,1.56391386040454,0,0,1,1,1,1,0,0,0,0,0,0,0,0,0,0,"C",1560,1618
-0.196817308635205,0.0675329393607049,1.35812776606885,0,0,1,1,1,1,0,0,0,0,0,0,0,0,0,0,"C",1549,1619
-0.188868921575569,0.0348889800849077,1.30322381675104,0,0,1,1,1,1,0,0,0,0,0,0,0,0,0,0,"C",3423,1620
-0.176349810563405,0.0292959343401092,1.62332516390809,0,0,1,1,1,1,0,0,0,0,0,0,0,0,0,0,"C",3464,1621
-0.217359213930419,0.0580211656127407,1.45736390123698,0,0,1,1,1,1,0,0,0,0,0,0,0,0,0,0,"C",1646,1622
-0.172427641401555,0.0726975724948945,1.65709221413367,0,0,1,1,1,1,0,0,0,0,0,0,0,0,0,0,"C",2823,1623
-0.160073795961141,0.0154389224571918,1.8474790946577,0,0,1,1,1,1,0,0,0,0,0,0,0,0,0,0,"C",2022,1624
-0.208070043082747,0.0688396012113824,1.39532783967297,0,0,1,1,1,1,0,0,0,0,0,0,0,0,0,0,"C",1255,1625
-0.211215209620319,0.117080157503554,1.56222924706438,0,0,1,1,1,1,0,0,0,0,0,0,0,0,0,0,"C",1691,1626
-0.200269765305929,0.0688762918759745,1.39223608656518,0,0,1,1,1,1,0,0,0,0,0,0,0,0,0,0,"C",3414,1627
-0.209183797135235,0.115964136485825,1.60508836093593,0,0,1,1,1,1,0,0,0,0,0,0,0,0,0,0,"C",1362,1628
-0.182709682407531,0.0809132434810683,1.49591503851803,0,0,1,1,1,1,0,0,0,0,0,0,0,0,0,0,"C",2845,1629
-0.174073734676498,0.0673122722643531,1.43715853271847,0,0,1,1,1,1,0,0,0,0,0,0,0,0,0,0,"C",2333,1630
-0.1645687657577,0.0999722157762889,2.11592010369393,0,0,1,1,1,1,0,0,0,0,0,0,0,0,0,0,"C",2005,1631
-0.158674087596009,0.0205960044543856,1.73271339313991,0,0,1,1,1,1,0,0,0,0,0,0,0,0,0,0,"C",2937,1632
-0.197784118918017,0.113421662400917,1.59926963870113,0,0,1,1,1,1,0,0,0,0,0,0,0,0,0,0,"C",1628,1633
-0.182695857227927,0.0611259710835213,1.49562227702564,0,0,1,1,1,1,0,0,0,0,0,0,0,0,0,0,"C",3122,1634
-0.186056748329897,0.0886917229800679,1.26083220040266,0,0,1,1,1,1,0,0,0,0,0,0,0,0,0,0,"C",666,1635
-0.197515483408937,0.0744262156160192,1.63776077766555,0,0,1,1,1,1,0,0,0,0,0,0,0,0,0,0,"C",1125,1636
-0.1746175762979,0.0745142733462024,1.33940078216223,0,0,1,1,1,1,0,0,0,0,0,0,0,0,0,0,"C",33,1637
-0.198266655645937,0.100672752591759,1.54772152133674,0,0,1,1,1,1,0,0,0,0,0,0,0,0,0,0,"C",1671,1638
-0.191723516431973,0.0717276137431589,1.31524588055144,0,0,1,1,1,1,0,0,0,0,0,0,0,0,0,0,"C",2714,1639
-0.134391436277553,0.0489373517034334,1.10140493240651,0,0,1,1,1,1,0,0,0,0,0,0,0,0,0,0,"C",946,1640
-0.177024216792381,0.101460017907605,1.81412833946833,0,0,1,1,1,1,0,0,0,0,0,0,0,0,0,0,"C",2718,1641
-0.168923029507312,0.0822185906573593,1.42286599156343,0,0,1,1,1,1,0,0,0,0,0,0,0,0,0,0,"C",2372,1642
-0.17588970496648,0.0635452172638186,1.47805755844432,0,0,1,1,1,1,0,0,0,0,0,0,0,0,0,0,"C",1117,1643
-0.185240393391363,0.052658362802158,1.34123940163663,0,0,1,1,1,1,0,0,0,0,0,0,0,0,0,0,"C",3186,1644
-0.124048565731768,0.0580491492325235,1.37665873955804,0,0,1,1,1,1,0,0,0,0,0,0,0,0,0,0,"C",2648,1645
-0.167071138501615,0.0507825894441455,1.61065231121194,0,0,1,1,1,1,0,0,0,0,0,0,0,0,0,0,"C",3379,1646
-0.115008175797064,0.0340297530304816,1.28780850266178,0,0,1,1,1,1,0,0,0,0,0,0,0,0,0,0,"C",2742,1647
-0.175402138725051,0.0893262371954751,1.3465086996753,0,0,1,1,1,1,0,0,0,0,0,0,0,0,0,0,"C",2336,1648
-0.203308554861533,0.0775412922952115,1.21093397721437,0,0,1,1,1,1,0,0,0,0,0,0,0,0,0,0,"C",267,1649
-0.149832152494197,0.0557442317719217,1.42804441425718,0,0,1,1,1,1,0,0,0,0,0,0,0,0,0,0,"C",1359,1650
-0.221507241111444,0.0772329370785936,1.28280119310268,0,0,1,1,1,1,0,0,0,0,0,0,0,0,0,0,"C",1441,1651
-0.18445593799452,0.0663907867600614,1.21549686152157,0,0,1,1,1,1,0,0,0,0,0,0,0,0,0,0,"C",1962,1652
-0.221624079916458,0.106597595623493,1.7345985292866,0,0,1,1,1,1,0,0,0,0,0,0,0,0,0,0,"C",3717,1653
-0.195275945340106,0.0826256082231992,1.3836811762123,0,0,1,1,1,1,0,0,0,0,0,0,0,0,0,0,"C",347,1654
-0.192393836274197,0.0711027582556899,1.32530986126311,0,0,1,1,1,1,0,0,0,0,0,0,0,0,0,0,"C",2090,1655
-0.163117628181139,0.0573475554167939,1.2275111298127,0,0,1,1,1,1,0,0,0,0,0,0,0,0,0,0,"C",3406,1656
-0.240369271439569,0.0519505137784888,1.61809872448813,0,0,1,1,1,1,0,0,0,0,0,0,0,0,0,0,"C",2061,1657
-0.22651681540166,0.0751556096398537,1.31626063084167,0,0,1,1,1,1,0,0,0,0,0,0,0,0,0,0,"C",3699,1658
-0.194570722839063,0.043218446866186,1.23016290447317,0,0,1,1,1,1,0,0,0,0,0,0,0,0,0,0,"C",1385,1659
-0.191034107133185,0.0331799793967137,1.61271057217775,0,0,1,1,1,1,0,0,0,0,0,0,0,0,0,0,"C",729,1660
-0.14156014741586,0.0323719064399524,1.57804307191324,0,0,1,1,1,1,0,0,0,0,0,0,0,0,0,0,"C",712,1661
-0.201809735358549,0.106392598708221,1.78349581683298,0,0,1,1,1,1,0,0,0,0,0,0,0,0,0,0,"C",656,1662
-0.172187793400711,0.0675486597657153,1.31034458736666,0,0,1,1,1,1,0,0,0,0,0,0,0,0,0,0,"C",1397,1663
-0.184225976794859,0.0661968508600006,1.43631307059367,0,0,1,1,1,1,0,0,0,0,0,0,0,0,0,0,"C",2074,1664
-0.178545308685844,0.0995689855834121,1.73546787114362,0,0,1,1,1,1,0,0,0,0,0,0,0,0,0,0,"C",857,1665
-0.136130161878849,0.0647678534511473,1.37752493349766,0,0,1,1,1,1,0,0,0,0,0,0,0,0,0,0,"C",2257,1666
-0.119148552617059,0.0180935377061173,1.54398675370912,0,0,1,1,1,1,0,0,0,0,0,0,0,0,0,0,"C",1072,1667
-0.185204266679433,0.0674886898864776,1.34334319094957,0,0,1,1,1,1,0,0,0,0,0,0,0,0,0,0,"C",1687,1668
-0.211791944270356,0.063990926815108,1.63131302551442,0,0,1,1,1,1,0,0,0,0,0,0,0,0,0,0,"C",2575,1669
-0.232375269630779,0.0748629551256561,1.49025963660034,0,0,1,1,1,1,0,0,0,0,0,0,0,0,0,0,"C",3006,1670
-0.215724178874622,0.0670771197141024,1.4245417477858,0,0,1,1,1,1,0,0,0,0,0,0,0,0,0,0,"C",3732,1671
-0.20171513173815,0.05099448650652,1.42926064502764,0,0,1,1,1,1,0,0,0,0,0,0,0,0,0,0,"C",482,1672
-0.151042092481842,0.0257022920979607,1.54888157035814,0,0,1,1,1,1,0,0,0,0,0,0,0,0,0,0,"C",1341,1673
-0.22623709750763,0.0947676859657341,1.74398402749788,0,0,1,1,1,1,0,0,0,0,0,0,0,0,0,0,"C",3204,1674
-0.151834993279424,0.0744389288934863,1.52450284080046,0,0,1,1,1,1,0,0,0,0,0,0,0,0,0,0,"C",1763,1675
-0.183747090079382,0.0727899359036518,1.63496145357042,0,0,1,1,1,1,0,0,0,0,0,0,0,0,0,0,"C",2318,1676
-0.199403714740809,0.071678946728937,1.13749521425515,0,0,1,1,1,1,0,0,0,0,0,0,0,0,0,0,"C",1059,1677
-0.164746867821665,0.0586860414455252,1.18818941382805,0,0,1,1,1,1,0,0,0,0,0,0,0,0,0,0,"C",1290,1678
-0.215088671268025,0.0958386397787598,1.70664477658831,0,0,1,1,1,1,0,0,0,0,0,0,0,0,0,0,"C",3146,1679
-0.208487990229826,0.0614644439372278,1.55191457529904,0,0,1,1,1,1,0,0,0,0,0,0,0,0,0,0,"C",1594,1680
-0.162075352121918,0.028283618734745,1.44105802370131,0,0,1,1,1,1,0,0,0,0,0,0,0,0,0,0,"C",2727,1681
-0.130943505624479,0.0189303497953649,2.06040550514732,0,0,1,1,1,1,0,0,0,0,0,0,0,0,0,0,"C",2960,1682
-0.153902391911675,0.0865559475801453,1.91089445037533,0,0,1,1,1,1,0,0,0,0,0,0,0,0,0,0,"C",3738,1683
-0.2255717486651,0.0597379368712252,1.39597974268213,0,0,1,1,1,1,0,0,0,0,0,0,0,0,0,0,"C",1567,1684
-0.207985957153891,0.0603244610100135,1.5962322061258,0,0,1,1,1,1,0,0,0,0,0,0,0,0,0,0,"C",1930,1685
-0.2186337411538,0.0646454173990726,1.34474973736705,0,0,1,1,1,1,0,0,0,0,0,0,0,0,0,0,"C",3714,1686
-0.186980830008112,0.0854901171594345,1.19662784757543,0,0,1,1,1,1,0,0,0,0,0,0,0,0,0,0,"C",435,1687
-0.153980255886227,0.0154775515006502,1.55343826552634,0,0,1,1,1,1,0,0,0,0,0,0,0,0,0,0,"C",1461,1688
-0.120383536986403,0.0602820810216665,1.65443115444972,0,0,1,1,1,1,0,0,0,0,0,0,0,0,0,0,"C",2661,1689
-0.229582443764835,0.0931601733489808,1.46736494837963,0,0,1,1,1,1,0,0,0,0,0,0,0,0,0,0,"C",1967,1690
-0.200791292701428,0.0740054456687828,1.23832232661946,0,0,1,1,1,1,0,0,0,0,0,0,0,0,0,0,"C",2087,1691
-0.1859929905074,0.0562802093334225,1.56915187062861,0,0,1,1,1,1,0,0,0,0,0,0,0,0,0,0,"C",2137,1692
-0.0979765839028537,0.0202562221390682,1.56588061048414,0,0,1,1,1,1,0,0,0,0,0,0,0,0,0,0,"C",2578,1693
-0.132722633093395,0.0425688647955444,1.22207491734229,0,0,1,1,1,1,0,0,0,0,0,0,0,0,0,0,"C",899,1694
-0.215391282543729,0.0595070491927,1.50127527642524,0,0,1,1,1,1,0,0,0,0,0,0,0,0,0,0,"C",3030,1695
-0.175091186193055,0.0502194743885984,1.42313366160785,0,0,1,1,1,1,0,0,0,0,0,0,0,0,0,0,"C",2602,1696
-0.196703944324624,0.0636147532274721,1.29327058289313,0,0,1,1,1,1,0,0,0,0,0,0,0,0,0,0,"C",394,1697
-0.172837636942153,0.00803047595416488,1.73529111118308,0,0,1,1,1,1,0,0,0,0,0,0,0,0,0,0,"C",3326,1698
-0.237598204327407,0.121617853554208,1.65890974427179,0,0,1,1,1,1,0,0,0,0,0,0,0,0,0,0,"C",2240,1699
-0.104358371895544,0.104349586340719,0.927882695543781,0,0,1,1,1,1,0,0,0,0,0,0,0,0,0,0,"D",491,1700
-0.125634281159762,0.0965572648378747,0.173077115131157,0,0,1,1,1,1,0,0,0,0,0,0,0,0,0,0,"D",3721,1701
-0.145435345272402,0.135176599748066,0.827326784622593,0,0,1,1,1,1,0,0,0,0,0,0,0,0,0,0,"D",3402,1702
-0.111274429747293,0.127047206176081,0.618833979066252,0,0,1,1,1,1,0,0,0,0,0,0,0,0,0,0,"D",368,1703
-0.128809071988482,0.122245579284939,0.25485235777557,0,0,1,1,1,1,0,0,0,0,0,0,0,0,0,0,"D",1484,1704
-0.102279183000721,0.111405106193662,0.627809573860738,0,0,1,1,1,1,0,0,0,0,0,0,0,0,0,0,"D",2487,1705
-0.122239486482912,0.133586615157788,0.497059694566136,0,0,1,1,1,1,0,0,0,0,0,0,0,0,0,0,"D",1608,1706
-0.106539619711048,0.121612406198103,0.464789026215034,0,0,1,1,1,1,0,0,0,0,0,0,0,0,0,0,"D",1462,1707
-0.0995596553784452,0.0835021912263947,0.800287878669154,0,0,1,1,1,1,0,0,0,0,0,0,0,0,0,0,"D",3495,1708
-0.0805028114587968,0.0888302875801489,1.50653702156063,0,0,1,1,1,1,0,0,0,0,0,0,0,0,0,0,"D",3583,1709
-0.105970790314432,0.119200293210845,0.744762421974149,0,0,1,1,1,1,0,0,0,0,0,0,0,0,0,0,"D",1747,1710
-0.13055950415241,0.122094013053397,0.258122543680911,0,0,1,1,1,1,0,0,0,0,0,0,0,0,0,0,"D",344,1711
-0.143220949502329,0.122573151749585,0.582162678742496,0,0,1,1,1,1,0,0,0,0,0,0,0,0,0,0,"D",3343,1712
-0.137488225322583,0.127199937545654,0.425175344331289,0,0,1,1,1,1,0,0,0,0,0,0,0,0,0,0,"D",2191,1713
-0.129624520310801,0.114418278948529,0.578119014179459,0,0,1,1,1,1,0,0,0,0,0,0,0,0,0,0,"D",2986,1714
-0.0732531391284208,0.091345381405516,0.19586558866451,0,0,1,1,1,1,0,0,0,0,0,0,0,0,0,0,"D",3527,1715
-0.0890189382749714,0.105421516226248,0.656465181244119,0,0,1,1,1,1,0,0,0,0,0,0,0,0,0,0,"D",3748,1716
-0.071713517668936,0.105148444169414,0.618035542775565,0,0,1,1,1,1,0,0,0,0,0,0,0,0,0,0,"D",930,1717
-0.0979929309867796,0.105214580115937,1.3278629004953,0,0,1,1,1,1,0,0,0,0,0,0,0,0,0,0,"D",1560,1718
-0.106684504317174,0.0944508105919339,0.274201634093787,0,0,1,1,1,1,0,0,0,0,0,0,0,0,0,0,"D",1549,1719
-0.11277663726753,0.108209002797083,1.16711466063336,0,0,1,1,1,1,0,0,0,0,0,0,0,0,0,0,"D",3423,1720
-0.0877826969726391,0.0975474682180498,0.618157671857578,0,0,1,1,1,1,0,0,0,0,0,0,0,0,0,0,"D",3464,1721
-0.155441474875506,0.1452460352223,0.716460539687332,0,0,1,1,1,1,0,0,0,0,0,0,0,0,0,0,"D",1646,1722
-0.124864641719428,0.139497031954907,1.4201022187771,0,0,1,1,1,1,0,0,0,0,0,0,0,0,0,0,"D",2823,1723
-0.0977357586333319,0.0719659690195043,-0.531711653135824,0,0,1,1,1,1,0,0,0,0,0,0,0,0,0,0,"D",2022,1724
-0.10015526418215,0.0858231643226599,0.787962494432784,0,0,1,1,1,1,0,0,0,0,0,0,0,0,0,0,"D",1255,1725
-0.0928363593105298,0.0960064329081256,1.28902800049151,0,0,1,1,1,1,0,0,0,0,0,0,0,0,0,0,"D",1691,1726
-0.14195286531213,0.132530351935888,0.678310719176848,0,0,1,1,1,1,0,0,0,0,0,0,0,0,0,0,"D",3414,1727
-0.105102754836398,0.118198031377577,1.02473506712711,0,0,1,1,1,1,0,0,0,0,0,0,0,0,0,0,"D",1362,1728
-0.0999918789113445,0.115559980156362,0.801523847121414,0,0,1,1,1,1,0,0,0,0,0,0,0,0,0,0,"D",2845,1729
-0.158504036031739,0.128386739784216,0.640418542950846,0,0,1,1,1,1,0,0,0,0,0,0,0,0,0,0,"D",2333,1730
-0.122439737744704,0.119992053765182,0.558720249702179,0,0,1,1,1,1,0,0,0,0,0,0,0,0,0,0,"D",2005,1731
-0.12033070579485,0.110593774179753,0.820082878557121,0,0,1,1,1,1,0,0,0,0,0,0,0,0,0,0,"D",2937,1732
-0.09519606230219,0.118701848512662,0.500324550578674,0,0,1,1,1,1,0,0,0,0,0,0,0,0,0,0,"D",1628,1733
-0.125675289587945,0.12821630851369,0.59749112198586,0,0,1,1,1,1,0,0,0,0,0,0,0,0,0,0,"D",3122,1734
-0.141290345419829,0.125303554602815,0.725172364586688,0,0,1,1,1,1,0,0,0,0,0,0,0,0,0,0,"D",666,1735
-0.105117640466972,0.103476044645656,0.211381649217823,0,0,1,1,1,1,0,0,0,0,0,0,0,0,0,0,"D",1125,1736
-0.0749628298315833,0.0905360669851398,0.708309153228622,0,0,1,1,1,1,0,0,0,0,0,0,0,0,0,0,"D",33,1737
-0.121008501209336,0.137245391358874,0.465301402517504,0,0,1,1,1,1,0,0,0,0,0,0,0,0,0,0,"D",1671,1738
-0.0799303781150277,0.0854882324078391,0.470982648389941,0,0,1,1,1,1,0,0,0,0,0,0,0,0,0,0,"D",2714,1739
-0.129578756034638,0.1222298866745,0.639228077050646,0,0,1,1,1,1,0,0,0,0,0,0,0,0,0,0,"D",946,1740
-0.12988337986645,0.122979939064463,0.934939351132589,0,0,1,1,1,1,0,0,0,0,0,0,0,0,0,0,"D",2718,1741
-0.108651488043344,0.0907765632151395,0.0867136100021188,0,0,1,1,1,1,0,0,0,0,0,0,0,0,0,0,"D",2372,1742
-0.143136214722108,0.145610138602782,0.412569536575503,0,0,1,1,1,1,0,0,0,0,0,0,0,0,0,0,"D",1117,1743
-0.101058515868262,0.106599089483427,1.07172778348877,0,0,1,1,1,1,0,0,0,0,0,0,0,0,0,0,"D",3186,1744
-0.102702791211833,0.0810434683146354,0.422960373176723,0,0,1,1,1,1,0,0,0,0,0,0,0,0,0,0,"D",2648,1745
-0.143142133763533,0.137354677517216,0.598987197257786,0,0,1,1,1,1,0,0,0,0,0,0,0,0,0,0,"D",3379,1746
-0.107077495309004,0.108884524091223,0.664984025987576,0,0,1,1,1,1,0,0,0,0,0,0,0,0,0,0,"D",2742,1747
-0.101457341357032,0.11215326201862,0.705604244049154,0,0,1,1,1,1,0,0,0,0,0,0,0,0,0,0,"D",2336,1748
-0.138836405075236,0.141697499396955,0.709300312152628,0,0,1,1,1,1,0,0,0,0,0,0,0,0,0,0,"D",267,1749
-0.0875688235176469,0.114035820414369,0.861244567888397,0,0,1,1,1,1,0,0,0,0,0,0,0,0,0,0,"D",1359,1750
-0.0995180552886361,0.0988815486910906,0.702628279266231,0,0,1,1,1,1,0,0,0,0,0,0,0,0,0,0,"D",1441,1751
-0.123851255341483,0.1143570933742,0.247390852990852,0,0,1,1,1,1,0,0,0,0,0,0,0,0,0,0,"D",1962,1752
-0.101734673199883,0.104504742243987,0.386163674735296,0,0,1,1,1,1,0,0,0,0,0,0,0,0,0,0,"D",3717,1753
-0.111758718639872,0.106921100571146,0.958449769220748,0,0,1,1,1,1,0,0,0,0,0,0,0,0,0,0,"D",347,1754
-0.107896644809216,0.118867177760376,1.29869178823271,0,0,1,1,1,1,0,0,0,0,0,0,0,0,0,0,"D",2090,1755
-0.08267533664687,0.0962050852670432,0.782647228744412,0,0,1,1,1,1,0,0,0,0,0,0,0,0,0,0,"D",3406,1756
-0.141201941920633,0.130568666445033,0.594700148877402,0,0,1,1,1,1,0,0,0,0,0,0,0,0,0,0,"D",2061,1757
-0.0822185927386382,0.0685262217571706,0.0914618233513715,0,0,1,1,1,1,0,0,0,0,0,0,0,0,0,0,"D",3699,1758
-0.141015619732421,0.134404405149662,0.959431389875842,0,0,1,1,1,1,0,0,0,0,0,0,0,0,0,0,"D",1385,1759
-0.115001314738856,0.120558886174601,1.08342000476447,0,0,1,1,1,1,0,0,0,0,0,0,0,0,0,0,"D",729,1760
-0.127015770027544,0.120811573016447,0.914143563772974,0,0,1,1,1,1,0,0,0,0,0,0,0,0,0,0,"D",712,1761
-0.11946014236124,0.116651012021013,1.17350756895929,0,0,1,1,1,1,0,0,0,0,0,0,0,0,0,0,"D",656,1762
-0.123707457115902,0.133666673592409,1.11265413143142,0,0,1,1,1,1,0,0,0,0,0,0,0,0,0,0,"D",1397,1763
-0.126671583756354,0.129222732444763,0.526905334386998,0,0,1,1,1,1,0,0,0,0,0,0,0,0,0,0,"D",2074,1764
-0.136277785836201,0.124197459200994,1.15025567330643,0,0,1,1,1,1,0,0,0,0,0,0,0,0,0,0,"D",857,1765
-0.102637465674439,0.106224811822946,0.795007152227156,0,0,1,1,1,1,0,0,0,0,0,0,0,0,0,0,"D",2257,1766
-0.120016770887353,0.124789817031154,1.13832273070873,0,0,1,1,1,1,0,0,0,0,0,0,0,0,0,0,"D",1072,1767
-0.118246096731502,0.117777569009352,1.42635630091247,0,0,1,1,1,1,0,0,0,0,0,0,0,0,0,0,"D",1687,1768
-0.120820319054065,0.114085640265688,0.771014180606895,0,0,1,1,1,1,0,0,0,0,0,0,0,0,0,0,"D",2575,1769
-0.141424309165956,0.146289943896805,0.539453762194364,0,0,1,1,1,1,0,0,0,0,0,0,0,0,0,0,"D",3006,1770
-0.118598380403713,0.125359772703291,1.05996942449788,0,0,1,1,1,1,0,0,0,0,0,0,0,0,0,0,"D",3732,1771
-0.108150126092392,0.114537694483338,0.742983750682292,0,0,1,1,1,1,0,0,0,0,0,0,0,0,0,0,"D",482,1772
-0.118745276707286,0.102924730656208,0.273577944999622,0,0,1,1,1,1,0,0,0,0,0,0,0,0,0,0,"D",1341,1773
-0.0881739781894723,0.0919922822912423,1.04483706767356,0,0,1,1,1,1,0,0,0,0,0,0,0,0,0,0,"D",3204,1774
-0.114574905633228,0.112743709963378,0.782192241947969,0,0,1,1,1,1,0,0,0,0,0,0,0,0,0,0,"D",1763,1775
-0.10866067044372,0.11589354549427,0.877493277057869,0,0,1,1,1,1,0,0,0,0,0,0,0,0,0,0,"D",2318,1776
-0.131288762738289,0.11217060125172,0.695852904343985,0,0,1,1,1,1,0,0,0,0,0,0,0,0,0,0,"D",1059,1777
-0.111557187552641,0.123438429846961,0.777502216470419,0,0,1,1,1,1,0,0,0,0,0,0,0,0,0,0,"D",1290,1778
-0.11934108065095,0.129185199750645,0.770322800368603,0,0,1,1,1,1,0,0,0,0,0,0,0,0,0,0,"D",3146,1779
-0.122312820522677,0.114958002685623,0.668247877445415,0,0,1,1,1,1,0,0,0,0,0,0,0,0,0,0,"D",1594,1780
-0.0918648270362303,0.0989674865316864,0.45354487451084,0,0,1,1,1,1,0,0,0,0,0,0,0,0,0,0,"D",2727,1781
-0.121991245548052,0.108626805723494,0.556813225910978,0,0,1,1,1,1,0,0,0,0,0,0,0,0,0,0,"D",2960,1782
-0.105203359163792,0.117947671371439,0.563816360431555,0,0,1,1,1,1,0,0,0,0,0,0,0,0,0,0,"D",3738,1783
-0.105431767812026,0.0987360851464112,1.0472898792698,0,0,1,1,1,1,0,0,0,0,0,0,0,0,0,0,"D",1567,1784
-0.116211931677109,0.0881985392322187,0.857880867807089,0,0,1,1,1,1,0,0,0,0,0,0,0,0,0,0,"D",1930,1785
-0.106390369263268,0.0902874172915429,0.919041403902284,0,0,1,1,1,1,0,0,0,0,0,0,0,0,0,0,"D",3714,1786
-0.131363869543951,0.147707407370618,0.853715259344664,0,0,1,1,1,1,0,0,0,0,0,0,0,0,0,0,"D",435,1787
-0.12736158974636,0.132657575194894,0.348720442416347,0,0,1,1,1,1,0,0,0,0,0,0,0,0,0,0,"D",1461,1788
-0.1271617054694,0.117697237812805,0.781547885544746,0,0,1,1,1,1,0,0,0,0,0,0,0,0,0,0,"D",2661,1789
-0.0859802998026324,0.104173800433902,0.575365838530649,0,0,1,1,1,1,0,0,0,0,0,0,0,0,0,0,"D",1967,1790
-0.0952422762530267,0.104416886157214,0.563966257908909,0,0,1,1,1,1,0,0,0,0,0,0,0,0,0,0,"D",2087,1791
-0.0834697501270979,0.0896232515036357,0.204663819853301,0,0,1,1,1,1,0,0,0,0,0,0,0,0,0,0,"D",2137,1792
-0.0858143270127218,0.110532547387976,0.843520424675475,0,0,1,1,1,1,0,0,0,0,0,0,0,0,0,0,"D",2578,1793
-0.119615544844594,0.0991556978604582,0.684738962667425,0,0,1,1,1,1,0,0,0,0,0,0,0,0,0,0,"D",899,1794
-0.114809626047406,0.105950219900994,0.516889061851053,0,0,1,1,1,1,0,0,0,0,0,0,0,0,0,0,"D",3030,1795
-0.154171328508574,0.123100845527134,0.73771552457987,0,0,1,1,1,1,0,0,0,0,0,0,0,0,0,0,"D",2602,1796
-0.0898866675221879,0.10823460632108,0.704779399737038,0,0,1,1,1,1,0,0,0,0,0,0,0,0,0,0,"D",394,1797
-0.0931758480639091,0.109023859728564,0.247439668176198,0,0,1,1,1,1,0,0,0,0,0,0,0,0,0,0,"D",3326,1798
-0.135378858153183,0.123266847370953,0.571921313074883,0,0,1,1,1,1,0,0,0,0,0,0,0,0,0,0,"D",2240,1799
-0.177939845002125,0.16801014700558,1.91207605696095,0,0,1,1,0,1,0,0,1,0,0,0,0,0,0,0,"C",491,1800
-0.208430501216318,0.185496612270424,1.52862098963671,0,0,1,1,0,1,0,0,1,0,0,0,0,0,0,0,"C",3721,1801
-0.18310305107865,0.166881509901179,1.62640402119876,0,0,1,1,0,1,0,0,1,0,0,0,0,0,0,0,"C",3402,1802
-0.178404622198691,0.138910471235959,1.6130104740177,0,0,1,1,0,1,0,0,1,0,0,0,0,0,0,0,"C",368,1803
-0.131702808306705,0.15216498159151,1.54105615156283,0,0,1,1,0,1,0,0,1,0,0,0,0,0,0,0,"C",1484,1804
-0.194480931495675,0.18256864141328,0.978325799329746,0,0,1,1,0,1,0,0,1,0,0,0,0,0,0,0,"C",2487,1805
-0.20467605464525,0.191635022952864,1.40460637634539,0,0,1,1,0,1,0,0,1,0,0,0,0,0,0,0,"C",1608,1806
-0.227861287058553,0.174570630588978,1.08875527226909,0,0,1,1,0,1,0,0,1,0,0,0,0,0,0,0,"C",1462,1807
-0.18605660807044,0.183374288198146,1.11686228800197,0,0,1,1,0,1,0,0,1,0,0,0,0,0,0,0,"C",3495,1808
-0.209120770305419,0.166501349945574,0.980924096526882,0,0,1,1,0,1,0,0,1,0,0,0,0,0,0,0,"C",3583,1809
-0.172451899365973,0.169744214042436,0.768542340333248,0,0,1,1,0,1,0,0,1,0,0,0,0,0,0,0,"C",1747,1810
-0.158516287748495,0.131461975502431,0.437919784068963,0,0,1,1,0,1,0,0,1,0,0,0,0,0,0,0,"C",344,1811
-0.145897877870106,0.124433080422392,0.787617782079117,0,0,1,1,0,1,0,0,1,0,0,0,0,0,0,0,"C",3343,1812
-0.148921769146682,0.139469613447871,0.814935817153606,0,0,1,1,0,1,0,0,1,0,0,0,0,0,0,0,"C",2191,1813
-0.207479992321354,0.205187177659262,1.42082399356111,0,0,1,1,0,1,0,0,1,0,0,0,0,0,0,0,"C",2986,1814
-0.140914154339887,0.167021025332125,1.06226783486604,0,0,1,1,0,1,0,0,1,0,0,0,0,0,0,0,"C",3527,1815
-0.200299413817155,0.188859161325114,1.82758905206204,0,0,1,1,0,1,0,0,1,0,0,0,0,0,0,0,"C",3748,1816
-0.195636894009011,0.165105426926021,1.48337492800673,0,0,1,1,0,1,0,0,1,0,0,0,0,0,0,0,"C",930,1817
-0.163843513617202,0.139460137894964,1.4095000982031,0,0,1,1,0,1,0,0,1,0,0,0,0,0,0,0,"C",1560,1818
-0.183278795223018,0.137388857471035,1.41736328813666,0,0,1,1,0,1,0,0,1,0,0,0,0,0,0,0,"C",1549,1819
-0.174354570797174,0.164918721014259,0.48699458786564,0,0,1,1,0,1,0,0,1,0,0,0,0,0,0,0,"C",3423,1820
-0.153572807563131,0.151310911916022,0.998233475214514,0,0,1,1,0,1,0,0,1,0,0,0,0,0,0,0,"C",3464,1821
-0.194602594623232,0.140130687067941,1.58959062748518,0,0,1,1,0,1,0,0,1,0,0,0,0,0,0,0,"C",1646,1822
-0.162903834538093,0.152993311633797,1.82492457045158,0,0,1,1,0,1,0,0,1,0,0,0,0,0,0,0,"C",2823,1823
-0.11202424715786,0.131845810197277,0.569419301567907,0,0,1,1,0,1,0,0,1,0,0,0,0,0,0,0,"C",2022,1824
-0.191953056024501,0.161929605217799,1.12540954914331,0,0,1,1,0,1,0,0,1,0,0,0,0,0,0,0,"C",1255,1825
-0.222955504894112,0.197651467625344,1.37898437804191,0,0,1,1,0,1,0,0,1,0,0,0,0,0,0,0,"C",1691,1826
-0.236627598688391,0.167267358338941,1.05386021012259,0,0,1,1,0,1,0,0,1,0,0,0,0,0,0,0,"C",3414,1827
-0.23242793461776,0.18707657465897,1.22596122106841,0,0,1,1,0,1,0,0,1,0,0,0,0,0,0,0,"C",1362,1828
-0.176579951159877,0.152382086201573,1.70820056708744,0,0,1,1,0,1,0,0,1,0,0,0,0,0,0,0,"C",2845,1829
-0.185395924369622,0.150194457908506,0.786406019974175,0,0,1,1,0,1,0,0,1,0,0,0,0,0,0,0,"C",2333,1830
-0.210770202345826,0.145015090470436,1.7804422165401,0,0,1,1,0,1,0,0,1,0,0,0,0,0,0,0,"C",2005,1831
-0.116167475197153,0.0968638032702239,1.04666649038165,0,0,1,1,0,1,0,0,1,0,0,0,0,0,0,0,"C",2937,1832
-0.205518542749117,0.21077371307019,1.38236592553214,0,0,1,1,0,1,0,0,1,0,0,0,0,0,0,0,"C",1628,1833
-0.152705752021659,0.132802362097767,1.65983666603456,0,0,1,1,0,1,0,0,1,0,0,0,0,0,0,0,"C",3122,1834
-0.209203506915069,0.167820052258668,0.817454882371233,0,0,1,1,0,1,0,0,1,0,0,0,0,0,0,0,"C",666,1835
-0.19054853443384,0.148807462592693,1.59087956302941,0,0,1,1,0,1,0,0,1,0,0,0,0,0,0,0,"C",1125,1836
-0.176359000665678,0.146846759584416,1.25585626656392,0,0,1,1,0,1,0,0,1,0,0,0,0,0,0,0,"C",33,1837
-0.179555630506853,0.146371663402053,1.64355685519665,0,0,1,1,0,1,0,0,1,0,0,0,0,0,0,0,"C",1671,1838
-0.14916285597172,0.187713309260183,1.1880926940805,0,0,1,1,0,1,0,0,1,0,0,0,0,0,0,0,"C",2714,1839
-0.152685885472036,0.0897657300298254,0.30627817536943,0,0,1,1,0,1,0,0,1,0,0,0,0,0,0,0,"C",946,1840
-0.201962899617028,0.167351328028198,1.41821162066875,0,0,1,1,0,1,0,0,1,0,0,0,0,0,0,0,"C",2718,1841
-0.140336004125823,0.166583964336554,1.39943514580002,0,0,1,1,0,1,0,0,1,0,0,0,0,0,0,0,"C",2372,1842
-0.195542436194403,0.109735287255243,0.911051594244512,0,0,1,1,0,1,0,0,1,0,0,0,0,0,0,0,"C",1117,1843
-0.132264915896031,0.138787304519713,1.23864889981158,0,0,1,1,0,1,0,0,1,0,0,0,0,0,0,0,"C",3186,1844
-0.123388008838478,0.1147071988314,0.992825640741354,0,0,1,1,0,1,0,0,1,0,0,0,0,0,0,0,"C",2648,1845
-0.160510282813554,0.103488970589918,1.27904541492401,0,0,1,1,0,1,0,0,1,0,0,0,0,0,0,0,"C",3379,1846
-0.149234432637739,0.0739484533260409,0.656587895963235,0,0,1,1,0,1,0,0,1,0,0,0,0,0,0,0,"C",2742,1847
-0.202175482192262,0.148750831759632,0.798456159302237,0,0,1,1,0,1,0,0,1,0,0,0,0,0,0,0,"C",2336,1848
-0.199489534191273,0.145687592933611,0.234956545660318,0,0,1,1,0,1,0,0,1,0,0,0,0,0,0,0,"C",267,1849
-0.192321454385004,0.10779314954107,0.794988557687098,0,0,1,1,0,1,0,0,1,0,0,0,0,0,0,0,"C",1359,1850
-0.202356466906781,0.185613786333237,1.16334678813315,0,0,1,1,0,1,0,0,1,0,0,0,0,0,0,0,"C",1441,1851
-0.145210366151045,0.121611095772559,1.4772544698807,0,0,1,1,0,1,0,0,1,0,0,0,0,0,0,0,"C",1962,1852
-0.199814688839424,0.215109637067752,1.99679758691211,0,0,1,1,0,1,0,0,1,0,0,0,0,0,0,0,"C",3717,1853
-0.195179400266666,0.164301802812937,1.31118138199358,0,0,1,1,0,1,0,0,1,0,0,0,0,0,0,0,"C",347,1854
-0.145206203023972,0.179569885608374,1.04473555060676,0,0,1,1,0,1,0,0,1,0,0,0,0,0,0,0,"C",2090,1855
-0.181131971749029,0.163044876053054,0.668620356400707,0,0,1,1,0,1,0,0,1,0,0,0,0,0,0,0,"C",3406,1856
-0.207621273037432,0.135074894344419,1.90435355495629,0,0,1,1,0,1,0,0,1,0,0,0,0,0,0,0,"C",2061,1857
-0.187792473261604,0.167573791122115,1.05983964109406,0,0,1,1,0,1,0,0,1,0,0,0,0,0,0,0,"C",3699,1858
-0.18713169793643,0.141070257362968,0.742987833508309,0,0,1,1,0,1,0,0,1,0,0,0,0,0,0,0,"C",1385,1859
-0.178856640861021,0.150880843144675,0.699996854664102,0,0,1,1,0,1,0,0,1,0,0,0,0,0,0,0,"C",729,1860
-0.168344649465604,0.13025325852215,0.961925935613692,0,0,1,1,0,1,0,0,1,0,0,0,0,0,0,0,"C",712,1861
-0.196610156460908,0.166834683460756,1.78606719529219,0,0,1,1,0,1,0,0,1,0,0,0,0,0,0,0,"C",656,1862
-0.187178635014438,0.164141685098098,0.970889837335633,0,0,1,1,0,1,0,0,1,0,0,0,0,0,0,0,"C",1397,1863
-0.169922850639725,0.155747047117384,1.65052793207249,0,0,1,1,0,1,0,0,1,0,0,0,0,0,0,0,"C",2074,1864
-0.207845156425656,0.173530405537759,1.49075670539005,0,0,1,1,0,1,0,0,1,0,0,0,0,0,0,0,"C",857,1865
-0.16300961510296,0.14391830436109,1.07183197115973,0,0,1,1,0,1,0,0,1,0,0,0,0,0,0,0,"C",2257,1866
-0.155615347639018,0.149475209725537,0.88606449829642,0,0,1,1,0,1,0,0,1,0,0,0,0,0,0,0,"C",1072,1867
-0.162879991327109,0.179914091618939,1.14770449690994,0,0,1,1,0,1,0,0,1,0,0,0,0,0,0,0,"C",1687,1868
-0.196195336807578,0.184384778337231,1.60987462882453,0,0,1,1,0,1,0,0,1,0,0,0,0,0,0,0,"C",2575,1869
-0.209834656552472,0.156390032605478,1.55861419287732,0,0,1,1,0,1,0,0,1,0,0,0,0,0,0,0,"C",3006,1870
-0.220321847902729,0.144811384475399,1.23720408418346,0,0,1,1,0,1,0,0,1,0,0,0,0,0,0,0,"C",3732,1871
-0.182766946826883,0.121796957453621,1.22044650751544,0,0,1,1,0,1,0,0,1,0,0,0,0,0,0,0,"C",482,1872
-0.136164895618836,0.11430216036933,1.26756435359339,0,0,1,1,0,1,0,0,1,0,0,0,0,0,0,0,"C",1341,1873
-0.218871508844363,0.199022759673872,1.92990913135012,0,0,1,1,0,1,0,0,1,0,0,0,0,0,0,0,"C",3204,1874
-0.162208334003407,0.134628361882595,1.31163013943997,0,0,1,1,0,1,0,0,1,0,0,0,0,0,0,0,"C",1763,1875
-0.197191378440533,0.153186708985122,1.46305888756377,0,0,1,1,0,1,0,0,1,0,0,0,0,0,0,0,"C",2318,1876
-0.229466035966576,0.141256854697126,0.643568641851571,0,0,1,1,0,1,0,0,1,0,0,0,0,0,0,0,"C",1059,1877
-0.124931006430363,0.154210103838813,0.780671951712961,0,0,1,1,0,1,0,0,1,0,0,0,0,0,0,0,"C",1290,1878
-0.208653431013413,0.189417962888036,1.58033959635656,0,0,1,1,0,1,0,0,1,0,0,0,0,0,0,0,"C",3146,1879
-0.206150083471463,0.117923897786819,1.28494322902772,0,0,1,1,0,1,0,0,1,0,0,0,0,0,0,0,"C",1594,1880
-0.144975450283491,0.125626632785582,0.778041104044661,0,0,1,1,0,1,0,0,1,0,0,0,0,0,0,0,"C",2727,1881
-0.0986021273297652,0.103222239138393,0.861841593444729,0,0,1,1,0,1,0,0,1,0,0,0,0,0,0,0,"C",2960,1882
-0.206411606764051,0.153515841420046,1.35532218861672,0,0,1,1,0,1,0,0,1,0,0,0,0,0,0,0,"C",3738,1883
-0.220820283061898,0.195874174688691,1.09686272806882,0,0,1,1,0,1,0,0,1,0,0,0,0,0,0,0,"C",1567,1884
-0.160804952036258,0.151883269955411,1.89306644924135,0,0,1,1,0,1,0,0,1,0,0,0,0,0,0,0,"C",1930,1885
-0.21367248376598,0.154144222149649,0.799938764082458,0,0,1,1,0,1,0,0,1,0,0,0,0,0,0,0,"C",3714,1886
-0.199214210664739,0.15916610054246,0.913568583253807,0,0,1,1,0,1,0,0,1,0,0,0,0,0,0,0,"C",435,1887
-0.142050217561695,0.0991544278470288,0.354206729644395,0,0,1,1,0,1,0,0,1,0,0,0,0,0,0,0,"C",1461,1888
-0.138504551401812,0.105901927324045,0.900514014600691,0,0,1,1,0,1,0,0,1,0,0,0,0,0,0,0,"C",2661,1889
-0.208950378193783,0.192836390545874,1.51833245645958,0,0,1,1,0,1,0,0,1,0,0,0,0,0,0,0,"C",1967,1890
-0.214591251226294,0.142576744006685,0.91317939689964,0,0,1,1,0,1,0,0,1,0,0,0,0,0,0,0,"C",2087,1891
-0.174053970977988,0.171370962169745,1.44572534673281,0,0,1,1,0,1,0,0,1,0,0,0,0,0,0,0,"C",2137,1892
-0.114085209701061,0.140059212746102,1.06018758729363,0,0,1,1,0,1,0,0,1,0,0,0,0,0,0,0,"C",2578,1893
-0.141194988790359,0.162241738669601,0.73781488955289,0,0,1,1,0,1,0,0,1,0,0,0,0,0,0,0,"C",899,1894
-0.196527078576173,0.194597725213511,1.45568779481494,0,0,1,1,0,1,0,0,1,0,0,0,0,0,0,0,"C",3030,1895
-0.183325571484813,0.125951912409628,0.832262729764624,0,0,1,1,0,1,0,0,1,0,0,0,0,0,0,0,"C",2602,1896
-0.176551906892597,0.120113414977073,0.55247774669962,0,0,1,1,0,1,0,0,1,0,0,0,0,0,0,0,"C",394,1897
-0.190203256089825,0.13351941862357,0.937019534051962,0,0,1,1,0,1,0,0,1,0,0,0,0,0,0,0,"C",3326,1898
-0.241489601814794,0.199475018242913,1.72505905918232,0,0,1,1,0,1,0,0,1,0,0,0,0,0,0,0,"C",2240,1899
-0.0956882505475584,0.0265289418142172,1.14950172481143,0,0,1,1,0,1,0,0,1,0,0,0,0,0,0,0,"D",491,1900
-0.167865710966358,0.0317617271862957,0.948474420935788,0,0,1,1,0,1,0,0,1,0,0,0,0,0,0,0,"D",3721,1901
-0.194602489954093,0.0922250274877427,0.526542008570275,0,0,1,1,0,1,0,0,1,0,0,0,0,0,0,0,"D",3402,1902
-0.12979882576588,0.0477937871260766,0.567291184872872,0,0,1,1,0,1,0,0,1,0,0,0,0,0,0,0,"D",368,1903
-0.159507562269629,0.0822627535078878,0.74285184056155,0,0,1,1,0,1,0,0,1,0,0,0,0,0,0,0,"D",1484,1904
-0.138098681251845,0.0406297703137631,0.328365152001293,0,0,1,1,0,1,0,0,1,0,0,0,0,0,0,0,"D",2487,1905
-0.136809887743831,0.0580014044781756,0.587940234616614,0,0,1,1,0,1,0,0,1,0,0,0,0,0,0,0,"D",1608,1906
-0.124466597001702,0.0528884868850645,0.159320645254369,0,0,1,1,0,1,0,0,1,0,0,0,0,0,0,0,"D",1462,1907
-0.157777462590542,0.067401552419756,1.01587498775268,0,0,1,1,0,1,0,0,1,0,0,0,0,0,0,0,"D",3495,1908
-0.130483492810095,0.0507189104894656,0.520589870561968,0,0,1,1,0,1,0,0,1,0,0,0,0,0,0,0,"D",3583,1909
-0.179231065210888,0.074874810535623,0.78932178727946,0,0,1,1,0,1,0,0,1,0,0,0,0,0,0,0,"D",1747,1910
-0.137225346671155,0.0572342002477694,0.266102412302294,0,0,1,1,0,1,0,0,1,0,0,0,0,0,0,0,"D",344,1911
-0.188550657692405,0.0836528966757747,0.742149643010894,0,0,1,1,0,1,0,0,1,0,0,0,0,0,0,0,"D",3343,1912
-0.152382177743344,0.0584471720291551,0.864711331497927,0,0,1,1,0,1,0,0,1,0,0,0,0,0,0,0,"D",2191,1913
-0.163834146661927,0.0505586111127016,0.673107106823347,0,0,1,1,0,1,0,0,1,0,0,0,0,0,0,0,"D",2986,1914
-0.145079809233554,0.0371447112234743,1.19082963357224,0,0,1,1,0,1,0,0,1,0,0,0,0,0,0,0,"D",3527,1915
-0.128730897154784,0.039052118151757,0.573775124036953,0,0,1,1,0,1,0,0,1,0,0,0,0,0,0,0,"D",3748,1916
-0.122705254914912,0.0325998499815343,0.611916069851584,0,0,1,1,0,1,0,0,1,0,0,0,0,0,0,0,"D",930,1917
-0.136540995941747,0.0396305389099752,0.736493126917674,0,0,1,1,0,1,0,0,1,0,0,0,0,0,0,0,"D",1560,1918
-0.13853794859226,0.0293286315374254,0.437792231549225,0,0,1,1,0,1,0,0,1,0,0,0,0,0,0,0,"D",1549,1919
-0.168216058806972,0.0516860029433808,0.890820856016258,0,0,1,1,0,1,0,0,1,0,0,0,0,0,0,0,"D",3423,1920
-0.118135216342322,0.0540164860896396,0.282279383560405,0,0,1,1,0,1,0,0,1,0,0,0,0,0,0,0,"D",3464,1921
-0.148512358554153,0.0636734218391899,0.736383085769429,0,0,1,1,0,1,0,0,1,0,0,0,0,0,0,0,"D",1646,1922
-0.171406343751367,0.106224166877321,0.854143523712493,0,0,1,1,0,1,0,0,1,0,0,0,0,0,0,0,"D",2823,1923
-0.135610896317038,0.0429477045372613,1.4868246948444,0,0,1,1,0,1,0,0,1,0,0,0,0,0,0,0,"D",2022,1924
-0.133693982547586,0.0426229327779327,0.648614256928966,0,0,1,1,0,1,0,0,1,0,0,0,0,0,0,0,"D",1255,1925
-0.1459872856145,0.0554539806286887,0.80312452833129,0,0,1,1,0,1,0,0,1,0,0,0,0,0,0,0,"D",1691,1926
-0.167224149897376,0.0913852017852895,0.610147681704051,0,0,1,1,0,1,0,0,1,0,0,0,0,0,0,0,"D",3414,1927
-0.128195276021234,0.0877002170563673,1.18598733418738,0,0,1,1,0,1,0,0,1,0,0,0,0,0,0,0,"D",1362,1928
-0.133016609176446,0.0656657373406234,0.284779076327824,0,0,1,1,0,1,0,0,1,0,0,0,0,0,0,0,"D",2845,1929
-0.20101627562133,0.0804994313525239,0.612927557583089,0,0,1,1,0,1,0,0,1,0,0,0,0,0,0,0,"D",2333,1930
-0.166385255583456,0.0488211842957402,0.587445869214156,0,0,1,1,0,1,0,0,1,0,0,0,0,0,0,0,"D",2005,1931
-0.157035079837814,0.101854952939339,1.5549781675411,0,0,1,1,0,1,0,0,1,0,0,0,0,0,0,0,"D",2937,1932
-0.13979231321363,0.0532313506767086,0.697713757092955,0,0,1,1,0,1,0,0,1,0,0,0,0,0,0,0,"D",1628,1933
-0.144887370103838,0.039683333079978,0.636885027463929,0,0,1,1,0,1,0,0,1,0,0,0,0,0,0,0,"D",3122,1934
-0.129230482676271,0.058119957333785,1.08778929920469,0,0,1,1,0,1,0,0,1,0,0,0,0,0,0,0,"D",666,1935
-0.13182285982824,0.0606265355100669,0.610524063338908,0,0,1,1,0,1,0,0,1,0,0,0,0,0,0,0,"D",1125,1936
-0.112739678204469,0.0488429044263668,0.661127917760155,0,0,1,1,0,1,0,0,1,0,0,0,0,0,0,0,"D",33,1937
-0.167228121148416,0.0797804911751569,0.477879655631357,0,0,1,1,0,1,0,0,1,0,0,0,0,0,0,0,"D",1671,1938
-0.122418246391628,0.0677890034460858,1.23787490993457,0,0,1,1,0,1,0,0,1,0,0,0,0,0,0,0,"D",2714,1939
-0.111991702260156,0.0841384288009809,1.69279012925656,0,0,1,1,0,1,0,0,1,0,0,0,0,0,0,0,"D",946,1940
-0.168694087065607,0.0636543648242378,0.835142600572413,0,0,1,1,0,1,0,0,1,0,0,0,0,0,0,0,"D",2718,1941
-0.164424400309881,0.0521366581205391,1.61018410019498,0,0,1,1,0,1,0,0,1,0,0,0,0,0,0,0,"D",2372,1942
-0.197586641782103,0.0611484125344752,0.636774502509137,0,0,1,1,0,1,0,0,1,0,0,0,0,0,0,0,"D",1117,1943
-0.168908319060386,0.0797738982570964,1.01594360212992,0,0,1,1,0,1,0,0,1,0,0,0,0,0,0,0,"D",3186,1944
-0.157873227376479,0.040910419201182,0.85560443329935,0,0,1,1,0,1,0,0,1,0,0,0,0,0,0,0,"D",2648,1945
-0.200060145336963,0.0912311467390233,0.77798973644562,0,0,1,1,0,1,0,0,1,0,0,0,0,0,0,0,"D",3379,1946
-0.162951242369868,0.0483593554171469,0.912073015904703,0,0,1,1,0,1,0,0,1,0,0,0,0,0,0,0,"D",2742,1947
-0.135859490201301,0.0446253890322407,1.28194896520728,0,0,1,1,0,1,0,0,1,0,0,0,0,0,0,0,"D",2336,1948
-0.153904479433933,0.0815476034316842,0.711582995029938,0,0,1,1,0,1,0,0,1,0,0,0,0,0,0,0,"D",267,1949
-0.142611661515156,0.0739262546849065,1.31930540002121,0,0,1,1,0,1,0,0,1,0,0,0,0,0,0,0,"D",1359,1950
-0.132050139304131,0.0579970629665618,0.64015048639235,0,0,1,1,0,1,0,0,1,0,0,0,0,0,0,0,"D",1441,1951
-0.17550337305367,0.0877867994010975,1.71297765444368,0,0,1,1,0,1,0,0,1,0,0,0,0,0,0,0,"D",1962,1952
-0.138676012922011,0.0561697862152774,0.920604381238069,0,0,1,1,0,1,0,0,1,0,0,0,0,0,0,0,"D",3717,1953
-0.154380777520892,0.0442692438886452,0.833825794459777,0,0,1,1,0,1,0,0,1,0,0,0,0,0,0,0,"D",347,1954
-0.184515804769123,0.0551538134529043,0.482184796359968,0,0,1,1,0,1,0,0,1,0,0,0,0,0,0,0,"D",2090,1955
-0.103957845543494,0.0439668660746398,0.670835169857167,0,0,1,1,0,1,0,0,1,0,0,0,0,0,0,0,"D",3406,1956
-0.13491048598501,0.0468951317504016,0.534942795493416,0,0,1,1,0,1,0,0,1,0,0,0,0,0,0,0,"D",2061,1957
-0.110118714335075,0.00652239262986883,1.28879917673577,0,0,1,1,0,1,0,0,1,0,0,0,0,0,0,0,"D",3699,1958
-0.15245645009962,0.0640101551196594,1.03413318352485,0,0,1,1,0,1,0,0,1,0,0,0,0,0,0,0,"D",1385,1959
-0.12574136086832,0.0133723746342081,0.399582234850677,0,0,1,1,0,1,0,0,1,0,0,0,0,0,0,0,"D",729,1960
-0.165675680810909,0.0817063672993968,0.821889441567544,0,0,1,1,0,1,0,0,1,0,0,0,0,0,0,0,"D",712,1961
-0.176710112856853,0.0954104408248144,1.35182680981241,0,0,1,1,0,1,0,0,1,0,0,0,0,0,0,0,"D",656,1962
-0.178614031905861,0.0643555406210452,0.740879973603413,0,0,1,1,0,1,0,0,1,0,0,0,0,0,0,0,"D",1397,1963
-0.118608181198073,0.0785154384844753,1.41626572443402,0,0,1,1,0,1,0,0,1,0,0,0,0,0,0,0,"D",2074,1964
-0.172381274183741,0.0809080473504251,0.636128514659528,0,0,1,1,0,1,0,0,1,0,0,0,0,0,0,0,"D",857,1965
-0.146848169796894,0.0539321879360308,1.14413248695733,0,0,1,1,0,1,0,0,1,0,0,0,0,0,0,0,"D",2257,1966
-0.130841932848373,0.0480674930278512,0.979267871277828,0,0,1,1,0,1,0,0,1,0,0,0,0,0,0,0,"D",1072,1967
-0.176533853387788,0.0662560528306564,0.73594514969911,0,0,1,1,0,1,0,0,1,0,0,0,0,0,0,0,"D",1687,1968
-0.148850146914345,0.0678626122796894,1.18367490572711,0,0,1,1,0,1,0,0,1,0,0,0,0,0,0,0,"D",2575,1969
-0.150046969507023,0.0573784319933335,0.741978294941219,0,0,1,1,0,1,0,0,1,0,0,0,0,0,0,0,"D",3006,1970
-0.203371705135528,0.0871200033328383,0.802953836718888,0,0,1,1,0,1,0,0,1,0,0,0,0,0,0,0,"D",3732,1971
-0.145978225085086,0.0692003011120304,1.17065634163438,0,0,1,1,0,1,0,0,1,0,0,0,0,0,0,0,"D",482,1972
-0.115981199263203,0.0645053888928155,1.10852703371218,0,0,1,1,0,1,0,0,1,0,0,0,0,0,0,0,"D",1341,1973
-0.124279169368498,0.0566079922882873,0.74303456037065,0,0,1,1,0,1,0,0,1,0,0,0,0,0,0,0,"D",3204,1974
-0.123758252120767,0.0535927903086262,0.435758001535765,0,0,1,1,0,1,0,0,1,0,0,0,0,0,0,0,"D",1763,1975
-0.165976292276605,0.0882398160106662,0.767345026211489,0,0,1,1,0,1,0,0,1,0,0,0,0,0,0,0,"D",2318,1976
-0.151381362693296,0.0576220867162585,0.426951947753644,0,0,1,1,0,1,0,0,1,0,0,0,0,0,0,0,"D",1059,1977
-0.0958574385927356,0.038197760915435,1.01760385517806,0,0,1,1,0,1,0,0,1,0,0,0,0,0,0,0,"D",1290,1978
-0.205155780023405,0.0816170736505828,0.852555736687433,0,0,1,1,0,1,0,0,1,0,0,0,0,0,0,0,"D",3146,1979
-0.16211313697655,0.093638435077672,0.754386724376689,0,0,1,1,0,1,0,0,1,0,0,0,0,0,0,0,"D",1594,1980
-0.159740997687827,0.0729304950567541,1.68369863216719,0,0,1,1,0,1,0,0,1,0,0,0,0,0,0,0,"D",2727,1981
-0.159462007431041,0.0770650076465654,0.865731201741019,0,0,1,1,0,1,0,0,1,0,0,0,0,0,0,0,"D",2960,1982
-0.163109393153798,0.0609960280222682,0.484338542465499,0,0,1,1,0,1,0,0,1,0,0,0,0,0,0,0,"D",3738,1983
-0.148952275293071,0.0316263429997333,0.717687185199162,0,0,1,1,0,1,0,0,1,0,0,0,0,0,0,0,"D",1567,1984
-0.142971360187053,0.0487880833948236,0.487693548873754,0,0,1,1,0,1,0,0,1,0,0,0,0,0,0,0,"D",1930,1985
-0.135331227343817,0.0202551981940361,0.66934076706698,0,0,1,1,0,1,0,0,1,0,0,0,0,0,0,0,"D",3714,1986
-0.16927589451153,0.0737434880396219,0.644799272302602,0,0,1,1,0,1,0,0,1,0,0,0,0,0,0,0,"D",435,1987
-0.154776916286307,0.0816608716559064,1.00340413601853,0,0,1,1,0,1,0,0,1,0,0,0,0,0,0,0,"D",1461,1988
-0.142232724015674,0.0498113972529601,0.764600987821693,0,0,1,1,0,1,0,0,1,0,0,0,0,0,0,0,"D",2661,1989
-0.127141204878268,0.027937684209902,0.393231020277931,0,0,1,1,0,1,0,0,1,0,0,0,0,0,0,0,"D",1967,1990
-0.162392476096475,0.0627290656139516,1.07964121122643,0,0,1,1,0,1,0,0,1,0,0,0,0,0,0,0,"D",2087,1991
-0.131908800695056,0.0860128384111019,1.04810237865201,0,0,1,1,0,1,0,0,1,0,0,0,0,0,0,0,"D",2137,1992
-0.110645551917579,0.0355495918952146,0.93275792011807,0,0,1,1,0,1,0,0,1,0,0,0,0,0,0,0,"D",2578,1993
-0.144891146194804,0.0231549222299161,0.675476549074411,0,0,1,1,0,1,0,0,1,0,0,0,0,0,0,0,"D",899,1994
-0.142248677819261,0.0344741184473752,0.890947793979017,0,0,1,1,0,1,0,0,1,0,0,0,0,0,0,0,"D",3030,1995
-0.196912982473794,0.0839276889066009,1.53611730249927,0,0,1,1,0,1,0,0,1,0,0,0,0,0,0,0,"D",2602,1996
-0.116589436078252,0.0451061500235039,1.20523593578917,0,0,1,1,0,1,0,0,1,0,0,0,0,0,0,0,"D",394,1997
-0.141402130956558,0.0162282595460021,0.814873918978522,0,0,1,1,0,1,0,0,1,0,0,0,0,0,0,0,"D",3326,1998
-0.165736531837093,0.0778852231323054,0.931275693052718,0,0,1,1,0,1,0,0,1,0,0,0,0,0,0,0,"D",2240,1999
-0.220694702438138,0.211574075263459,1.29384905741116,0,0,1,1,0,1,0,0,0,1,0,0,0,0,0,0,"C",491,2000
-0.268871779030208,0.150302397638376,1.16672377887506,0,0,1,1,0,1,0,0,0,1,0,0,0,0,0,0,"C",3721,2001
-0.172126865869957,0.188959768821231,1.3361787232561,0,0,1,1,0,1,0,0,0,1,0,0,0,0,0,0,"C",3402,2002
-0.223018729062133,0.183864299609846,1.21288285379635,0,0,1,1,0,1,0,0,0,1,0,0,0,0,0,0,"C",368,2003
-0.169139457928094,0.173299260981711,1.26408928521658,0,0,1,1,0,1,0,0,0,1,0,0,0,0,0,0,"C",1484,2004
-0.172482270179073,0.16726566750652,0.609648704658399,0,0,1,1,0,1,0,0,0,1,0,0,0,0,0,0,"C",2487,2005
-0.190188708649711,0.185681842020653,1.1763639098108,0,0,1,1,0,1,0,0,0,1,0,0,0,0,0,0,"C",1608,2006
-0.253465569418015,0.233215625152038,0.69404543174859,0,0,1,1,0,1,0,0,0,1,0,0,0,0,0,0,"C",1462,2007
-0.225752638051903,0.167451645160833,0.445333835744134,0,0,1,1,0,1,0,0,0,1,0,0,0,0,0,0,"C",3495,2008
-0.230551203091077,0.20641485698848,1.25747297879619,0,0,1,1,0,1,0,0,0,1,0,0,0,0,0,0,"C",3583,2009
-0.191673798294356,0.0912098580192066,0.340146309006072,0,0,1,1,0,1,0,0,0,1,0,0,0,0,0,0,"C",1747,2010
-0.237626884235262,0.187549859926897,0.377562738525027,0,0,1,1,0,1,0,0,0,1,0,0,0,0,0,0,"C",344,2011
-0.112306803589092,0.0697071115899405,0.75771395588052,0,0,1,1,0,1,0,0,0,1,0,0,0,0,0,0,"C",3343,2012
-0.113578668974249,0.0830785704258913,0.284296450676086,0,0,1,1,0,1,0,0,0,1,0,0,0,0,0,0,"C",2191,2013
-0.20292819720855,0.226584332960148,1.16549232525933,0,0,1,1,0,1,0,0,0,1,0,0,0,0,0,0,"C",2986,2014
-0.205349201998473,0.182324785230172,0.71604419756582,0,0,1,1,0,1,0,0,0,1,0,0,0,0,0,0,"C",3527,2015
-0.300247551774727,0.259141418102047,1.08322212912497,0,0,1,1,0,1,0,0,0,1,0,0,0,0,0,0,"C",3748,2016
-0.285003092160255,0.240612718865007,1.57517897792353,0,0,1,1,0,1,0,0,0,1,0,0,0,0,0,0,"C",930,2017
-0.202677353874912,0.162953724451235,1.28838053269946,0,0,1,1,0,1,0,0,0,1,0,0,0,0,0,0,"C",1560,2018
-0.19789351773588,0.161896757891068,1.228610350127,0,0,1,1,0,1,0,0,0,1,0,0,0,0,0,0,"C",1549,2019
-0.164047171843133,0.179205060025585,0.334388839101023,0,0,1,1,0,1,0,0,0,1,0,0,0,0,0,0,"C",3423,2020
-0.18674647383165,0.144858051386777,0.492130630599712,0,0,1,1,0,1,0,0,0,1,0,0,0,0,0,0,"C",3464,2021
-0.189517275613229,0.188872628985621,1.42086935733906,0,0,1,1,0,1,0,0,0,1,0,0,0,0,0,0,"C",1646,2022
-0.194293284630298,0.147201633513719,1.51010421869437,0,0,1,1,0,1,0,0,0,1,0,0,0,0,0,0,"C",2823,2023
-0.173484270817274,0.199548001110247,1.24705475702871,0,0,1,1,0,1,0,0,0,1,0,0,0,0,0,0,"C",2022,2024
-0.223103014680722,0.253799304765772,1.53385090054216,0,0,1,1,0,1,0,0,0,1,0,0,0,0,0,0,"C",1255,2025
-0.222070243929784,0.209644066232348,1.20548768700995,0,0,1,1,0,1,0,0,0,1,0,0,0,0,0,0,"C",1691,2026
-0.23500971815529,0.210456293318617,0.993641906388176,0,0,1,1,0,1,0,0,0,1,0,0,0,0,0,0,"C",3414,2027
-0.24370148747246,0.1839158313935,0.881973212144263,0,0,1,1,0,1,0,0,0,1,0,0,0,0,0,0,"C",1362,2028
-0.198686113197736,0.193866395106874,1.26376829986729,0,0,1,1,0,1,0,0,0,1,0,0,0,0,0,0,"C",2845,2029
-0.224908691112769,0.19546776541823,0.678759784012408,0,0,1,1,0,1,0,0,0,1,0,0,0,0,0,0,"C",2333,2030
-0.239013041772989,0.183252053901772,1.48886783752538,0,0,1,1,0,1,0,0,0,1,0,0,0,0,0,0,"C",2005,2031
-0.16498523273995,0.1504540543522,1.39068231163593,0,0,1,1,0,1,0,0,0,1,0,0,0,0,0,0,"C",2937,2032
-0.184866237553122,0.242473945598277,1.38556446283409,0,0,1,1,0,1,0,0,0,1,0,0,0,0,0,0,"C",1628,2033
-0.212871259106628,0.141107081013596,0.683567430144631,0,0,1,1,0,1,0,0,0,1,0,0,0,0,0,0,"C",3122,2034
-0.245785558240448,0.192522295185939,0.635352916634341,0,0,1,1,0,1,0,0,0,1,0,0,0,0,0,0,"C",666,2035
-0.289431964657448,0.173892934944455,0.302081017120898,0,0,1,1,0,1,0,0,0,1,0,0,0,0,0,0,"C",1125,2036
-0.222743117627578,0.17028354731498,0.998139614001292,0,0,1,1,0,1,0,0,0,1,0,0,0,0,0,0,"C",33,2037
-0.265300854916651,0.198400874842888,0.961412049198983,0,0,1,1,0,1,0,0,0,1,0,0,0,0,0,0,"C",1671,2038
-0.136404759245458,0.190116590731221,1.02851920343511,0,0,1,1,0,1,0,0,0,1,0,0,0,0,0,0,"C",2714,2039
-0.181355020385697,0.111174387244085,0.154779720179347,0,0,1,1,0,1,0,0,0,1,0,0,0,0,0,0,"C",946,2040
-0.272401887293385,0.281110730707921,0.16810741859558,0,0,1,1,0,1,0,0,0,1,0,0,0,0,0,0,"C",2718,2041
-0.369168799580237,0.278503077238428,-0.669517734850781,0,0,1,1,0,1,0,0,0,1,0,0,0,0,0,0,"C",2372,2042
-0.192639440914118,0.156981489725111,1.26831471454545,0,0,1,1,0,1,0,0,0,1,0,0,0,0,0,0,"C",1117,2043
-0.125112932793597,0.0949127673714379,1.4325899790277,0,0,1,1,0,1,0,0,0,1,0,0,0,0,0,0,"C",3186,2044
-0.111120714717515,0.074817687426961,1.41126991738885,0,0,1,1,0,1,0,0,0,1,0,0,0,0,0,0,"C",2648,2045
-0.194057827116408,0.204890275815784,1.28968850265897,0,0,1,1,0,1,0,0,0,1,0,0,0,0,0,0,"C",3379,2046
-0.193173259388952,0.14556896741296,1.34175053991825,0,0,1,1,0,1,0,0,0,1,0,0,0,0,0,0,"C",2742,2047
-0.205534772726351,0.197484003169755,0.862433203151932,0,0,1,1,0,1,0,0,0,1,0,0,0,0,0,0,"C",2336,2048
-0.195828178585101,0.163724608090753,0.467295193129622,0,0,1,1,0,1,0,0,0,1,0,0,0,0,0,0,"C",267,2049
-0.227586028811654,0.186956460187134,0.983802116215587,0,0,1,1,0,1,0,0,0,1,0,0,0,0,0,0,"C",1359,2050
-0.197691912993458,0.182252260887486,1.03329889772793,0,0,1,1,0,1,0,0,0,1,0,0,0,0,0,0,"C",1441,2051
-0.187697885016181,0.142455059308661,0.946332500502262,0,0,1,1,0,1,0,0,0,1,0,0,0,0,0,0,"C",1962,2052
-0.263954529925747,0.253331088349695,1.53798323373968,0,0,1,1,0,1,0,0,0,1,0,0,0,0,0,0,"C",3717,2053
-0.22348096039831,0.194464374899883,0.908698750820586,0,0,1,1,0,1,0,0,0,1,0,0,0,0,0,0,"C",347,2054
-0.248828717290383,0.244082727746009,1.4567600896107,0,0,1,1,0,1,0,0,0,1,0,0,0,0,0,0,"C",2090,2055
-0.211881121393612,0.22778244804492,1.40615502250985,0,0,1,1,0,1,0,0,0,1,0,0,0,0,0,0,"C",3406,2056
-0.16028531902307,0.108913578955215,2.05617356156691,0,0,1,1,0,1,0,0,0,1,0,0,0,0,0,0,"C",2061,2057
-0.144193265448236,0.118731248142189,1.34189249639604,0,0,1,1,0,1,0,0,0,1,0,0,0,0,0,0,"C",3699,2058
-0.201593616799268,0.145717742774393,0.573898352016085,0,0,1,1,0,1,0,0,0,1,0,0,0,0,0,0,"C",1385,2059
-0.167759933427114,0.152391611857284,1.22222197468266,0,0,1,1,0,1,0,0,0,1,0,0,0,0,0,0,"C",729,2060
-0.133366689616111,0.152418527946584,1.45371748120378,0,0,1,1,0,1,0,0,0,1,0,0,0,0,0,0,"C",712,2061
-0.272166663666807,0.249948972472726,1.44726503684366,0,0,1,1,0,1,0,0,0,1,0,0,0,0,0,0,"C",656,2062
-0.205477136085509,0.195724528787224,0.633837338457716,0,0,1,1,0,1,0,0,0,1,0,0,0,0,0,0,"C",1397,2063
-0.196832603546863,0.1902415253636,1.28396307844387,0,0,1,1,0,1,0,0,0,1,0,0,0,0,0,0,"C",2074,2064
-0.237343923620486,0.172786482126606,1.15787531464722,0,0,1,1,0,1,0,0,0,1,0,0,0,0,0,0,"C",857,2065
-0.186839869048698,0.120641615853445,0.688356901819159,0,0,1,1,0,1,0,0,0,1,0,0,0,0,0,0,"C",2257,2066
-0.126225607186166,0.0737859439664128,0.627753034371678,0,0,1,1,0,1,0,0,0,1,0,0,0,0,0,0,"C",1072,2067
-0.256742204420724,0.207395802329987,0.791901864256566,0,0,1,1,0,1,0,0,0,1,0,0,0,0,0,0,"C",1687,2068
-0.287168881057016,0.27290315974557,1.34060274442151,0,0,1,1,0,1,0,0,0,1,0,0,0,0,0,0,"C",2575,2069
-0.172039400508578,0.218172839948289,1.56302484428382,0,0,1,1,0,1,0,0,0,1,0,0,0,0,0,0,"C",3006,2070
-0.169200579134367,0.191678269171752,1.35544369689978,0,0,1,1,0,1,0,0,0,1,0,0,0,0,0,0,"C",3732,2071
-0.165298378760497,0.139643808058984,1.30999505169383,0,0,1,1,0,1,0,0,0,1,0,0,0,0,0,0,"C",482,2072
-0.167777637571128,0.110850727128706,1.22782965913836,0,0,1,1,0,1,0,0,0,1,0,0,0,0,0,0,"C",1341,2073
-0.246597892145065,0.191802089443439,1.54554699169566,0,0,1,1,0,1,0,0,0,1,0,0,0,0,0,0,"C",3204,2074
-0.0936521272403217,0.0997864960572609,1.92161153049275,0,0,1,1,0,1,0,0,0,1,0,0,0,0,0,0,"C",1763,2075
-0.230400354630757,0.176616267518644,1.38503669943299,0,0,1,1,0,1,0,0,0,1,0,0,0,0,0,0,"C",2318,2076
-0.131967034456745,0.16594653268388,1.14207675419402,0,0,1,1,0,1,0,0,0,1,0,0,0,0,0,0,"C",1059,2077
-0.178455489212449,0.0968749001351135,0.277539345406449,0,0,1,1,0,1,0,0,0,1,0,0,0,0,0,0,"C",1290,2078
-0.193917871281945,0.155636363348784,1.6248770923603,0,0,1,1,0,1,0,0,0,1,0,0,0,0,0,0,"C",3146,2079
-0.247902674178573,0.193629673278781,1.15116457323943,0,0,1,1,0,1,0,0,0,1,0,0,0,0,0,0,"C",1594,2080
-0.184951633180325,0.197883238917589,0.617733028851121,0,0,1,1,0,1,0,0,0,1,0,0,0,0,0,0,"C",2727,2081
-0.154819578319095,-0.0170886930765746,-1.95417238716718,0,0,1,1,0,1,0,0,0,1,0,0,0,0,0,0,"C",2960,2082
-0.242198389695722,0.150878188816645,1.12216973798967,0,0,1,1,0,1,0,0,0,1,0,0,0,0,0,0,"C",3738,2083
-0.261434765933872,0.215320760580451,1.04790608112687,0,0,1,1,0,1,0,0,0,1,0,0,0,0,0,0,"C",1567,2084
-0.288072669407377,0.18833985028362,1.03740360222001,0,0,1,1,0,1,0,0,0,1,0,0,0,0,0,0,"C",1930,2085
-0.216018776059123,0.192658301564331,0.790543277245532,0,0,1,1,0,1,0,0,0,1,0,0,0,0,0,0,"C",3714,2086
-0.235781565124679,0.214954928332324,0.617574938641459,0,0,1,1,0,1,0,0,0,1,0,0,0,0,0,0,"C",435,2087
-0.166358106998875,0.136534997789126,0.473700492395202,0,0,1,1,0,1,0,0,0,1,0,0,0,0,0,0,"C",1461,2088
-0.138621069170392,0.147413085670647,1.68361771525194,0,0,1,1,0,1,0,0,0,1,0,0,0,0,0,0,"C",2661,2089
-0.262428194002268,0.182073072322452,0.757573229682714,0,0,1,1,0,1,0,0,0,1,0,0,0,0,0,0,"C",1967,2090
-0.211951381821172,0.199472214074845,0.894065247507404,0,0,1,1,0,1,0,0,0,1,0,0,0,0,0,0,"C",2087,2091
-0.179984323304298,0.112833175434481,1.91447935595927,0,0,1,1,0,1,0,0,0,1,0,0,0,0,0,0,"C",2137,2092
-0.117612936447677,0.11032426663309,0.681343216404587,0,0,1,1,0,1,0,0,0,1,0,0,0,0,0,0,"C",2578,2093
-0.123183989117482,0.11682821990396,0.625731390967335,0,0,1,1,0,1,0,0,0,1,0,0,0,0,0,0,"C",899,2094
-0.17808334054282,0.171232889294262,1.64837796384379,0,0,1,1,0,1,0,0,0,1,0,0,0,0,0,0,"C",3030,2095
-0.172792758350438,0.168071435334134,1.40979764060806,0,0,1,1,0,1,0,0,0,1,0,0,0,0,0,0,"C",2602,2096
-0.205654040106785,0.233272217794555,1.02730987737987,0,0,1,1,0,1,0,0,0,1,0,0,0,0,0,0,"C",394,2097
-0.149378794118543,0.191125114975803,1.47891109604295,0,0,1,1,0,1,0,0,0,1,0,0,0,0,0,0,"C",3326,2098
-0.261476870108722,0.24859673876381,1.2891205919448,0,0,1,1,0,1,0,0,0,1,0,0,0,0,0,0,"C",2240,2099
-0.19930594497958,0.114565249019663,0.00104755793283904,0,0,1,1,0,1,0,0,0,1,0,0,0,0,0,0,"D",491,2100
-0.15020002442436,0.106153185957829,-1.68111824454827,0,0,1,1,0,1,0,0,0,1,0,0,0,0,0,0,"D",3721,2101
-0.154170917915251,0.144126890598263,-0.384889113369246,0,0,1,1,0,1,0,0,0,1,0,0,0,0,0,0,"D",3402,2102
-0.154717985917418,0.0707025375699003,0.0633567199562549,0,0,1,1,0,1,0,0,0,1,0,0,0,0,0,0,"D",368,2103
-0.05759030908022,0.0370237041593316,1.02886096932221,0,0,1,1,0,1,0,0,0,1,0,0,0,0,0,0,"D",1484,2104
-0.105390978351613,0.0726380703341756,0.243392249526036,0,0,1,1,0,1,0,0,0,1,0,0,0,0,0,0,"D",2487,2105
-0.115118786486095,0.0235348195570849,0.868310367800829,0,0,1,1,0,1,0,0,0,1,0,0,0,0,0,0,"D",1608,2106
-0.121389110620907,0.115716786036424,-0.883450127055804,0,0,1,1,0,1,0,0,0,1,0,0,0,0,0,0,"D",1462,2107
-0.105091469084828,0.0925828588014603,-0.546780124617315,0,0,1,1,0,1,0,0,0,1,0,0,0,0,0,0,"D",3495,2108
-0.146525715453794,0.109710075854565,1.57933810829802,0,0,1,1,0,1,0,0,0,1,0,0,0,0,0,0,"D",3583,2109
-0.132051208368698,0.0291905705700968,0.941392266539495,0,0,1,1,0,1,0,0,0,1,0,0,0,0,0,0,"D",1747,2110
-0.191586586590778,0.193346275425115,-2.26850427176471,0,0,1,1,0,1,0,0,0,1,0,0,0,0,0,0,"D",344,2111
-0.177559157610687,0.051752788866576,-0.71137623112847,0,0,1,1,0,1,0,0,0,1,0,0,0,0,0,0,"D",3343,2112
-0.19064024635635,0.0369845245980268,-1.43633646305149,0,0,1,1,0,1,0,0,0,1,0,0,0,0,0,0,"D",2191,2113
-0.250052034739518,0.144921454233054,-1.92088009764609,0,0,1,1,0,1,0,0,0,1,0,0,0,0,0,0,"D",2986,2114
-0.00949458243869919,0.0190361760805759,0.67608680376501,0,0,1,1,0,1,0,0,0,1,0,0,0,0,0,0,"D",3527,2115
-0.0918626682606012,0.0900308316887403,-1.4485558724932,0,0,1,1,0,1,0,0,0,1,0,0,0,0,0,0,"D",3748,2116
-0.191186623741682,0.10890748126267,0.12731922663792,0,0,1,1,0,1,0,0,0,1,0,0,0,0,0,0,"D",930,2117
-0.166299219271901,0.147891044878004,0.582575074897825,0,0,1,1,0,1,0,0,0,1,0,0,0,0,0,0,"D",1560,2118
-0.14725530395514,0.0991721086693178,1.14569840043342,0,0,1,1,0,1,0,0,0,1,0,0,0,0,0,0,"D",1549,2119
-0.180190190773573,0.109372980655187,-1.71192916260663,0,0,1,1,0,1,0,0,0,1,0,0,0,0,0,0,"D",3423,2120
-0.112350620340318,0.0138914594990202,0.535625190515358,0,0,1,1,0,1,0,0,0,1,0,0,0,0,0,0,"D",3464,2121
-0.237113748225703,0.123094652878457,0.96795898463209,0,0,1,1,0,1,0,0,0,1,0,0,0,0,0,0,"D",1646,2122
-0.16575854569,0.110919305074707,0.297551637924158,0,0,1,1,0,1,0,0,0,1,0,0,0,0,0,0,"D",2823,2123
-0.154119297391364,0.103592646461035,-2.03545151453405,0,0,1,1,0,1,0,0,0,1,0,0,0,0,0,0,"D",2022,2124
-0.16924356423993,0.116326953365977,-1.99289161631233,0,0,1,1,0,1,0,0,0,1,0,0,0,0,0,0,"D",1255,2125
-0.130070749909401,0.124546878363274,-0.0365328688075428,0,0,1,1,0,1,0,0,0,1,0,0,0,0,0,0,"D",1691,2126
-0.233385214441562,0.183480123734583,-1.27185455694445,0,0,1,1,0,1,0,0,0,1,0,0,0,0,0,0,"D",3414,2127
-0.0895034806101374,0.0584144579167545,0.997971054332316,0,0,1,1,0,1,0,0,0,1,0,0,0,0,0,0,"D",1362,2128
-0.0844302455967408,0.0734045750156592,-0.930460580053787,0,0,1,1,0,1,0,0,0,1,0,0,0,0,0,0,"D",2845,2129
-0.144642303072644,0.162055973002008,-1.14591015050246,0,0,1,1,0,1,0,0,0,1,0,0,0,0,0,0,"D",2333,2130
-0.154378123305525,0.186701349029332,0.555267631536975,0,0,1,1,0,1,0,0,0,1,0,0,0,0,0,0,"D",2005,2131
-0.215694448295335,0.0825852746742987,-1.25237720062954,0,0,1,1,0,1,0,0,0,1,0,0,0,0,0,0,"D",2937,2132
-0.171288918041003,0.105097635122552,-1.32748027346746,0,0,1,1,0,1,0,0,0,1,0,0,0,0,0,0,"D",1628,2133
-0.124840140054889,0.0605291781749344,0.269380213245484,0,0,1,1,0,1,0,0,0,1,0,0,0,0,0,0,"D",3122,2134
-0.130954549810712,0.0378856904390748,0.557349436250533,0,0,1,1,0,1,0,0,0,1,0,0,0,0,0,0,"D",666,2135
-0.157528819702913,0.123573808192613,0.0355001125467424,0,0,1,1,0,1,0,0,0,1,0,0,0,0,0,0,"D",1125,2136
-0.0488048156783216,0.067865971411493,0.588136886444935,0,0,1,1,0,1,0,0,0,1,0,0,0,0,0,0,"D",33,2137
-0.101150507314158,0.026414855680371,0.967289876206375,0,0,1,1,0,1,0,0,0,1,0,0,0,0,0,0,"D",1671,2138
-0.0832321066402995,0.0731157177432219,0.305782713463509,0,0,1,1,0,1,0,0,0,1,0,0,0,0,0,0,"D",2714,2139
-0.249907465259197,0.145313075982149,-0.385394650207538,0,0,1,1,0,1,0,0,0,1,0,0,0,0,0,0,"D",946,2140
-0.140812223086352,0.0470267196269266,0.798944608387983,0,0,1,1,0,1,0,0,0,1,0,0,0,0,0,0,"D",2718,2141
-0.129653157070822,0.0415798998268609,-0.860356336037499,0,0,1,1,0,1,0,0,0,1,0,0,0,0,0,0,"D",2372,2142
-0.137950338299306,0.0539514007591161,-0.086507222357429,0,0,1,1,0,1,0,0,0,1,0,0,0,0,0,0,"D",1117,2143
-0.147128951791216,0.0906963798047167,-0.615411611543599,0,0,1,1,0,1,0,0,0,1,0,0,0,0,0,0,"D",3186,2144
-0.0745806651609119,0.0684012510539209,-0.154568738612908,0,0,1,1,0,1,0,0,0,1,0,0,0,0,0,0,"D",2648,2145
-0.164741154214433,0.107528353448692,0.467821135321017,0,0,1,1,0,1,0,0,0,1,0,0,0,0,0,0,"D",3379,2146
-0.095302582348426,0.0768142149037998,0.531135318104907,0,0,1,1,0,1,0,0,0,1,0,0,0,0,0,0,"D",2742,2147
-0.247002572089662,0.158145179696588,-1.99321032579307,0,0,1,1,0,1,0,0,0,1,0,0,0,0,0,0,"D",2336,2148
-0.189073301741037,0.0207782078691618,-0.765895054630377,0,0,1,1,0,1,0,0,0,1,0,0,0,0,0,0,"D",267,2149
-0.172903485777796,0.108824952394414,0.840543220051501,0,0,1,1,0,1,0,0,0,1,0,0,0,0,0,0,"D",1359,2150
-0.118192852761482,0.0170907957899163,0.133502141524426,0,0,1,1,0,1,0,0,0,1,0,0,0,0,0,0,"D",1441,2151
-0.146839596087953,0.059497663390585,-0.297698911907307,0,0,1,1,0,1,0,0,0,1,0,0,0,0,0,0,"D",1962,2152
-0.146400396621535,0.0788680743681038,-0.903421106479359,0,0,1,1,0,1,0,0,0,1,0,0,0,0,0,0,"D",3717,2153
-0.166414600174101,0.153870537375821,0.54658266292625,0,0,1,1,0,1,0,0,0,1,0,0,0,0,0,0,"D",347,2154
-0.165998310032534,0.101401680227655,0.095736755304816,0,0,1,1,0,1,0,0,0,1,0,0,0,0,0,0,"D",2090,2155
-0.072751384192354,0.0590981732911889,-0.26863765672612,0,0,1,1,0,1,0,0,0,1,0,0,0,0,0,0,"D",3406,2156
-0.232335395671339,0.098441798432058,-0.499479286280962,0,0,1,1,0,1,0,0,0,1,0,0,0,0,0,0,"D",2061,2157
-0.14458138912644,0.0807696530961439,2.30931379811389,0,0,1,1,0,1,0,0,0,1,0,0,0,0,0,0,"D",3699,2158
-0.0843480726226309,0.0495746295193152,1.47012892425771,0,0,1,1,0,1,0,0,0,1,0,0,0,0,0,0,"D",1385,2159
-0.118266341389539,0.134855046956611,1.81373866203364,0,0,1,1,0,1,0,0,0,1,0,0,0,0,0,0,"D",729,2160
-0.167262623461167,0.157556633337966,1.5840782866148,0,0,1,1,0,1,0,0,0,1,0,0,0,0,0,0,"D",712,2161
-0.18748404930041,0.0668315950447891,-0.290678869472757,0,0,1,1,0,1,0,0,0,1,0,0,0,0,0,0,"D",656,2162
-0.217042971157556,0.180906058120063,-1.29942096172218,0,0,1,1,0,1,0,0,0,1,0,0,0,0,0,0,"D",1397,2163
-0.14760289715644,0.0990001198852424,-2.05990912495478,0,0,1,1,0,1,0,0,0,1,0,0,0,0,0,0,"D",2074,2164
-0.155470796227762,0.104522116660675,0.0531642471630244,0,0,1,1,0,1,0,0,0,1,0,0,0,0,0,0,"D",857,2165
-0.120583991213706,0.129564851187665,1.11950657869625,0,0,1,1,0,1,0,0,0,1,0,0,0,0,0,0,"D",2257,2166
-0.100917282772706,0.0143992687103318,0.708650339863364,0,0,1,1,0,1,0,0,0,1,0,0,0,0,0,0,"D",1072,2167
-0.156943804492484,0.0977624647422863,-0.432219730788421,0,0,1,1,0,1,0,0,0,1,0,0,0,0,0,0,"D",1687,2168
-0.154057748648413,0.0852834962278626,0.575458842346034,0,0,1,1,0,1,0,0,0,1,0,0,0,0,0,0,"D",2575,2169
-0.214630454698974,0.134928785280432,-0.531612205458105,0,0,1,1,0,1,0,0,0,1,0,0,0,0,0,0,"D",3006,2170
-0.14024336890617,0.0640668515023158,0.0649894175113225,0,0,1,1,0,1,0,0,0,1,0,0,0,0,0,0,"D",3732,2171
-0.0849686084139963,0.10453075102893,0.189485000437836,0,0,1,1,0,1,0,0,0,1,0,0,0,0,0,0,"D",482,2172
-0.176694490373729,0.118585240021641,-1.54379846433526,0,0,1,1,0,1,0,0,0,1,0,0,0,0,0,0,"D",1341,2173
-0.120222229115391,0.0900958671357259,-0.643743295754856,0,0,1,1,0,1,0,0,0,1,0,0,0,0,0,0,"D",3204,2174
-0.121003551313666,0.071148025701594,0.76410405020097,0,0,1,1,0,1,0,0,0,1,0,0,0,0,0,0,"D",1763,2175
-0.127089744456265,0.0881471582567626,0.184414831040824,0,0,1,1,0,1,0,0,0,1,0,0,0,0,0,0,"D",2318,2176
-0.115662547166044,0.117373665314732,0.0349240617067852,0,0,1,1,0,1,0,0,0,1,0,0,0,0,0,0,"D",1059,2177
-0.206228957681792,0.169878565159797,-1.44265600094956,0,0,1,1,0,1,0,0,0,1,0,0,0,0,0,0,"D",1290,2178
-0.188066819578889,0.12842069904155,-0.660345328945531,0,0,1,1,0,1,0,0,0,1,0,0,0,0,0,0,"D",3146,2179
-0.112150259321971,0.123866936337661,0.980187368973601,0,0,1,1,0,1,0,0,0,1,0,0,0,0,0,0,"D",1594,2180
-0.236943969438988,0.224031978826499,-2.66482210830423,0,0,1,1,0,1,0,0,0,1,0,0,0,0,0,0,"D",2727,2181
-0.0927745821187225,0.0465168569000098,1.63026057525563,0,0,1,1,0,1,0,0,0,1,0,0,0,0,0,0,"D",2960,2182
-0.131752252897406,0.0754789642886059,0.0522564349242097,0,0,1,1,0,1,0,0,0,1,0,0,0,0,0,0,"D",3738,2183
-0.265574325100991,0.205015333197229,2.24830820132627,0,0,1,1,0,1,0,0,0,1,0,0,0,0,0,0,"D",1567,2184
-0.106602585699137,0.0554016743918712,0.137990560292368,0,0,1,1,0,1,0,0,0,1,0,0,0,0,0,0,"D",1930,2185
-0.179051252170172,-0.00688784270963569,0.554777173856206,0,0,1,1,0,1,0,0,0,1,0,0,0,0,0,0,"D",3714,2186
-0.159462287522103,0.143365024388498,0.628804249844429,0,0,1,1,0,1,0,0,0,1,0,0,0,0,0,0,"D",435,2187
-0.130159845684741,0.0479897406294299,0.412475053773799,0,0,1,1,0,1,0,0,0,1,0,0,0,0,0,0,"D",1461,2188
-0.145844163815169,0.0916444064069275,-0.73719411355559,0,0,1,1,0,1,0,0,0,1,0,0,0,0,0,0,"D",2661,2189
-0.0991535932145339,0.0858841668050505,1.30097874731435,0,0,1,1,0,1,0,0,0,1,0,0,0,0,0,0,"D",1967,2190
-0.208946909455241,0.0462654968593602,-1.24366775702352,0,0,1,1,0,1,0,0,0,1,0,0,0,0,0,0,"D",2087,2191
-0.149261153090797,0.129143241879193,-0.882843240904088,0,0,1,1,0,1,0,0,0,1,0,0,0,0,0,0,"D",2137,2192
-0.170740954646069,0.132210974921367,2.24736309530017,0,0,1,1,0,1,0,0,0,1,0,0,0,0,0,0,"D",2578,2193
-0.193979890778717,0.0907596543322531,-0.454511360686501,0,0,1,1,0,1,0,0,0,1,0,0,0,0,0,0,"D",899,2194
-0.303954828471839,0.171141259971201,-1.99984338989638,0,0,1,1,0,1,0,0,0,1,0,0,0,0,0,0,"D",3030,2195
-0.294822862506175,0.187058423409109,1.26065540360908,0,0,1,1,0,1,0,0,0,1,0,0,0,0,0,0,"D",2602,2196
-0.112542192501245,0.0704085203061734,0.155213275483683,0,0,1,1,0,1,0,0,0,1,0,0,0,0,0,0,"D",394,2197
-0.161526498945052,0.11372078791144,0.928210067974913,0,0,1,1,0,1,0,0,0,1,0,0,0,0,0,0,"D",3326,2198
-0.228238349422693,0.185977577759897,-1.81510651873552,0,0,1,1,0,1,0,0,0,1,0,0,0,0,0,0,"D",2240,2199
-0.159861187678517,0.163864266609808,2.28856733144098,0,0,1,1,0,1,0,0,0,0,0,0,1,0,0,0,"C",491,2200
-0.200526927788852,0.168284228863833,1.85704268366726,0,0,1,1,0,1,0,0,0,0,0,0,1,0,0,0,"C",3721,2201
-0.194267354090187,0.185151037655026,1.4090963610117,0,0,1,1,0,1,0,0,0,0,0,0,1,0,0,0,"C",3402,2202
-0.156164711698051,0.160752785099342,1.97602047909915,0,0,1,1,0,1,0,0,0,0,0,0,1,0,0,0,"C",368,2203
-0.194747130257802,0.186835912633394,1.32181071787995,0,0,1,1,0,1,0,0,0,0,0,0,1,0,0,0,"C",1484,2204
-0.22158176807513,0.216096573388376,1.17896016463724,0,0,1,1,0,1,0,0,0,0,0,0,1,0,0,0,"C",2487,2205
-0.236286267719982,0.212553998900228,1.39023440344234,0,0,1,1,0,1,0,0,0,0,0,0,1,0,0,0,"C",1608,2206
-0.199926368870869,0.193866582528339,1.43387592263642,0,0,1,1,0,1,0,0,0,0,0,0,1,0,0,0,"C",1462,2207
-0.185782862309251,0.177457911700438,1.39627981461752,0,0,1,1,0,1,0,0,0,0,0,0,1,0,0,0,"C",3495,2208
-0.247908420489983,0.242357792986951,1.14968324242253,0,0,1,1,0,1,0,0,0,0,0,0,1,0,0,0,"C",3583,2209
-0.203610010205322,0.189744990079557,0.22754627771918,0,0,1,1,0,1,0,0,0,0,0,0,1,0,0,0,"C",1747,2210
-0.17849677762002,0.154808789325772,0.65828368279997,0,0,1,1,0,1,0,0,0,0,0,0,1,0,0,0,"C",344,2211
-0.189286084610291,0.190653251920618,1.1977121930112,0,0,1,1,0,1,0,0,0,0,0,0,1,0,0,0,"C",3343,2212
-0.104170462658938,0.0999944899136042,2.07576837783489,0,0,1,1,0,1,0,0,0,0,0,0,1,0,0,0,"C",2191,2213
-0.239896151702041,0.201144071129067,1.41274780704932,0,0,1,1,0,1,0,0,0,0,0,0,1,0,0,0,"C",2986,2214
-0.155338208158586,0.142685241422624,1.4293236739027,0,0,1,1,0,1,0,0,0,0,0,0,1,0,0,0,"C",3527,2215
-0.239457972092834,0.243175843698757,1.4714396531613,0,0,1,1,0,1,0,0,0,0,0,0,1,0,0,0,"C",3748,2216
-0.231551505809397,0.255019893945687,1.13419186413343,0,0,1,1,0,1,0,0,0,0,0,0,1,0,0,0,"C",930,2217
-0.175152833245073,0.189412879572641,1.59617983171255,0,0,1,1,0,1,0,0,0,0,0,0,1,0,0,0,"C",1560,2218
-0.234086632062788,0.198552785711489,1.17367426998793,0,0,1,1,0,1,0,0,0,0,0,0,1,0,0,0,"C",1549,2219
-0.130129203325945,0.115729454337677,0.995964171059719,0,0,1,1,0,1,0,0,0,0,0,0,1,0,0,0,"C",3423,2220
-0.189423680389006,0.184538555731277,1.01760878410253,0,0,1,1,0,1,0,0,0,0,0,0,1,0,0,0,"C",3464,2221
-0.15975483209069,0.137873266374644,2.08897748912565,0,0,1,1,0,1,0,0,0,0,0,0,1,0,0,0,"C",1646,2222
-0.209001225428634,0.185466108053943,1.59557370115403,0,0,1,1,0,1,0,0,0,0,0,0,1,0,0,0,"C",2823,2223
-0.115626056853048,0.126504871527133,-0.218185407679544,0,0,1,1,0,1,0,0,0,0,0,0,1,0,0,0,"C",2022,2224
-0.230181407212316,0.242936748275632,0.941374459953618,0,0,1,1,0,1,0,0,0,0,0,0,1,0,0,0,"C",1255,2225
-0.228735663692749,0.231317309075269,1.37230136901508,0,0,1,1,0,1,0,0,0,0,0,0,1,0,0,0,"C",1691,2226
-0.195477532989774,0.176478648950676,1.58371914624601,0,0,1,1,0,1,0,0,0,0,0,0,1,0,0,0,"C",3414,2227
-0.236449895362328,0.225682690469816,1.32526865777661,0,0,1,1,0,1,0,0,0,0,0,0,1,0,0,0,"C",1362,2228
-0.218698139305798,0.197979559035016,1.45625696872985,0,0,1,1,0,1,0,0,0,0,0,0,1,0,0,0,"C",2845,2229
-0.202127522033296,0.198988972435516,0.987249617420693,0,0,1,1,0,1,0,0,0,0,0,0,1,0,0,0,"C",2333,2230
-0.231940759926023,0.188638880084272,1.46596956025819,0,0,1,1,0,1,0,0,0,0,0,0,1,0,0,0,"C",2005,2231
-0.129122297975785,0.112321709316094,1.10002012816822,0,0,1,1,0,1,0,0,0,0,0,0,1,0,0,0,"C",2937,2232
-0.208150558028047,0.205156951892425,1.83953518175673,0,0,1,1,0,1,0,0,0,0,0,0,1,0,0,0,"C",1628,2233
-0.203822696136134,0.161155680313114,1.47732612829038,0,0,1,1,0,1,0,0,0,0,0,0,1,0,0,0,"C",3122,2234
-0.210236358353484,0.179970018666008,1.06107475518576,0,0,1,1,0,1,0,0,0,0,0,0,1,0,0,0,"C",666,2235
-0.275830183203871,0.243929854451113,1.05620367998178,0,0,1,1,0,1,0,0,0,0,0,0,1,0,0,0,"C",1125,2236
-0.181393011755884,0.157858015196238,1.45662894362954,0,0,1,1,0,1,0,0,0,0,0,0,1,0,0,0,"C",33,2237
-0.229633967051338,0.221860302840134,1.31383597696265,0,0,1,1,0,1,0,0,0,0,0,0,1,0,0,0,"C",1671,2238
-0.16557633986067,0.161368159251916,1.48847388391407,0,0,1,1,0,1,0,0,0,0,0,0,1,0,0,0,"C",2714,2239
-0.225695658221064,0.219787243183643,1.02873493513551,0,0,1,1,0,1,0,0,0,0,0,0,1,0,0,0,"C",946,2240
-0.197759342803451,0.207091604710578,1.68476596546242,0,0,1,1,0,1,0,0,0,0,0,0,1,0,0,0,"C",2718,2241
-0.174747157825987,0.181462839087725,1.2725310410133,0,0,1,1,0,1,0,0,0,0,0,0,1,0,0,0,"C",2372,2242
-0.135636615791335,0.144472107394652,2.16877152491903,0,0,1,1,0,1,0,0,0,0,0,0,1,0,0,0,"C",1117,2243
-0.19643582898646,0.181058790641997,1.4794353139825,0,0,1,1,0,1,0,0,0,0,0,0,1,0,0,0,"C",3186,2244
-0.122095098168477,0.101425230312621,0.919009589356116,0,0,1,1,0,1,0,0,0,0,0,0,1,0,0,0,"C",2648,2245
-0.19804909625887,0.200215006018172,1.27092308129266,0,0,1,1,0,1,0,0,0,0,0,0,1,0,0,0,"C",3379,2246
-0.17392515257418,0.147654580525478,1.67434789887206,0,0,1,1,0,1,0,0,0,0,0,0,1,0,0,0,"C",2742,2247
-0.191673827262288,0.176663096903742,1.07752138471445,0,0,1,1,0,1,0,0,0,0,0,0,1,0,0,0,"C",2336,2248
-0.212945263776931,0.202468738273291,0.847110955388015,0,0,1,1,0,1,0,0,0,0,0,0,1,0,0,0,"C",267,2249
-0.217745999050809,0.1992486124245,0.964919834273978,0,0,1,1,0,1,0,0,0,0,0,0,1,0,0,0,"C",1359,2250
-0.256449819846544,0.256499198122563,0.801672877246435,0,0,1,1,0,1,0,0,0,0,0,0,1,0,0,0,"C",1441,2251
-0.269494966216792,0.225450170602057,1.10825752245543,0,0,1,1,0,1,0,0,0,0,0,0,1,0,0,0,"C",1962,2252
-0.242785272551709,0.232754918612635,2.0368736878552,0,0,1,1,0,1,0,0,0,0,0,0,1,0,0,0,"C",3717,2253
-0.180607752760249,0.140494259286866,1.7716083432568,0,0,1,1,0,1,0,0,0,0,0,0,1,0,0,0,"C",347,2254
-0.230729875841471,0.21840722235924,1.39390677494402,0,0,1,1,0,1,0,0,0,0,0,0,1,0,0,0,"C",2090,2255
-0.19517989035987,0.183653964384248,1.10492708617667,0,0,1,1,0,1,0,0,0,0,0,0,1,0,0,0,"C",3406,2256
-0.235669348270215,0.201551445546599,1.60548831602905,0,0,1,1,0,1,0,0,0,0,0,0,1,0,0,0,"C",2061,2257
-0.225807553801206,0.202504244689801,1.04232291220022,0,0,1,1,0,1,0,0,0,0,0,0,1,0,0,0,"C",3699,2258
-0.214002522716713,0.164024835401448,1.10702561206533,0,0,1,1,0,1,0,0,0,0,0,0,1,0,0,0,"C",1385,2259
-0.16922733118565,0.150627961268641,0.896761885710249,0,0,1,1,0,1,0,0,0,0,0,0,1,0,0,0,"C",729,2260
-0.189041765787049,0.183444037363852,1.03376348813071,0,0,1,1,0,1,0,0,0,0,0,0,1,0,0,0,"C",712,2261
-0.234497350602319,0.223865186111386,1.39281834092189,0,0,1,1,0,1,0,0,0,0,0,0,1,0,0,0,"C",656,2262
-0.235404099077307,0.237191094360546,1.33161167998701,0,0,1,1,0,1,0,0,0,0,0,0,1,0,0,0,"C",1397,2263
-0.226187654172687,0.221495054044048,0.980558194248136,0,0,1,1,0,1,0,0,0,0,0,0,1,0,0,0,"C",2074,2264
-0.217001087470047,0.202725057904324,1.59959839097844,0,0,1,1,0,1,0,0,0,0,0,0,1,0,0,0,"C",857,2265
-0.115238280511445,0.10162368270305,2.07807063887956,0,0,1,1,0,1,0,0,0,0,0,0,1,0,0,0,"C",2257,2266
-0.100524702453703,0.091370222066172,1.12994455667984,0,0,1,1,0,1,0,0,0,0,0,0,1,0,0,0,"C",1072,2267
-0.215507570905105,0.162024429297736,1.3279834555668,0,0,1,1,0,1,0,0,0,0,0,0,1,0,0,0,"C",1687,2268
-0.176667412650823,0.153183190301102,2.24425203428761,0,0,1,1,0,1,0,0,0,0,0,0,1,0,0,0,"C",2575,2269
-0.212968102054081,0.202100183769788,1.60525964417806,0,0,1,1,0,1,0,0,0,0,0,0,1,0,0,0,"C",3006,2270
-0.245900299479717,0.246282355929003,1.33290356517002,0,0,1,1,0,1,0,0,0,0,0,0,1,0,0,0,"C",3732,2271
-0.203323981085461,0.165929062057888,1.25247363866775,0,0,1,1,0,1,0,0,0,0,0,0,1,0,0,0,"C",482,2272
-0.177273776917234,0.162338526895441,1.59769857397037,0,0,1,1,0,1,0,0,0,0,0,0,1,0,0,0,"C",1341,2273
-0.185166685924233,0.188663736112086,1.58427801684602,0,0,1,1,0,1,0,0,0,0,0,0,1,0,0,0,"C",3204,2274
-0.233206896043689,0.178723216733621,0.63135422553964,0,0,1,1,0,1,0,0,0,0,0,0,1,0,0,0,"C",1763,2275
-0.141201778472998,0.124040671021914,2.42926716144288,0,0,1,1,0,1,0,0,0,0,0,0,1,0,0,0,"C",2318,2276
-0.193346472086269,0.135823065930955,1.16304699967286,0,0,1,1,0,1,0,0,0,0,0,0,1,0,0,0,"C",1059,2277
-0.175774361949852,0.167742417327391,1.42866688565633,0,0,1,1,0,1,0,0,0,0,0,0,1,0,0,0,"C",1290,2278
-0.250261372962866,0.229151224081135,1.34804504031613,0,0,1,1,0,1,0,0,0,0,0,0,1,0,0,0,"C",3146,2279
-0.219344655785677,0.231010612503619,1.61319489723624,0,0,1,1,0,1,0,0,0,0,0,0,1,0,0,0,"C",1594,2280
-0.15912108465829,0.132559646980301,1.17867176134202,0,0,1,1,0,1,0,0,0,0,0,0,1,0,0,0,"C",2727,2281
-0.158922804813859,0.145594279134374,1.51058560529201,0,0,1,1,0,1,0,0,0,0,0,0,1,0,0,0,"C",2960,2282
-0.188630017597968,0.182247353984519,1.69888278532212,0,0,1,1,0,1,0,0,0,0,0,0,1,0,0,0,"C",3738,2283
-0.305669587418556,0.287392883544491,0.882953685403668,0,0,1,1,0,1,0,0,0,0,0,0,1,0,0,0,"C",1567,2284
-0.210695032204947,0.19602632582492,1.47578721247286,0,0,1,1,0,1,0,0,0,0,0,0,1,0,0,0,"C",1930,2285
-0.166586958307231,0.164901111772438,1.48760113972844,0,0,1,1,0,1,0,0,0,0,0,0,1,0,0,0,"C",3714,2286
-0.188434890280358,0.187056636948837,1.03875152583819,0,0,1,1,0,1,0,0,0,0,0,0,1,0,0,0,"C",435,2287
-0.153938031433179,0.135372869618357,1.51869983954481,0,0,1,1,0,1,0,0,0,0,0,0,1,0,0,0,"C",1461,2288
-0.122252024285181,0.115357485952959,1.71434997623172,0,0,1,1,0,1,0,0,0,0,0,0,1,0,0,0,"C",2661,2289
-0.186842700786397,0.175661493801367,1.77232954352251,0,0,1,1,0,1,0,0,0,0,0,0,1,0,0,0,"C",1967,2290
-0.180945588123705,0.166270437222506,1.31681602806568,0,0,1,1,0,1,0,0,0,0,0,0,1,0,0,0,"C",2087,2291
-0.136764549771177,0.115288700904287,2.26522787114094,0,0,1,1,0,1,0,0,0,0,0,0,1,0,0,0,"C",2137,2292
-0.138085264979638,0.117977198019994,1.13984115261951,0,0,1,1,0,1,0,0,0,0,0,0,1,0,0,0,"C",2578,2293
-0.174421197471171,0.167267531357225,0.616489431595335,0,0,1,1,0,1,0,0,0,0,0,0,1,0,0,0,"C",899,2294
-0.275375847082577,0.245234360003056,1.2955719447806,0,0,1,1,0,1,0,0,0,0,0,0,1,0,0,0,"C",3030,2295
-0.201583802142896,0.218360721637695,1.90876164361031,0,0,1,1,0,1,0,0,0,0,0,0,1,0,0,0,"C",2602,2296
-0.146610697043491,0.138665162048285,1.18615815175985,0,0,1,1,0,1,0,0,0,0,0,0,1,0,0,0,"C",394,2297
-0.146343211717997,0.120941219707471,1.66143386166618,0,0,1,1,0,1,0,0,0,0,0,0,1,0,0,0,"C",3326,2298
-0.257485792635496,0.235137776514024,1.55633394119839,0,0,1,1,0,1,0,0,0,0,0,0,1,0,0,0,"C",2240,2299
-0.153399889523542,0.0641981025816469,0.913607113790289,0,0,1,1,0,1,0,0,0,0,0,0,1,0,0,0,"D",491,2300
-0.0788724499751383,0.11427897285666,-0.239971638962525,0,0,1,1,0,1,0,0,0,0,0,0,1,0,0,0,"D",3721,2301
-0.241374493475593,0.291072381307599,-2.02266099072562,0,0,1,1,0,1,0,0,0,0,0,0,1,0,0,0,"D",3402,2302
-0.0274175360674345,0.178321034972589,1.3885231203867,0,0,1,1,0,1,0,0,0,0,0,0,1,0,0,0,"D",368,2303
-0.112438565479876,0.1783241171189,-1.34392396864726,0,0,1,1,0,1,0,0,0,0,0,0,1,0,0,0,"D",1484,2304
-0.0657343165057033,0.0826011801099376,-0.431134381843768,0,0,1,1,0,1,0,0,0,0,0,0,1,0,0,0,"D",2487,2305
-0.158673822510788,0.221605891887462,1.26465238552734,0,0,1,1,0,1,0,0,0,0,0,0,1,0,0,0,"D",1608,2306
0.0293589213408801,0.0469781037596785,1.07808872665517,0,0,1,1,0,1,0,0,0,0,0,0,1,0,0,0,"D",1462,2307
-0.113733951587732,0.100349404408564,1.32045428909974,0,0,1,1,0,1,0,0,0,0,0,0,1,0,0,0,"D",3495,2308
-0.161544167703075,0.1313973726903,1.76084522170441,0,0,1,1,0,1,0,0,0,0,0,0,1,0,0,0,"D",3583,2309
-0.233744348457128,0.223639007872232,-1.86093611666706,0,0,1,1,0,1,0,0,0,0,0,0,1,0,0,0,"D",1747,2310
-0.13374121443492,0.0676620552306803,0.469126809590775,0,0,1,1,0,1,0,0,0,0,0,0,1,0,0,0,"D",344,2311
-0.0418961247076403,0.0985243882374447,0.896029615675003,0,0,1,1,0,1,0,0,0,0,0,0,1,0,0,0,"D",3343,2312
-0.0254059857109633,0.0926297344412153,0.381626972971396,0,0,1,1,0,1,0,0,0,0,0,0,1,0,0,0,"D",2191,2313
-0.139922376941638,0.203597507673207,-1.30526574084229,0,0,1,1,0,1,0,0,0,0,0,0,1,0,0,0,"D",2986,2314
-0.1478571119237,0.172892927816589,0.280711007591644,0,0,1,1,0,1,0,0,0,0,0,0,1,0,0,0,"D",3527,2315
-0.135802900303836,0.125645758419636,1.87486798240792,0,0,1,1,0,1,0,0,0,0,0,0,1,0,0,0,"D",3748,2316
-0.225174746477948,0.180726217737889,-2.22852613038348,0,0,1,1,0,1,0,0,0,0,0,0,1,0,0,0,"D",930,2317
-0.0981952764079358,0.137830508829106,0.340319315070063,0,0,1,1,0,1,0,0,0,0,0,0,1,0,0,0,"D",1560,2318
-0.0558734301190292,0.0692995278141697,-0.708978506056497,0,0,1,1,0,1,0,0,0,0,0,0,1,0,0,0,"D",1549,2319
-0.119177689645579,0.196047870476722,0.99221508639229,0,0,1,1,0,1,0,0,0,0,0,0,1,0,0,0,"D",3423,2320
-0.00476802380656325,0.0746109112385449,0.633338694763454,0,0,1,1,0,1,0,0,0,0,0,0,1,0,0,0,"D",3464,2321
-0.101713780017963,0.101229380936234,1.35965423121661,0,0,1,1,0,1,0,0,0,0,0,0,1,0,0,0,"D",1646,2322
-0.231779018685848,0.233750833204742,-0.953328221079305,0,0,1,1,0,1,0,0,0,0,0,0,1,0,0,0,"D",2823,2323
-0.176458587425729,0.129204731310887,1.18371974493259,0,0,1,1,0,1,0,0,0,0,0,0,1,0,0,0,"D",2022,2324
-0.1578424856311,0.0788518267447166,1.11407157048102,0,0,1,1,0,1,0,0,0,0,0,0,1,0,0,0,"D",1255,2325
-0.0467305654732881,0.128652241410681,0.901649825770833,0,0,1,1,0,1,0,0,0,0,0,0,1,0,0,0,"D",1691,2326
-0.147411043347204,0.132917874869412,1.21714461292785,0,0,1,1,0,1,0,0,0,0,0,0,1,0,0,0,"D",3414,2327
-0.184796232302858,0.227722207245646,-1.76787882068151,0,0,1,1,0,1,0,0,0,0,0,0,1,0,0,0,"D",1362,2328
0.0178269957858862,0.0901029831380871,0.733211079890913,0,0,1,1,0,1,0,0,0,0,0,0,1,0,0,0,"D",2845,2329
-0.0343937995656574,0.0814009049427325,-0.375185044669513,0,0,1,1,0,1,0,0,0,0,0,0,1,0,0,0,"D",2333,2330
-0.125134680614102,0.0983065633839815,0.870961336331958,0,0,1,1,0,1,0,0,0,0,0,0,1,0,0,0,"D",2005,2331
-0.103632319806163,0.192562543983426,2.40706470932037,0,0,1,1,0,1,0,0,0,0,0,0,1,0,0,0,"D",2937,2332
-0.100391517795969,0.201880104986789,-0.0395266677070945,0,0,1,1,0,1,0,0,0,0,0,0,1,0,0,0,"D",1628,2333
-0.09957091501616,0.124053412811386,1.79233682523336,0,0,1,1,0,1,0,0,0,0,0,0,1,0,0,0,"D",3122,2334
-0.0825058968081989,0.130195390891662,0.725508005076807,0,0,1,1,0,1,0,0,0,0,0,0,1,0,0,0,"D",666,2335
0.00524690359100735,0.0962439723242229,-1.00549111459885,0,0,1,1,0,1,0,0,0,0,0,0,1,0,0,0,"D",1125,2336
-0.0768454760971633,0.156645216104487,-1.20721308479509,0,0,1,1,0,1,0,0,0,0,0,0,1,0,0,0,"D",33,2337
-0.16189316964478,0.265434233680916,-2.07376256286006,0,0,1,1,0,1,0,0,0,0,0,0,1,0,0,0,"D",1671,2338
-0.0601693092671317,0.132282638442666,2.0018338872092,0,0,1,1,0,1,0,0,0,0,0,0,1,0,0,0,"D",2714,2339
-0.141557306139832,0.140713036871902,0.414129969359282,0,0,1,1,0,1,0,0,0,0,0,0,1,0,0,0,"D",946,2340
-0.00444720943855794,0.0862262646365425,-0.844647952753293,0,0,1,1,0,1,0,0,0,0,0,0,1,0,0,0,"D",2718,2341
-0.175360311246375,0.175441715040992,1.36454609699939,0,0,1,1,0,1,0,0,0,0,0,0,1,0,0,0,"D",2372,2342
-0.0192503286418587,0.124030394311658,0.878724239617326,0,0,1,1,0,1,0,0,0,0,0,0,1,0,0,0,"D",1117,2343
-0.264493364894008,0.20663518550187,1.25558281387972,0,0,1,1,0,1,0,0,0,0,0,0,1,0,0,0,"D",3186,2344
-0.130099607455471,0.0818755567061319,-0.890221289990183,0,0,1,1,0,1,0,0,0,0,0,0,1,0,0,0,"D",2648,2345
-0.161255872276972,0.137610617594409,0.831602405943697,0,0,1,1,0,1,0,0,0,0,0,0,1,0,0,0,"D",3379,2346
-0.0524278167281426,0.122716484081148,-1.91760128785327,0,0,1,1,0,1,0,0,0,0,0,0,1,0,0,0,"D",2742,2347
-0.0113208866839663,0.0575652575211962,0.712078801731698,0,0,1,1,0,1,0,0,0,0,0,0,1,0,0,0,"D",2336,2348
-0.154873239844063,0.258857296488786,-1.74551978819268,0,0,1,1,0,1,0,0,0,0,0,0,1,0,0,0,"D",267,2349
-0.139173036824503,0.185048053133574,0.247607069592641,0,0,1,1,0,1,0,0,0,0,0,0,1,0,0,0,"D",1359,2350
-0.0266239722390025,0.0695069028617291,0.0651212256911314,0,0,1,1,0,1,0,0,0,0,0,0,1,0,0,0,"D",1441,2351
-0.141218613294668,0.236600036781291,1.68048546463531,0,0,1,1,0,1,0,0,0,0,0,0,1,0,0,0,"D",1962,2352
-0.042897603993758,0.107450213986887,-1.28448730063947,0,0,1,1,0,1,0,0,0,0,0,0,1,0,0,0,"D",3717,2353
-0.0979912894723816,0.139661866439991,1.76583466787221,0,0,1,1,0,1,0,0,0,0,0,0,1,0,0,0,"D",347,2354
-0.129402521587322,0.227137936469076,1.20399143655633,0,0,1,1,0,1,0,0,0,0,0,0,1,0,0,0,"D",2090,2355
-0.0738509562275694,0.0643860336681491,0.85584728357746,0,0,1,1,0,1,0,0,0,0,0,0,1,0,0,0,"D",3406,2356
-0.0134685116728189,0.118323460672061,-0.0518275587824416,0,0,1,1,0,1,0,0,0,0,0,0,1,0,0,0,"D",2061,2357
-0.24443422447764,0.227461963594667,-1.94016340407915,0,0,1,1,0,1,0,0,0,0,0,0,1,0,0,0,"D",3699,2358
-0.135511109161728,0.115187268409573,-1.61359719862684,0,0,1,1,0,1,0,0,0,0,0,0,1,0,0,0,"D",1385,2359
-0.120833781719018,0.110271764321541,-2.00632409854487,0,0,1,1,0,1,0,0,0,0,0,0,1,0,0,0,"D",729,2360
-0.144585654820279,0.155210481263811,0.920393557973066,0,0,1,1,0,1,0,0,0,0,0,0,1,0,0,0,"D",712,2361
-0.0832219674252277,0.131356118926578,1.33026848832987,0,0,1,1,0,1,0,0,0,0,0,0,1,0,0,0,"D",656,2362
-0.177727037193345,0.244351236025851,0.816752405129634,0,0,1,1,0,1,0,0,0,0,0,0,1,0,0,0,"D",1397,2363
-0.223526002483726,0.127233208453981,-1.24136399912518,0,0,1,1,0,1,0,0,0,0,0,0,1,0,0,0,"D",2074,2364
-0.0866454516111124,0.104450520404143,0.882417180596209,0,0,1,1,0,1,0,0,0,0,0,0,1,0,0,0,"D",857,2365
-0.134138795538936,0.130332317046471,-1.03094846697052,0,0,1,1,0,1,0,0,0,0,0,0,1,0,0,0,"D",2257,2366
-0.153724968633106,0.166936181875233,-0.841049177322145,0,0,1,1,0,1,0,0,0,0,0,0,1,0,0,0,"D",1072,2367
-0.204526090796556,0.200298288377305,-0.980708109269382,0,0,1,1,0,1,0,0,0,0,0,0,1,0,0,0,"D",1687,2368
-0.0721022382066987,0.108129593097411,0.322430316484155,0,0,1,1,0,1,0,0,0,0,0,0,1,0,0,0,"D",2575,2369
-0.185891737216665,0.211918109113849,-1.88985692944238,0,0,1,1,0,1,0,0,0,0,0,0,1,0,0,0,"D",3006,2370
-0.144370116502746,0.21385197078299,-2.21906753986881,0,0,1,1,0,1,0,0,0,0,0,0,1,0,0,0,"D",3732,2371
-0.156837658739,0.184672959469099,0.484011848336292,0,0,1,1,0,1,0,0,0,0,0,0,1,0,0,0,"D",482,2372
-0.167073552201104,0.148380757574852,-1.99265453729199,0,0,1,1,0,1,0,0,0,0,0,0,1,0,0,0,"D",1341,2373
-0.169524952057246,0.127866845953442,1.08540460231987,0,0,1,1,0,1,0,0,0,0,0,0,1,0,0,0,"D",3204,2374
-0.135893448872229,0.0882334004934623,0.672549855543969,0,0,1,1,0,1,0,0,0,0,0,0,1,0,0,0,"D",1763,2375
-0.181683421362753,0.192316668829273,-1.06579149427455,0,0,1,1,0,1,0,0,0,0,0,0,1,0,0,0,"D",2318,2376
-0.211531274082203,0.318301879371991,-1.5996686308428,0,0,1,1,0,1,0,0,0,0,0,0,1,0,0,0,"D",1059,2377
-0.0815326222218884,0.116758491148873,0.738078551752795,0,0,1,1,0,1,0,0,0,0,0,0,1,0,0,0,"D",1290,2378
-0.0700045731948509,0.128165058333586,1.12608508891681,0,0,1,1,0,1,0,0,0,0,0,0,1,0,0,0,"D",3146,2379
-0.0921992012785467,0.122275147755168,0.257285706347611,0,0,1,1,0,1,0,0,0,0,0,0,1,0,0,0,"D",1594,2380
-0.0431113464090319,0.140352392231586,-2.35999030727225,0,0,1,1,0,1,0,0,0,0,0,0,1,0,0,0,"D",2727,2381
-0.121436275163397,0.180965610263145,0.783932145402497,0,0,1,1,0,1,0,0,0,0,0,0,1,0,0,0,"D",2960,2382
-0.136577477904041,0.136577915997477,1.33145828431878,0,0,1,1,0,1,0,0,0,0,0,0,1,0,0,0,"D",3738,2383
-0.136103727720499,0.245726228572901,-1.74309283268539,0,0,1,1,0,1,0,0,0,0,0,0,1,0,0,0,"D",1567,2384
-0.0797942700511637,0.0698425533763478,0.901014327510665,0,0,1,1,0,1,0,0,0,0,0,0,1,0,0,0,"D",1930,2385
-0.0800454604539214,0.172702575358037,0.137804915164583,0,0,1,1,0,1,0,0,0,0,0,0,1,0,0,0,"D",3714,2386
-0.191491612720279,0.161565350231882,0.686238438676446,0,0,1,1,0,1,0,0,0,0,0,0,1,0,0,0,"D",435,2387
-0.191378591833773,0.263953507258263,-1.22288768671939,0,0,1,1,0,1,0,0,0,0,0,0,1,0,0,0,"D",1461,2388
-0.224975755880495,0.293947210453031,-1.93801240752678,0,0,1,1,0,1,0,0,0,0,0,0,1,0,0,0,"D",2661,2389
-0.0814935607001797,0.108357143999895,-0.174938136756937,0,0,1,1,0,1,0,0,0,0,0,0,1,0,0,0,"D",1967,2390
-0.0932445645201896,0.0711325230429,0.627180109232701,0,0,1,1,0,1,0,0,0,0,0,0,1,0,0,0,"D",2087,2391
-0.161038933054001,0.122517774782917,1.02911465089454,0,0,1,1,0,1,0,0,0,0,0,0,1,0,0,0,"D",2137,2392
-0.156389288873493,0.20696212398692,-1.67025820911768,0,0,1,1,0,1,0,0,0,0,0,0,1,0,0,0,"D",2578,2393
-0.0706506842169783,0.0366132215272768,1.09064070907038,0,0,1,1,0,1,0,0,0,0,0,0,1,0,0,0,"D",899,2394
-0.0957038697566617,0.071038448174438,0.0633330288457429,0,0,1,1,0,1,0,0,0,0,0,0,1,0,0,0,"D",3030,2395
-0.0632396517252262,0.0585572936409136,0.982394262333997,0,0,1,1,0,1,0,0,0,0,0,0,1,0,0,0,"D",2602,2396
-0.0574660557209993,0.106265607550502,1.03168112650928,0,0,1,1,0,1,0,0,0,0,0,0,1,0,0,0,"D",394,2397
-0.0687868383051346,0.0649987475410085,1.30404857897039,0,0,1,1,0,1,0,0,0,0,0,0,1,0,0,0,"D",3326,2398
-0.20442262046977,0.159212849002084,1.52845862432964,0,0,1,1,0,1,0,0,0,0,0,0,1,0,0,0,"D",2240,2399
-0.136272655844843,0.122295765303565,2.48259679781905,0,0,1,1,0,1,0,0,0,0,0,0,0,0,0,1,"C",491,2400
-0.127357729842427,0.128692832389693,2.60041351898121,0,0,1,1,0,1,0,0,0,0,0,0,0,0,0,1,"C",3721,2401
-0.147524221685114,0.13928954695098,2.06711287545537,0,0,1,1,0,1,0,0,0,0,0,0,0,0,0,1,"C",3402,2402
-0.128583503425414,0.139564229254045,2.24006355194214,0,0,1,1,0,1,0,0,0,0,0,0,0,0,0,1,"C",368,2403
-0.0930234101908353,0.0905546764654001,2.83541955006371,0,0,1,1,0,1,0,0,0,0,0,0,0,0,0,1,"C",1484,2404
-0.133208808522812,0.130361900246808,1.77237132306749,0,0,1,1,0,1,0,0,0,0,0,0,0,0,0,1,"C",2487,2405
-0.173012947808159,0.155178002741978,1.76845684178734,0,0,1,1,0,1,0,0,0,0,0,0,0,0,0,1,"C",1608,2406
-0.142061329554161,0.144883527295568,1.88057600008851,0,0,1,1,0,1,0,0,0,0,0,0,0,0,0,1,"C",1462,2407
-0.142620310084081,0.137446289092835,1.75812221742566,0,0,1,1,0,1,0,0,0,0,0,0,0,0,0,1,"C",3495,2408
-0.117011404015793,0.10702229830474,2.1442673728118,0,0,1,1,0,1,0,0,0,0,0,0,0,0,0,1,"C",3583,2409
-0.123823420384069,0.113277822276731,1.58230485879394,0,0,1,1,0,1,0,0,0,0,0,0,0,0,0,1,"C",1747,2410
-0.101305703607411,0.0785669155672955,1.26500541752832,0,0,1,1,0,1,0,0,0,0,0,0,0,0,0,1,"C",344,2411
-0.0786902295730985,0.0654785042101911,2.08763573550831,0,0,1,1,0,1,0,0,0,0,0,0,0,0,0,1,"C",3343,2412
-0.0845520115114636,0.101882120249601,2.1947261777216,0,0,1,1,0,1,0,0,0,0,0,0,0,0,0,1,"C",2191,2413
-0.153687168670277,0.146751536690827,2.21515063522642,0,0,1,1,0,1,0,0,0,0,0,0,0,0,0,1,"C",2986,2414
-0.109372381171837,0.133252137542226,1.80190604278655,0,0,1,1,0,1,0,0,0,0,0,0,0,0,0,1,"C",3527,2415
-0.170050863882281,0.154883854348028,2.14455805172871,0,0,1,1,0,1,0,0,0,0,0,0,0,0,0,1,"C",3748,2416
-0.114965954052476,0.122466110214458,2.52205365418652,0,0,1,1,0,1,0,0,0,0,0,0,0,0,0,1,"C",930,2417
-0.115905508076159,0.131451278148685,2.15508162087107,0,0,1,1,0,1,0,0,0,0,0,0,0,0,0,1,"C",1560,2418
-0.114397738592646,0.105686550957124,2.25221981497723,0,0,1,1,0,1,0,0,0,0,0,0,0,0,0,1,"C",1549,2419
-0.104086904037584,0.107306381751838,1.32851490945691,0,0,1,1,0,1,0,0,0,0,0,0,0,0,0,1,"C",3423,2420
-0.122615255256943,0.111250353682412,1.74052025488594,0,0,1,1,0,1,0,0,0,0,0,0,0,0,0,1,"C",3464,2421
-0.14170954387893,0.126005157415495,2.40437913570952,0,0,1,1,0,1,0,0,0,0,0,0,0,0,0,1,"C",1646,2422
-0.113630350333929,0.116905063483599,2.5263501956775,0,0,1,1,0,1,0,0,0,0,0,0,0,0,0,1,"C",2823,2423
-0.0769136496328116,0.096591180166437,1.30144710288168,0,0,1,1,0,1,0,0,0,0,0,0,0,0,0,1,"C",2022,2424
-0.141063436961649,0.125741735413971,1.9903203047366,0,0,1,1,0,1,0,0,0,0,0,0,0,0,0,1,"C",1255,2425
-0.165178227725147,0.171382853610129,1.93282321252657,0,0,1,1,0,1,0,0,0,0,0,0,0,0,0,1,"C",1691,2426
-0.147828640510755,0.155730566365248,1.89568770610296,0,0,1,1,0,1,0,0,0,0,0,0,0,0,0,1,"C",3414,2427
-0.144038126220306,0.148990446995506,2.12856540161805,0,0,1,1,0,1,0,0,0,0,0,0,0,0,0,1,"C",1362,2428
-0.126812688967746,0.12853671831079,2.15439782654933,0,0,1,1,0,1,0,0,0,0,0,0,0,0,0,1,"C",2845,2429
-0.124088132960177,0.142821630039241,1.78737737687246,0,0,1,1,0,1,0,0,0,0,0,0,0,0,0,1,"C",2333,2430
-0.129099813795378,0.14012160279768,2.65949245562476,0,0,1,1,0,1,0,0,0,0,0,0,0,0,0,1,"C",2005,2431
-0.0873138407152505,0.0756086764421504,1.73744738414786,0,0,1,1,0,1,0,0,0,0,0,0,0,0,0,1,"C",2937,2432
-0.142049393026941,0.155526583043166,2.3171264043201,0,0,1,1,0,1,0,0,0,0,0,0,0,0,0,1,"C",1628,2433
-0.0999990939101686,0.101598344879155,2.5247494216969,0,0,1,1,0,1,0,0,0,0,0,0,0,0,0,1,"C",3122,2434
-0.145062819031627,0.112220987127605,1.84414065205806,0,0,1,1,0,1,0,0,0,0,0,0,0,0,0,1,"C",666,2435
-0.135180489579554,0.110359336858936,2.46173713136523,0,0,1,1,0,1,0,0,0,0,0,0,0,0,0,1,"C",1125,2436
-0.128110732659078,0.109829441015274,1.99263980137646,0,0,1,1,0,1,0,0,0,0,0,0,0,0,0,1,"C",33,2437
-0.167323749067506,0.161766323543685,1.96521020770361,0,0,1,1,0,1,0,0,0,0,0,0,0,0,0,1,"C",1671,2438
-0.116363909137525,0.125339797506597,2.00838822495588,0,0,1,1,0,1,0,0,0,0,0,0,0,0,0,1,"C",2714,2439
-0.124410589469934,0.106205613154442,0.95245459530065,0,0,1,1,0,1,0,0,0,0,0,0,0,0,0,1,"C",946,2440
-0.116613108171203,0.124132930703756,2.56088292460579,0,0,1,1,0,1,0,0,0,0,0,0,0,0,0,1,"C",2718,2441
-0.109936497374718,0.101055927444069,2.16706965873669,0,0,1,1,0,1,0,0,0,0,0,0,0,0,0,1,"C",2372,2442
-0.106758173289119,0.122091391360156,2.24200187002707,0,0,1,1,0,1,0,0,0,0,0,0,0,0,0,1,"C",1117,2443
-0.119536141496115,0.124321444011111,1.77250246186979,0,0,1,1,0,1,0,0,0,0,0,0,0,0,0,1,"C",3186,2444
-0.10830143724845,0.117488553830335,1.24995489429423,0,0,1,1,0,1,0,0,0,0,0,0,0,0,0,1,"C",2648,2445
-0.123561208195859,0.125787305959188,1.86792692672269,0,0,1,1,0,1,0,0,0,0,0,0,0,0,0,1,"C",3379,2446
-0.0796734060499153,0.0760583793806849,1.64720565808937,0,0,1,1,0,1,0,0,0,0,0,0,0,0,0,1,"C",2742,2447
-0.128532846423152,0.122811288776331,1.79043119563837,0,0,1,1,0,1,0,0,0,0,0,0,0,0,0,1,"C",2336,2448
-0.102671874265816,0.107478028845946,1.92988907462448,0,0,1,1,0,1,0,0,0,0,0,0,0,0,0,1,"C",267,2449
-0.0753522458269461,0.0968353453620449,2.49387839171658,0,0,1,1,0,1,0,0,0,0,0,0,0,0,0,1,"C",1359,2450
-0.130504881873858,0.14647868750656,1.88505413806864,0,0,1,1,0,1,0,0,0,0,0,0,0,0,0,1,"C",1441,2451
-0.124732715227277,0.0994941927437141,1.84536637022648,0,0,1,1,0,1,0,0,0,0,0,0,0,0,0,1,"C",1962,2452
-0.16956129649836,0.172765789276096,2.42612062611753,0,0,1,1,0,1,0,0,0,0,0,0,0,0,0,1,"C",3717,2453
-0.117053105899318,0.118106336979871,2.24387661749389,0,0,1,1,0,1,0,0,0,0,0,0,0,0,0,1,"C",347,2454
-0.104349493028357,0.0991400729784081,1.97419919253044,0,0,1,1,0,1,0,0,0,0,0,0,0,0,0,1,"C",2090,2455
-0.107331411677039,0.118360410185876,1.8365904600235,0,0,1,1,0,1,0,0,0,0,0,0,0,0,0,1,"C",3406,2456
-0.136882691568999,0.13506536483169,2.54880339574917,0,0,1,1,0,1,0,0,0,0,0,0,0,0,0,1,"C",2061,2457
-0.11170465978591,0.118421029357024,2.05528304079042,0,0,1,1,0,1,0,0,0,0,0,0,0,0,0,1,"C",3699,2458
-0.117373871119121,0.0935293332348332,1.98090361972365,0,0,1,1,0,1,0,0,0,0,0,0,0,0,0,1,"C",1385,2459
-0.10786551278898,0.0937828788321761,1.54954151815549,0,0,1,1,0,1,0,0,0,0,0,0,0,0,0,1,"C",729,2460
-0.07665247471621,0.0926879537608166,2.3362813471088,0,0,1,1,0,1,0,0,0,0,0,0,0,0,0,1,"C",712,2461
-0.15842986002308,0.163412706082425,2.30908575108404,0,0,1,1,0,1,0,0,0,0,0,0,0,0,0,1,"C",656,2462
-0.13450979834286,0.110833767022247,1.66554259717135,0,0,1,1,0,1,0,0,0,0,0,0,0,0,0,1,"C",1397,2463
-0.138080977361709,0.124098836219708,2.13351779361606,0,0,1,1,0,1,0,0,0,0,0,0,0,0,0,1,"C",2074,2464
-0.13801865321753,0.137065191966595,2.39695116429237,0,0,1,1,0,1,0,0,0,0,0,0,0,0,0,1,"C",857,2465
-0.113069979401603,0.104378675046231,1.67382298717301,0,0,1,1,0,1,0,0,0,0,0,0,0,0,0,1,"C",2257,2466
-0.0498480609382714,0.0683737163106168,2.42370614659332,0,0,1,1,0,1,0,0,0,0,0,0,0,0,0,1,"C",1072,2467
-0.132489951163645,0.127477212409791,2.08356809935167,0,0,1,1,0,1,0,0,0,0,0,0,0,0,0,1,"C",1687,2468
-0.124529075453612,0.142111928597381,2.50622420689926,0,0,1,1,0,1,0,0,0,0,0,0,0,0,0,1,"C",2575,2469
-0.142159514398789,0.154485014236466,2.49532207456026,0,0,1,1,0,1,0,0,0,0,0,0,0,0,0,1,"C",3006,2470
-0.138221327718174,0.142577072341328,2.14865355602319,0,0,1,1,0,1,0,0,0,0,0,0,0,0,0,1,"C",3732,2471
-0.153290927020939,0.137132047388012,1.60019865943978,0,0,1,1,0,1,0,0,0,0,0,0,0,0,0,1,"C",482,2472
-0.121491556097021,0.108135822815901,1.21131650141376,0,0,1,1,0,1,0,0,0,0,0,0,0,0,0,1,"C",1341,2473
-0.151458207077563,0.156512244130759,2.55076159264838,0,0,1,1,0,1,0,0,0,0,0,0,0,0,0,1,"C",3204,2474
-0.119827007792571,0.118908272415961,2.0359548610141,0,0,1,1,0,1,0,0,0,0,0,0,0,0,0,1,"C",1763,2475
-0.121495829369023,0.118833736308998,2.47093243815262,0,0,1,1,0,1,0,0,0,0,0,0,0,0,0,1,"C",2318,2476
-0.162092459145347,0.150208358355765,1.2761676956606,0,0,1,1,0,1,0,0,0,0,0,0,0,0,0,1,"C",1059,2477
-0.0879429095493967,0.0873917449686686,1.59721760387142,0,0,1,1,0,1,0,0,0,0,0,0,0,0,0,1,"C",1290,2478
-0.146313874247583,0.132074971037038,2.50063382119194,0,0,1,1,0,1,0,0,0,0,0,0,0,0,0,1,"C",3146,2479
-0.114582575213968,0.126729472109371,2.50604283679911,0,0,1,1,0,1,0,0,0,0,0,0,0,0,0,1,"C",1594,2480
-0.0841088195957486,0.0810197974512697,1.36500988790764,0,0,1,1,0,1,0,0,0,0,0,0,0,0,0,1,"C",2727,2481
-0.069657698494906,0.0858552043713665,-0.546656331027027,0,0,1,1,0,1,0,0,0,0,0,0,0,0,0,1,"C",2960,2482
-0.119056049073791,0.131639951489841,2.45809456400444,0,0,1,1,0,1,0,0,0,0,0,0,0,0,0,1,"C",3738,2483
-0.140883132113988,0.137360780168449,2.01479827671086,0,0,1,1,0,1,0,0,0,0,0,0,0,0,0,1,"C",1567,2484
-0.129752210621826,0.118639946065654,2.49334357460552,0,0,1,1,0,1,0,0,0,0,0,0,0,0,0,1,"C",1930,2485
-0.13765906440858,0.141499443605952,1.69654242845189,0,0,1,1,0,1,0,0,0,0,0,0,0,0,0,1,"C",3714,2486
-0.112055930693228,0.130062263730786,1.93974244635079,0,0,1,1,0,1,0,0,0,0,0,0,0,0,0,1,"C",435,2487
-0.0775680161304588,0.0715506705999807,1.25440335283858,0,0,1,1,0,1,0,0,0,0,0,0,0,0,0,1,"C",1461,2488
-0.084782992911849,0.10377101456675,2.27944396384758,0,0,1,1,0,1,0,0,0,0,0,0,0,0,0,1,"C",2661,2489
-0.158528167753101,0.131797897276519,2.15103872466271,0,0,1,1,0,1,0,0,0,0,0,0,0,0,0,1,"C",1967,2490
-0.174263937754394,0.171492173917004,0.747562110505119,0,0,1,1,0,1,0,0,0,0,0,0,0,0,0,1,"C",2087,2491
-0.106560905267474,0.112081751801653,2.6420005112772,0,0,1,1,0,1,0,0,0,0,0,0,0,0,0,1,"C",2137,2492
-0.0457964494080228,0.066766618626687,2.43831173272273,0,0,1,1,0,1,0,0,0,0,0,0,0,0,0,1,"C",2578,2493
-0.0745463439045643,0.0786453606375436,1.67699270740079,0,0,1,1,0,1,0,0,0,0,0,0,0,0,0,1,"C",899,2494
-0.157136030798193,0.16168131235564,1.9630674043351,0,0,1,1,0,1,0,0,0,0,0,0,0,0,0,1,"C",3030,2495
-0.0994057860331208,0.109506520683419,2.0062784921574,0,0,1,1,0,1,0,0,0,0,0,0,0,0,0,1,"C",2602,2496
-0.097837041298111,0.0998699547860016,1.86509540942724,0,0,1,1,0,1,0,0,0,0,0,0,0,0,0,1,"C",394,2497
-0.0884828852584177,0.084463602986383,2.58028758011515,0,0,1,1,0,1,0,0,0,0,0,0,0,0,0,1,"C",3326,2498
-0.179397073684048,0.17514676225353,2.30708655516003,0,0,1,1,0,1,0,0,0,0,0,0,0,0,0,1,"C",2240,2499
-0.16058071015987,0.140559079999431,0.756832699220013,0,0,1,1,0,1,0,0,0,0,0,0,0,0,0,1,"D",491,2500
-0.119320942137308,0.0579662864223334,-0.570567820983193,0,0,1,1,0,1,0,0,0,0,0,0,0,0,0,1,"D",3721,2501
-0.195018741770204,0.103860342124705,0.24891590590406,0,0,1,1,0,1,0,0,0,0,0,0,0,0,0,1,"D",3402,2502
-0.124820401030871,0.126701517993948,1.7184788717089,0,0,1,1,0,1,0,0,0,0,0,0,0,0,0,1,"D",368,2503
-0.163408578462962,0.0704083663946527,-0.202810169874545,0,0,1,1,0,1,0,0,0,0,0,0,0,0,0,1,"D",1484,2504
-0.133774085024862,0.124244969291411,0.45046302643732,0,0,1,1,0,1,0,0,0,0,0,0,0,0,0,1,"D",2487,2505
-0.123032864065169,0.0884736354106229,1.6186602176299,0,0,1,1,0,1,0,0,0,0,0,0,0,0,0,1,"D",1608,2506
-0.106426930545455,0.0778216105631038,0.223056550617768,0,0,1,1,0,1,0,0,0,0,0,0,0,0,0,1,"D",1462,2507
-0.125132458549842,0.0719735935671073,0.509845418287727,0,0,1,1,0,1,0,0,0,0,0,0,0,0,0,1,"D",3495,2508
-0.0929813567123771,0.0871460885016521,1.00911589503736,0,0,1,1,0,1,0,0,0,0,0,0,0,0,0,1,"D",3583,2509
-0.142173176316109,0.0271427331826269,-1.14623445758213,0,0,1,1,0,1,0,0,0,0,0,0,0,0,0,1,"D",1747,2510
-0.125797075094983,0.107965213178412,-0.977576416964323,0,0,1,1,0,1,0,0,0,0,0,0,0,0,0,1,"D",344,2511
-0.137802766955412,0.119360984360817,0.0523416001797264,0,0,1,1,0,1,0,0,0,0,0,0,0,0,0,1,"D",3343,2512
-0.106179840636019,0.101125530119448,0.410755168050125,0,0,1,1,0,1,0,0,0,0,0,0,0,0,0,1,"D",2191,2513
-0.123726016053901,0.109216589931474,0.928012650762093,0,0,1,1,0,1,0,0,0,0,0,0,0,0,0,1,"D",2986,2514
-0.167131242461891,0.105730370757969,0.366450279602647,0,0,1,1,0,1,0,0,0,0,0,0,0,0,0,1,"D",3527,2515
-0.0851092243901116,0.0226576281857379,-0.554996922057384,0,0,1,1,0,1,0,0,0,0,0,0,0,0,0,1,"D",3748,2516
-0.100186113053408,0.111612658960869,0.592617529861598,0,0,1,1,0,1,0,0,0,0,0,0,0,0,0,1,"D",930,2517
-0.104154556343562,0.0496242975908308,1.45070769451056,0,0,1,1,0,1,0,0,0,0,0,0,0,0,0,1,"D",1560,2518
-0.122014870697436,0.0848476367275278,0.197465839643431,0,0,1,1,0,1,0,0,0,0,0,0,0,0,0,1,"D",1549,2519
-0.17081655727912,0.0817201462911737,-0.0550839603272444,0,0,1,1,0,1,0,0,0,0,0,0,0,0,0,1,"D",3423,2520
-0.160553636978009,0.050984737726059,-0.743801479510739,0,0,1,1,0,1,0,0,0,0,0,0,0,0,0,1,"D",3464,2521
-0.194206043551538,0.145639878621224,0.141161404807302,0,0,1,1,0,1,0,0,0,0,0,0,0,0,0,1,"D",1646,2522
-0.167846588671374,0.154100514808536,0.735742215237124,0,0,1,1,0,1,0,0,0,0,0,0,0,0,0,1,"D",2823,2523
-0.10498225457183,0.0405452154864877,-0.474981398050557,0,0,1,1,0,1,0,0,0,0,0,0,0,0,0,1,"D",2022,2524
-0.126624343508561,0.0801182329583049,-0.266647004717959,0,0,1,1,0,1,0,0,0,0,0,0,0,0,0,1,"D",1255,2525
-0.158454998360385,0.104214926811965,1.09051319442438,0,0,1,1,0,1,0,0,0,0,0,0,0,0,0,1,"D",1691,2526
-0.174489172507698,0.0690564452927349,-0.302709084751158,0,0,1,1,0,1,0,0,0,0,0,0,0,0,0,1,"D",3414,2527
-0.130664847486433,0.0717772843209965,0.240529939700203,0,0,1,1,0,1,0,0,0,0,0,0,0,0,0,1,"D",1362,2528
-0.131042177564523,0.088129253956767,-0.215604280918395,0,0,1,1,0,1,0,0,0,0,0,0,0,0,0,1,"D",2845,2529
-0.154105255184179,0.102069772455661,0.675053350552876,0,0,1,1,0,1,0,0,0,0,0,0,0,0,0,1,"D",2333,2530
-0.164134923990511,0.0804208104588832,0.175148609993462,0,0,1,1,0,1,0,0,0,0,0,0,0,0,0,1,"D",2005,2531
-0.15047778314519,0.0156324187830982,-1.34470242750568,0,0,1,1,0,1,0,0,0,0,0,0,0,0,0,1,"D",2937,2532
-0.125914090885392,0.0892247180332043,0.757579122928834,0,0,1,1,0,1,0,0,0,0,0,0,0,0,0,1,"D",1628,2533
-0.131315252687395,0.121888890977562,0.357543269551846,0,0,1,1,0,1,0,0,0,0,0,0,0,0,0,1,"D",3122,2534
-0.097738963706419,0.0578289172388065,0.610173027891209,0,0,1,1,0,1,0,0,0,0,0,0,0,0,0,1,"D",666,2535
-0.116729886014191,0.0725403673542837,-0.148596498322504,0,0,1,1,0,1,0,0,0,0,0,0,0,0,0,1,"D",1125,2536
-0.108530334135016,0.0507380319378751,0.0616839752757945,0,0,1,1,0,1,0,0,0,0,0,0,0,0,0,1,"D",33,2537
-0.151143454268797,0.128513517021389,0.526166832110981,0,0,1,1,0,1,0,0,0,0,0,0,0,0,0,1,"D",1671,2538
-0.140575130003664,0.105374819071469,1.76319162162487,0,0,1,1,0,1,0,0,0,0,0,0,0,0,0,1,"D",2714,2539
-0.132417472962255,0.0401497995390625,0.814356263496006,0,0,1,1,0,1,0,0,0,0,0,0,0,0,0,1,"D",946,2540
-0.105967636586316,0.0766790539870415,1.32675293054513,0,0,1,1,0,1,0,0,0,0,0,0,0,0,0,1,"D",2718,2541
-0.0935544940770949,0.0714422388059781,-0.623801334448507,0,0,1,1,0,1,0,0,0,0,0,0,0,0,0,1,"D",2372,2542
-0.140508154238628,0.105598819380425,0.942840106764595,0,0,1,1,0,1,0,0,0,0,0,0,0,0,0,1,"D",1117,2543
-0.134860841120827,0.0938679447738704,-0.0614053065326698,0,0,1,1,0,1,0,0,0,0,0,0,0,0,0,1,"D",3186,2544
-0.157292529338504,0.0382121313607848,-0.939388946704018,0,0,1,1,0,1,0,0,0,0,0,0,0,0,0,1,"D",2648,2545
-0.171823576320644,0.110224217508858,0.628263772081651,0,0,1,1,0,1,0,0,0,0,0,0,0,0,0,1,"D",3379,2546
-0.0909627209149809,0.0515971518384777,1.33710702256243,0,0,1,1,0,1,0,0,0,0,0,0,0,0,0,1,"D",2742,2547
-0.0696148363109499,0.0516572100609655,0.12090152709046,0,0,1,1,0,1,0,0,0,0,0,0,0,0,0,1,"D",2336,2548
-0.118655064741232,0.0983890864761333,-0.114456616438509,0,0,1,1,0,1,0,0,0,0,0,0,0,0,0,1,"D",267,2549
-0.106024424157898,0.0727232737950273,0.80288885445054,0,0,1,1,0,1,0,0,0,0,0,0,0,0,0,1,"D",1359,2550
-0.100576308086135,0.0883885986132367,0.592378706247896,0,0,1,1,0,1,0,0,0,0,0,0,0,0,0,1,"D",1441,2551
-0.113150858084839,0.0762097782396496,1.06822674998523,0,0,1,1,0,1,0,0,0,0,0,0,0,0,0,1,"D",1962,2552
-0.14675841889257,0.0736837602445526,-0.591455974739187,0,0,1,1,0,1,0,0,0,0,0,0,0,0,0,1,"D",3717,2553
-0.16003454786971,0.0292141013594288,-0.804709567777513,0,0,1,1,0,1,0,0,0,0,0,0,0,0,0,1,"D",347,2554
-0.159628882870516,0.123161403612907,0.604456454822882,0,0,1,1,0,1,0,0,0,0,0,0,0,0,0,1,"D",2090,2555
-0.110428651164671,0.051370750227595,0.144430713922476,0,0,1,1,0,1,0,0,0,0,0,0,0,0,0,1,"D",3406,2556
-0.198848202221312,0.142229554499059,0.479556359226246,0,0,1,1,0,1,0,0,0,0,0,0,0,0,0,1,"D",2061,2557
-0.064808641721541,0.0652303056821732,1.27361142362912,0,0,1,1,0,1,0,0,0,0,0,0,0,0,0,1,"D",3699,2558
-0.115603173201684,0.0804826409567031,0.745549131920528,0,0,1,1,0,1,0,0,0,0,0,0,0,0,0,1,"D",1385,2559
-0.111647781603313,0.0629474215050869,-0.247027364674845,0,0,1,1,0,1,0,0,0,0,0,0,0,0,0,1,"D",729,2560
-0.174860724843483,0.0910545591332985,-0.2092550974642,0,0,1,1,0,1,0,0,0,0,0,0,0,0,0,1,"D",712,2561
-0.155755119816134,0.108412470574157,0.612998918466456,0,0,1,1,0,1,0,0,0,0,0,0,0,0,0,1,"D",656,2562
-0.158198257213993,0.139361198371774,0.996804206369847,0,0,1,1,0,1,0,0,0,0,0,0,0,0,0,1,"D",1397,2563
-0.152183336596905,0.123369009757886,1.34211855963928,0,0,1,1,0,1,0,0,0,0,0,0,0,0,0,1,"D",2074,2564
-0.205515176957907,0.0809372801214701,-0.329549229394316,0,0,1,1,0,1,0,0,0,0,0,0,0,0,0,1,"D",857,2565
-0.196482317107674,0.0730103344154736,-0.0587632769436972,0,0,1,1,0,1,0,0,0,0,0,0,0,0,0,1,"D",2257,2566
-0.125688523721754,0.0299255545493208,-0.233910563051398,0,0,1,1,0,1,0,0,0,0,0,0,0,0,0,1,"D",1072,2567
-0.141382788266787,0.0836444120524306,1.14660517451193,0,0,1,1,0,1,0,0,0,0,0,0,0,0,0,1,"D",1687,2568
-0.151431876347277,0.0963902099229167,0.750343015822296,0,0,1,1,0,1,0,0,0,0,0,0,0,0,0,1,"D",2575,2569
-0.135771942904898,0.126627928574149,0.355295118454073,0,0,1,1,0,1,0,0,0,0,0,0,0,0,0,1,"D",3006,2570
-0.0965898590486354,0.103153236230353,1.2676012256198,0,0,1,1,0,1,0,0,0,0,0,0,0,0,0,1,"D",3732,2571
-0.123565148020999,0.108621453933496,0.2294161969053,0,0,1,1,0,1,0,0,0,0,0,0,0,0,0,1,"D",482,2572
-0.122758632306447,0.0956245072873886,-0.237633746193508,0,0,1,1,0,1,0,0,0,0,0,0,0,0,0,1,"D",1341,2573
-0.137824238329518,0.0793572608679823,0.0620803438993152,0,0,1,1,0,1,0,0,0,0,0,0,0,0,0,1,"D",3204,2574
-0.133336650922511,0.116024148558411,0.243259023565604,0,0,1,1,0,1,0,0,0,0,0,0,0,0,0,1,"D",1763,2575
-0.14060031493342,0.0605424406391663,-0.356812755829064,0,0,1,1,0,1,0,0,0,0,0,0,0,0,0,1,"D",2318,2576
-0.112060921826131,0.0881453230551953,0.582749448458536,0,0,1,1,0,1,0,0,0,0,0,0,0,0,0,1,"D",1059,2577
-0.172485398186038,0.112305945520299,0.98916057028487,0,0,1,1,0,1,0,0,0,0,0,0,0,0,0,1,"D",1290,2578
-0.114530959112187,0.0840692179544846,1.02153613214164,0,0,1,1,0,1,0,0,0,0,0,0,0,0,0,1,"D",3146,2579
-0.142434359892858,0.0791521749551387,0.332034049645214,0,0,1,1,0,1,0,0,0,0,0,0,0,0,0,1,"D",1594,2580
-0.145512754273199,0.0908074271369724,-0.296220816646809,0,0,1,1,0,1,0,0,0,0,0,0,0,0,0,1,"D",2727,2581
-0.165250249419794,0.117077017762916,0.410678071885176,0,0,1,1,0,1,0,0,0,0,0,0,0,0,0,1,"D",2960,2582
-0.138013228537997,0.129286874567299,0.152311507569194,0,0,1,1,0,1,0,0,0,0,0,0,0,0,0,1,"D",3738,2583
-0.0910327480962253,0.0430208854668538,0.753021981364217,0,0,1,1,0,1,0,0,0,0,0,0,0,0,0,1,"D",1567,2584
-0.143918098604163,0.0935401868972969,0.467087549654225,0,0,1,1,0,1,0,0,0,0,0,0,0,0,0,1,"D",1930,2585
-0.181317527855362,0.0374658785833043,-0.813615189647194,0,0,1,1,0,1,0,0,0,0,0,0,0,0,0,1,"D",3714,2586
-0.156506504722369,0.126533619956517,0.889100727615385,0,0,1,1,0,1,0,0,0,0,0,0,0,0,0,1,"D",435,2587
-0.107361327305033,0.0673196985680776,0.235129242585317,0,0,1,1,0,1,0,0,0,0,0,0,0,0,0,1,"D",1461,2588
-0.149466738587321,0.109396392449777,1.47738297668248,0,0,1,1,0,1,0,0,0,0,0,0,0,0,0,1,"D",2661,2589
-0.131532565669409,0.0830966768307218,0.246113536833965,0,0,1,1,0,1,0,0,0,0,0,0,0,0,0,1,"D",1967,2590
-0.112086069512524,0.0778798529231002,0.0705211160463187,0,0,1,1,0,1,0,0,0,0,0,0,0,0,0,1,"D",2087,2591
-0.0982603823602479,0.025113783454202,-0.600042469919254,0,0,1,1,0,1,0,0,0,0,0,0,0,0,0,1,"D",2137,2592
-0.144546301193665,0.0381006000030876,-0.0806804508175552,0,0,1,1,0,1,0,0,0,0,0,0,0,0,0,1,"D",2578,2593
-0.115500629885617,0.0813024792832217,0.0995262944404303,0,0,1,1,0,1,0,0,0,0,0,0,0,0,0,1,"D",899,2594
-0.151705185836139,0.0755184460049116,-0.270604063559209,0,0,1,1,0,1,0,0,0,0,0,0,0,0,0,1,"D",3030,2595
-0.159413213321346,0.114129725357051,0.651434837008172,0,0,1,1,0,1,0,0,0,0,0,0,0,0,0,1,"D",2602,2596
-0.102661680008363,0.0817755086332069,0.0684338836066071,0,0,1,1,0,1,0,0,0,0,0,0,0,0,0,1,"D",394,2597
-0.0963769380518528,0.0862771260291772,-0.752684600524652,0,0,1,1,0,1,0,0,0,0,0,0,0,0,0,1,"D",3326,2598
-0.140435687524943,0.117338847199825,0.596205018715598,0,0,1,1,0,1,0,0,0,0,0,0,0,0,0,1,"D",2240,2599
-0.0611082713411335,0.0445624436640038,1.21963993745055,0,0,1,1,0,0,1,1,0,0,0,0,0,0,0,0,"C",491,2600
-0.0803666431951975,0.0295103360101883,0.737867228379544,0,0,1,1,0,0,1,1,0,0,0,0,0,0,0,0,"C",3721,2601
-0.0867142273388672,0.0378650126101365,0.307145723147553,0,0,1,1,0,0,1,1,0,0,0,0,0,0,0,0,"C",3402,2602
-0.0536072638434163,0.0343307847703416,0.240622375396835,0,0,1,1,0,0,1,1,0,0,0,0,0,0,0,0,"C",368,2603
-0.0875201863713812,0.0365883581536958,0.670500162883753,0,0,1,1,0,0,1,1,0,0,0,0,0,0,0,0,"C",1484,2604
-0.0741396096191362,0.0453160822291495,0.855952011035866,0,0,1,1,0,0,1,1,0,0,0,0,0,0,0,0,"C",2487,2605
-0.0775402576171474,0.0536462519060526,1.02348792448996,0,0,1,1,0,0,1,1,0,0,0,0,0,0,0,0,"C",1608,2606
-0.0642134227588543,0.0411352373328815,0.943375942620069,0,0,1,1,0,0,1,1,0,0,0,0,0,0,0,0,"C",1462,2607
-0.059366072065104,0.032278540828135,0.534556713239438,0,0,1,1,0,0,1,1,0,0,0,0,0,0,0,0,"C",3495,2608
-0.0520174264967466,0.0227631609676322,0.191953107684157,0,0,1,1,0,0,1,1,0,0,0,0,0,0,0,0,"C",3583,2609
-0.084903854055109,0.0708408711984522,0.736475360708749,0,0,1,1,0,0,1,1,0,0,0,0,0,0,0,0,"C",1747,2610
-0.0798194488576912,0.0329722485473661,0.626522626425162,0,0,1,1,0,0,1,1,0,0,0,0,0,0,0,0,"C",344,2611
-0.0621178347906967,0.023470387447828,0.193241596705838,0,0,1,1,0,0,1,1,0,0,0,0,0,0,0,0,"C",3343,2612
-0.0675014671857904,0.0227230292841383,0.193037135019203,0,0,1,1,0,0,1,1,0,0,0,0,0,0,0,0,"C",2191,2613
-0.0472562896435204,0.0277284641183449,0.381132592922014,0,0,1,1,0,0,1,1,0,0,0,0,0,0,0,0,"C",2986,2614
-0.0860118014245187,0.0295533355327655,0.899220059632739,0,0,1,1,0,0,1,1,0,0,0,0,0,0,0,0,"C",3527,2615
-0.0740742615494325,0.0464304625007862,0.853718503705501,0,0,1,1,0,0,1,1,0,0,0,0,0,0,0,0,"C",3748,2616
-0.0513060559920983,0.0262122402859342,0.40647866513503,0,0,1,1,0,0,1,1,0,0,0,0,0,0,0,0,"C",930,2617
-0.0726341254969281,0.0397521802256026,0.313268567050386,0,0,1,1,0,0,1,1,0,0,0,0,0,0,0,0,"C",1560,2618
-0.0604608153447619,0.0122115358420848,0.9457612336893,0,0,1,1,0,0,1,1,0,0,0,0,0,0,0,0,"C",1549,2619
-0.0847378912078758,0.0496640279077942,1.02461041160167,0,0,1,1,0,0,1,1,0,0,0,0,0,0,0,0,"C",3423,2620
-0.0602649442346309,0.0271405085420966,0.247245029696602,0,0,1,1,0,0,1,1,0,0,0,0,0,0,0,0,"C",3464,2621
-0.0641909693666139,0.0411875208387399,0.116015860294115,0,0,1,1,0,0,1,1,0,0,0,0,0,0,0,0,"C",1646,2622
-0.0744512881014385,0.0457768202592138,0.156982491879285,0,0,1,1,0,0,1,1,0,0,0,0,0,0,0,0,"C",2823,2623
-0.0737176999042946,0.0383814509945709,0.965346071435095,0,0,1,1,0,0,1,1,0,0,0,0,0,0,0,0,"C",2022,2624
-0.0830414569530745,0.0235014697841424,0.576318786182536,0,0,1,1,0,0,1,1,0,0,0,0,0,0,0,0,"C",1255,2625
-0.067014332892975,0.0638352149221537,1.00911638742058,0,0,1,1,0,0,1,1,0,0,0,0,0,0,0,0,"C",1691,2626
-0.0809705712133963,0.0297093162079261,1.41238929620339,0,0,1,1,0,0,1,1,0,0,0,0,0,0,0,0,"C",3414,2627
-0.0750723940299023,0.0524543039935169,0.611210710386195,0,0,1,1,0,0,1,1,0,0,0,0,0,0,0,0,"C",1362,2628
-0.0649059143037368,0.0296653983790741,0.436551768481252,0,0,1,1,0,0,1,1,0,0,0,0,0,0,0,0,"C",2845,2629
-0.0897819669298342,0.0451344134626745,-0.53499945621804,0,0,1,1,0,0,1,1,0,0,0,0,0,0,0,0,"C",2333,2630
-0.0702635632688409,0.0313348692769446,0.557976673323273,0,0,1,1,0,0,1,1,0,0,0,0,0,0,0,0,"C",2005,2631
-0.0452371175496968,0.0132959371828461,0.0426896277535947,0,0,1,1,0,0,1,1,0,0,0,0,0,0,0,0,"C",2937,2632
-0.0685577117346864,0.037980293199392,0.0669404878006549,0,0,1,1,0,0,1,1,0,0,0,0,0,0,0,0,"C",1628,2633
-0.0585460288936012,0.00755464980304439,0.977724426673703,0,0,1,1,0,0,1,1,0,0,0,0,0,0,0,0,"C",3122,2634
-0.0730488031907725,0.046607040807247,0.521560535706806,0,0,1,1,0,0,1,1,0,0,0,0,0,0,0,0,"C",666,2635
-0.0505802522080124,0.0200564413539062,0.297972556987105,0,0,1,1,0,0,1,1,0,0,0,0,0,0,0,0,"C",1125,2636
-0.0570853647482582,0.00677404234231047,0.0884356793871971,0,0,1,1,0,0,1,1,0,0,0,0,0,0,0,0,"C",33,2637
-0.086083584970509,0.0387596159006765,0.0633669914701582,0,0,1,1,0,0,1,1,0,0,0,0,0,0,0,0,"C",1671,2638
-0.0613890033881614,0.0267644530929915,0.323768424212085,0,0,1,1,0,0,1,1,0,0,0,0,0,0,0,0,"C",2714,2639
-0.0588237144613004,0.0190927545487424,0.42820794388065,0,0,1,1,0,0,1,1,0,0,0,0,0,0,0,0,"C",946,2640
-0.0344337788914333,0.0160799953455595,0.699020991171395,0,0,1,1,0,0,1,1,0,0,0,0,0,0,0,0,"C",2718,2641
-0.0728787144151678,0.0422599231866555,0.741563899442533,0,0,1,1,0,0,1,1,0,0,0,0,0,0,0,0,"C",2372,2642
-0.0586324836113488,0.0323552407095557,0.576467959553829,0,0,1,1,0,0,1,1,0,0,0,0,0,0,0,0,"C",1117,2643
-0.045673762867348,0.0215229818325864,0.710111049159866,0,0,1,1,0,0,1,1,0,0,0,0,0,0,0,0,"C",3186,2644
-0.0627977963308445,0.0434766922566071,0.277655943701184,0,0,1,1,0,0,1,1,0,0,0,0,0,0,0,0,"C",2648,2645
-0.0899721512135361,0.0407144141874734,0.433153798649592,0,0,1,1,0,0,1,1,0,0,0,0,0,0,0,0,"C",3379,2646
-0.0619625771411846,0.0425552990844802,0.696589790919416,0,0,1,1,0,0,1,1,0,0,0,0,0,0,0,0,"C",2742,2647
-0.0683357856206284,0.0282239916632832,0.933875092223715,0,0,1,1,0,0,1,1,0,0,0,0,0,0,0,0,"C",2336,2648
-0.0619692838008996,0.0261212998313939,0.0323167720008838,0,0,1,1,0,0,1,1,0,0,0,0,0,0,0,0,"C",267,2649
-0.0491567457889634,0.0213415616914621,0.850754905362144,0,0,1,1,0,0,1,1,0,0,0,0,0,0,0,0,"C",1359,2650
-0.0894436891102048,0.0643816771835959,0.898588644742909,0,0,1,1,0,0,1,1,0,0,0,0,0,0,0,0,"C",1441,2651
-0.0715536620910698,0.0484206314663274,-0.414917393176079,0,0,1,1,0,0,1,1,0,0,0,0,0,0,0,0,"C",1962,2652
-0.0614591225978946,0.0487737332907194,0.672273727635816,0,0,1,1,0,0,1,1,0,0,0,0,0,0,0,0,"C",3717,2653
-0.071267628714677,0.0369872269990991,0.0761919537184358,0,0,1,1,0,0,1,1,0,0,0,0,0,0,0,0,"C",347,2654
-0.0699742434966192,0.0412277752935828,0.666964774324589,0,0,1,1,0,0,1,1,0,0,0,0,0,0,0,0,"C",2090,2655
-0.0824360412421039,0.0503448653868408,0.657665262732987,0,0,1,1,0,0,1,1,0,0,0,0,0,0,0,0,"C",3406,2656
-0.049339252526086,0.0491656160427117,0.469095743351022,0,0,1,1,0,0,1,1,0,0,0,0,0,0,0,0,"C",2061,2657
-0.0688157972185496,0.0522642665425518,0.532424990218567,0,0,1,1,0,0,1,1,0,0,0,0,0,0,0,0,"C",3699,2658
-0.0583191871735463,0.0325818730931964,0.337114253226666,0,0,1,1,0,0,1,1,0,0,0,0,0,0,0,0,"C",1385,2659
-0.0789159239157563,0.0269235227414457,-0.0694840945399656,0,0,1,1,0,0,1,1,0,0,0,0,0,0,0,0,"C",729,2660
-0.0422636996315016,0.0296300143697696,0.0870807600817248,0,0,1,1,0,0,1,1,0,0,0,0,0,0,0,0,"C",712,2661
-0.0663430825944554,0.0265551431209156,1.01198383823166,0,0,1,1,0,0,1,1,0,0,0,0,0,0,0,0,"C",656,2662
-0.0622537769585024,0.0403351679405228,0.418090736792029,0,0,1,1,0,0,1,1,0,0,0,0,0,0,0,0,"C",1397,2663
-0.0767423345573329,0.0279357074793459,1.0141578872816,0,0,1,1,0,0,1,1,0,0,0,0,0,0,0,0,"C",2074,2664
-0.0557406167850534,0.0424703705345928,0.795871056488857,0,0,1,1,0,0,1,1,0,0,0,0,0,0,0,0,"C",857,2665
-0.0867633161381657,0.0421332328360235,0.256965497105652,0,0,1,1,0,0,1,1,0,0,0,0,0,0,0,0,"C",2257,2666
-0.0622780836705806,0.0508746397324697,0.797877399978734,0,0,1,1,0,0,1,1,0,0,0,0,0,0,0,0,"C",1072,2667
-0.056039531051515,0.0356646151490051,0.451495969875455,0,0,1,1,0,0,1,1,0,0,0,0,0,0,0,0,"C",1687,2668
-0.0774296453960956,0.0276987178525365,0.571142292025757,0,0,1,1,0,0,1,1,0,0,0,0,0,0,0,0,"C",2575,2669
-0.0540548550598941,0.0437809984296079,0.838268129363173,0,0,1,1,0,0,1,1,0,0,0,0,0,0,0,0,"C",3006,2670
-0.0531623437482005,0.0209107300593288,0.315574443910136,0,0,1,1,0,0,1,1,0,0,0,0,0,0,0,0,"C",3732,2671
-0.0727808640690588,0.0468223939840743,0.600332011368618,0,0,1,1,0,0,1,1,0,0,0,0,0,0,0,0,"C",482,2672
-0.0410373180452358,0.0132682380792535,0.548759831294883,0,0,1,1,0,0,1,1,0,0,0,0,0,0,0,0,"C",1341,2673
-0.0684075135894507,0.0393169397087877,0.621664899415829,0,0,1,1,0,0,1,1,0,0,0,0,0,0,0,0,"C",3204,2674
-0.0514857393893614,0.0222845352670335,0.291768014773218,0,0,1,1,0,0,1,1,0,0,0,0,0,0,0,0,"C",1763,2675
-0.0774805997049937,0.0420962873615718,0.607243864419939,0,0,1,1,0,0,1,1,0,0,0,0,0,0,0,0,"C",2318,2676
-0.0639553298378275,0.0284789590299819,0.627405010144287,0,0,1,1,0,0,1,1,0,0,0,0,0,0,0,0,"C",1059,2677
-0.0720851381470816,0.0372960758974493,0.234969232885471,0,0,1,1,0,0,1,1,0,0,0,0,0,0,0,0,"C",1290,2678
-0.0571673576061087,0.0351379102838456,0.393684633367557,0,0,1,1,0,0,1,1,0,0,0,0,0,0,0,0,"C",3146,2679
-0.0522301362284691,0.0340140958247335,0.64805844591476,0,0,1,1,0,0,1,1,0,0,0,0,0,0,0,0,"C",1594,2680
-0.0584937086180015,0.0483097164382826,1.13900996108204,0,0,1,1,0,0,1,1,0,0,0,0,0,0,0,0,"C",2727,2681
-0.0684267702471877,0.0278525593768785,0.432198873318337,0,0,1,1,0,0,1,1,0,0,0,0,0,0,0,0,"C",2960,2682
-0.0529457672593327,0.0115893600945803,0.747203097066119,0,0,1,1,0,0,1,1,0,0,0,0,0,0,0,0,"C",3738,2683
-0.0869197249795076,0.0313789281067751,0.0857252950456733,0,0,1,1,0,0,1,1,0,0,0,0,0,0,0,0,"C",1567,2684
-0.0410958660314051,0.023765208431179,0.0186689121451687,0,0,1,1,0,0,1,1,0,0,0,0,0,0,0,0,"C",1930,2685
-0.0620735116199439,0.0393267363133715,0.55233691297019,0,0,1,1,0,0,1,1,0,0,0,0,0,0,0,0,"C",3714,2686
-0.0658052427362753,0.0344457186460172,0.857913867356363,0,0,1,1,0,0,1,1,0,0,0,0,0,0,0,0,"C",435,2687
-0.0640521394281843,0.025065727592465,0.310529972481738,0,0,1,1,0,0,1,1,0,0,0,0,0,0,0,0,"C",1461,2688
-0.0549084564727196,0.0139368608185626,0.690451392828985,0,0,1,1,0,0,1,1,0,0,0,0,0,0,0,0,"C",2661,2689
-0.0622492369278515,0.0305270732096784,0.834491634744875,0,0,1,1,0,0,1,1,0,0,0,0,0,0,0,0,"C",1967,2690
-0.103913362787598,0.0410321019386304,0.0411765655700228,0,0,1,1,0,0,1,1,0,0,0,0,0,0,0,0,"C",2087,2691
-0.0604548081717276,0.0302761268080958,0.697340678049381,0,0,1,1,0,0,1,1,0,0,0,0,0,0,0,0,"C",2137,2692
-0.0361784694342949,0.0268130364448743,0.446899931246943,0,0,1,1,0,0,1,1,0,0,0,0,0,0,0,0,"C",2578,2693
-0.0992668772818332,0.0434175838711766,0.751169123354763,0,0,1,1,0,0,1,1,0,0,0,0,0,0,0,0,"C",899,2694
-0.0475268156865162,0.0383439893937759,0.37760742624797,0,0,1,1,0,0,1,1,0,0,0,0,0,0,0,0,"C",3030,2695
-0.0863025260237679,0.0349296801732804,0.796206045212156,0,0,1,1,0,0,1,1,0,0,0,0,0,0,0,0,"C",2602,2696
-0.0724827352815512,0.0398271984572927,0.394522511582475,0,0,1,1,0,0,1,1,0,0,0,0,0,0,0,0,"C",394,2697
-0.0605774520896276,0.0326938325436875,0.150150509893716,0,0,1,1,0,0,1,1,0,0,0,0,0,0,0,0,"C",3326,2698
-0.0732226180494562,0.0199706674436641,1.04491609491021,0,0,1,1,0,0,1,1,0,0,0,0,0,0,0,0,"C",2240,2699
-0.0713585833268805,0.0391162727345626,0.005821886113419,0,0,1,1,0,0,1,1,0,0,0,0,0,0,0,0,"D",491,2700
-0.0699936100002073,0.0467055443272932,-0.27404665143543,0,0,1,1,0,0,1,1,0,0,0,0,0,0,0,0,"D",3721,2701
-0.0830942760676378,0.057244926324814,-0.176024151640545,0,0,1,1,0,0,1,1,0,0,0,0,0,0,0,0,"D",3402,2702
-0.0813426764879057,0.0435311631972703,0.02055563138787,0,0,1,1,0,0,1,1,0,0,0,0,0,0,0,0,"D",368,2703
-0.0648294660604167,0.0478086237712652,0.0731823305377131,0,0,1,1,0,0,1,1,0,0,0,0,0,0,0,0,"D",1484,2704
-0.103472950711766,0.0566807407799106,0.274509798787467,0,0,1,1,0,0,1,1,0,0,0,0,0,0,0,0,"D",2487,2705
-0.0846440352147833,0.063090218763609,0.410066630767266,0,0,1,1,0,0,1,1,0,0,0,0,0,0,0,0,"D",1608,2706
-0.0739480217356418,0.0405181254334421,-0.301435271204217,0,0,1,1,0,0,1,1,0,0,0,0,0,0,0,0,"D",1462,2707
-0.0802603701635323,0.0581536697991535,0.883261534272498,0,0,1,1,0,0,1,1,0,0,0,0,0,0,0,0,"D",3495,2708
-0.0881268310323227,0.0661209184443775,-0.051818100015044,0,0,1,1,0,0,1,1,0,0,0,0,0,0,0,0,"D",3583,2709
-0.103952821455526,0.0757298254358086,0.772777825141347,0,0,1,1,0,0,1,1,0,0,0,0,0,0,0,0,"D",1747,2710
-0.0778744598993116,0.0489509606005643,-0.377437732857749,0,0,1,1,0,0,1,1,0,0,0,0,0,0,0,0,"D",344,2711
-0.0750094805997533,0.0657722627597095,1.35439827862954,0,0,1,1,0,0,1,1,0,0,0,0,0,0,0,0,"D",3343,2712
-0.0638865005377774,0.0545502072556205,0.486474323885946,0,0,1,1,0,0,1,1,0,0,0,0,0,0,0,0,"D",2191,2713
-0.0641414419448332,0.047157073638363,-0.0577763362269588,0,0,1,1,0,0,1,1,0,0,0,0,0,0,0,0,"D",2986,2714
-0.0661036489487563,0.0607057772897202,1.41828791568631,0,0,1,1,0,0,1,1,0,0,0,0,0,0,0,0,"D",3527,2715
-0.0747540442789063,0.0485049675823439,-0.167519814107379,0,0,1,1,0,0,1,1,0,0,0,0,0,0,0,0,"D",3748,2716
-0.0709393256148405,0.0333057925737428,-0.208378255316045,0,0,1,1,0,0,1,1,0,0,0,0,0,0,0,0,"D",930,2717
-0.0668220452424909,0.0409078480941824,0.562551083068127,0,0,1,1,0,0,1,1,0,0,0,0,0,0,0,0,"D",1560,2718
-0.0557701894372783,0.0244014446202834,-0.0500479900561745,0,0,1,1,0,0,1,1,0,0,0,0,0,0,0,0,"D",1549,2719
-0.0893630727622349,0.0562201130381141,-0.235473699925335,0,0,1,1,0,0,1,1,0,0,0,0,0,0,0,0,"D",3423,2720
-0.0443509407347677,0.0333956158895505,0.0909110315492247,0,0,1,1,0,0,1,1,0,0,0,0,0,0,0,0,"D",3464,2721
-0.069235446513016,0.0355200948991476,0.517373119006104,0,0,1,1,0,0,1,1,0,0,0,0,0,0,0,0,"D",1646,2722
-0.0991395930436098,0.0790976192155015,0.207020061066838,0,0,1,1,0,0,1,1,0,0,0,0,0,0,0,0,"D",2823,2723
-0.0610667384064419,0.0649449512596049,0.367221946392654,0,0,1,1,0,0,1,1,0,0,0,0,0,0,0,0,"D",2022,2724
-0.0871903239496265,0.0385833869277191,0.32727659068757,0,0,1,1,0,0,1,1,0,0,0,0,0,0,0,0,"D",1255,2725
-0.0752124531458424,0.0459128372320155,-0.0712901432530896,0,0,1,1,0,0,1,1,0,0,0,0,0,0,0,0,"D",1691,2726
-0.0979479090626251,0.0642394329166121,0.0221295095899007,0,0,1,1,0,0,1,1,0,0,0,0,0,0,0,0,"D",3414,2727
-0.101738187515208,0.0505002805553429,-0.140359592515319,0,0,1,1,0,0,1,1,0,0,0,0,0,0,0,0,"D",1362,2728
-0.0915684215762876,0.0673924509237372,0.431429021107932,0,0,1,1,0,0,1,1,0,0,0,0,0,0,0,0,"D",2845,2729
-0.0817010849054033,0.0574058847376585,-0.10910152730765,0,0,1,1,0,0,1,1,0,0,0,0,0,0,0,0,"D",2333,2730
-0.0923542160960352,0.0845383231242247,1.17920137059839,0,0,1,1,0,0,1,1,0,0,0,0,0,0,0,0,"D",2005,2731
-0.0917644223219653,0.076284165762591,0.902141336906795,0,0,1,1,0,0,1,1,0,0,0,0,0,0,0,0,"D",2937,2732
-0.0994026085358206,0.0810787514256701,0.77873457361905,0,0,1,1,0,0,1,1,0,0,0,0,0,0,0,0,"D",1628,2733
-0.0794185273488503,0.0632058780482738,1.12333000624463,0,0,1,1,0,0,1,1,0,0,0,0,0,0,0,0,"D",3122,2734
-0.0753586045490624,0.0568313112208639,0.368107187299284,0,0,1,1,0,0,1,1,0,0,0,0,0,0,0,0,"D",666,2735
-0.0864127100444416,0.0750230902763231,0.447833228693116,0,0,1,1,0,0,1,1,0,0,0,0,0,0,0,0,"D",1125,2736
-0.0754050885753068,0.0639362595835587,0.919665516319934,0,0,1,1,0,0,1,1,0,0,0,0,0,0,0,0,"D",33,2737
-0.0904149698803333,0.0678613495414748,1.11041765547793,0,0,1,1,0,0,1,1,0,0,0,0,0,0,0,0,"D",1671,2738
-0.0630897685474552,0.0291702989098533,0.510963375791728,0,0,1,1,0,0,1,1,0,0,0,0,0,0,0,0,"D",2714,2739
-0.0647568145946964,0.0297084288160261,0.164355435476829,0,0,1,1,0,0,1,1,0,0,0,0,0,0,0,0,"D",946,2740
-0.0846791140583842,0.0682038067210922,1.3240917852491,0,0,1,1,0,0,1,1,0,0,0,0,0,0,0,0,"D",2718,2741
-0.0717363234897452,0.0272194049107303,0.300394308645925,0,0,1,1,0,0,1,1,0,0,0,0,0,0,0,0,"D",2372,2742
-0.0581015045902489,0.0471526490225175,0.18454276787185,0,0,1,1,0,0,1,1,0,0,0,0,0,0,0,0,"D",1117,2743
-0.0942246826732581,0.0585927449778563,0.214797479410355,0,0,1,1,0,0,1,1,0,0,0,0,0,0,0,0,"D",3186,2744
-0.0761921178867214,0.0631298205198811,0.527841716695907,0,0,1,1,0,0,1,1,0,0,0,0,0,0,0,0,"D",2648,2745
-0.0879959062667826,0.0574852703655345,-0.173866554533258,0,0,1,1,0,0,1,1,0,0,0,0,0,0,0,0,"D",3379,2746
-0.0761185287183039,0.0414742358991689,0.659434390329092,0,0,1,1,0,0,1,1,0,0,0,0,0,0,0,0,"D",2742,2747
-0.0549205178196163,0.025496185805996,-0.574785298243576,0,0,1,1,0,0,1,1,0,0,0,0,0,0,0,0,"D",2336,2748
-0.0649168789933658,0.0305516103193183,-0.300112101003971,0,0,1,1,0,0,1,1,0,0,0,0,0,0,0,0,"D",267,2749
-0.104296316366323,0.0642687481398285,0.197436090567085,0,0,1,1,0,0,1,1,0,0,0,0,0,0,0,0,"D",1359,2750
-0.0903878226381363,0.0445814629318762,0.338287056208776,0,0,1,1,0,0,1,1,0,0,0,0,0,0,0,0,"D",1441,2751
-0.0867355347132554,0.062971339119321,0.580104720876576,0,0,1,1,0,0,1,1,0,0,0,0,0,0,0,0,"D",1962,2752
-0.113439440655011,0.0481967012137064,0.272132620388119,0,0,1,1,0,0,1,1,0,0,0,0,0,0,0,0,"D",3717,2753
-0.0854727660973464,0.0619336451082487,1.70597497040913,0,0,1,1,0,0,1,1,0,0,0,0,0,0,0,0,"D",347,2754
-0.0600694641454015,0.0413109486547609,0.269683696993407,0,0,1,1,0,0,1,1,0,0,0,0,0,0,0,0,"D",2090,2755
-0.0743088717762884,0.0265221073030345,-0.0797170233404207,0,0,1,1,0,0,1,1,0,0,0,0,0,0,0,0,"D",3406,2756
-0.0888178734572539,0.0501076086668801,0.457120538255591,0,0,1,1,0,0,1,1,0,0,0,0,0,0,0,0,"D",2061,2757
-0.061301939115888,0.0522679382015916,0.257320529401004,0,0,1,1,0,0,1,1,0,0,0,0,0,0,0,0,"D",3699,2758
-0.079702669150099,0.058056601800771,0.688439052584322,0,0,1,1,0,0,1,1,0,0,0,0,0,0,0,0,"D",1385,2759
-0.0713772180898547,0.0596491329136653,0.152956847190128,0,0,1,1,0,0,1,1,0,0,0,0,0,0,0,0,"D",729,2760
-0.0720922499513725,0.0463894082816099,0.432607012133746,0,0,1,1,0,0,1,1,0,0,0,0,0,0,0,0,"D",712,2761
-0.0610173204135971,0.0265484668563461,0.616294875444662,0,0,1,1,0,0,1,1,0,0,0,0,0,0,0,0,"D",656,2762
-0.0962912942821326,0.0555108215571011,0.285561177454572,0,0,1,1,0,0,1,1,0,0,0,0,0,0,0,0,"D",1397,2763
-0.0715778238461734,0.0453453274866182,-0.0340711820946879,0,0,1,1,0,0,1,1,0,0,0,0,0,0,0,0,"D",2074,2764
-0.0841093806851952,0.0419149820600218,0.039281836959743,0,0,1,1,0,0,1,1,0,0,0,0,0,0,0,0,"D",857,2765
-0.0680293903505818,0.0420052491786062,0.224322584064233,0,0,1,1,0,0,1,1,0,0,0,0,0,0,0,0,"D",2257,2766
-0.0758415759696253,0.044144082017536,1.20054082957392,0,0,1,1,0,0,1,1,0,0,0,0,0,0,0,0,"D",1072,2767
-0.0841883485069033,0.0677655661983991,0.991490693542797,0,0,1,1,0,0,1,1,0,0,0,0,0,0,0,0,"D",1687,2768
-0.0972776887053037,0.0527422004317882,1.31981575628637,0,0,1,1,0,0,1,1,0,0,0,0,0,0,0,0,"D",2575,2769
-0.0714837132107275,0.0413023096731615,0.317754421477742,0,0,1,1,0,0,1,1,0,0,0,0,0,0,0,0,"D",3006,2770
-0.0744026640183909,0.0555685096542286,0.167593000753623,0,0,1,1,0,0,1,1,0,0,0,0,0,0,0,0,"D",3732,2771
-0.0983598473905696,0.071979341738538,0.743547308621678,0,0,1,1,0,0,1,1,0,0,0,0,0,0,0,0,"D",482,2772
-0.0742043067402598,0.0394107336734724,0.0483520558841589,0,0,1,1,0,0,1,1,0,0,0,0,0,0,0,0,"D",1341,2773
-0.0827659236474255,0.078038845888795,0.453534770166535,0,0,1,1,0,0,1,1,0,0,0,0,0,0,0,0,"D",3204,2774
-0.0699456626276701,0.049778516950347,-0.0153559432311255,0,0,1,1,0,0,1,1,0,0,0,0,0,0,0,0,"D",1763,2775
-0.0735945173945695,0.0659438093211644,0.30626817223126,0,0,1,1,0,0,1,1,0,0,0,0,0,0,0,0,"D",2318,2776
-0.08560256922909,0.07400893826855,0.58283195315215,0,0,1,1,0,0,1,1,0,0,0,0,0,0,0,0,"D",1059,2777
-0.09071584791375,0.0637316570276897,0.804712758996854,0,0,1,1,0,0,1,1,0,0,0,0,0,0,0,0,"D",1290,2778
-0.0598044079359086,0.0561176751131735,-0.146980404483224,0,0,1,1,0,0,1,1,0,0,0,0,0,0,0,0,"D",3146,2779
-0.089908179187909,0.0467696504637399,-0.304589060277334,0,0,1,1,0,0,1,1,0,0,0,0,0,0,0,0,"D",1594,2780
-0.0786362316896216,0.056222384858891,-0.422705806463431,0,0,1,1,0,0,1,1,0,0,0,0,0,0,0,0,"D",2727,2781
-0.0867178097645293,0.0679203010630314,1.3463811322019,0,0,1,1,0,0,1,1,0,0,0,0,0,0,0,0,"D",2960,2782
-0.115104812459305,0.0674829957135183,1.0833173804937,0,0,1,1,0,0,1,1,0,0,0,0,0,0,0,0,"D",3738,2783
-0.0645617846915485,0.0526063846870239,0.277037817472266,0,0,1,1,0,0,1,1,0,0,0,0,0,0,0,0,"D",1567,2784
-0.0661755031791612,0.0385748108305389,0.284724064044501,0,0,1,1,0,0,1,1,0,0,0,0,0,0,0,0,"D",1930,2785
-0.0709048620184071,0.0439359244328461,0.190103977899693,0,0,1,1,0,0,1,1,0,0,0,0,0,0,0,0,"D",3714,2786
-0.111193469622249,0.0422741436674218,0.155890921865639,0,0,1,1,0,0,1,1,0,0,0,0,0,0,0,0,"D",435,2787
-0.0723078846804228,0.0333046934255794,-0.716385924526907,0,0,1,1,0,0,1,1,0,0,0,0,0,0,0,0,"D",1461,2788
-0.0534753059360317,0.0428735654316346,0.206790341944109,0,0,1,1,0,0,1,1,0,0,0,0,0,0,0,0,"D",2661,2789
-0.070006340050064,0.0500391870865952,-0.0716414799549128,0,0,1,1,0,0,1,1,0,0,0,0,0,0,0,0,"D",1967,2790
-0.0780307014114301,0.0339027037758543,-0.435244019031547,0,0,1,1,0,0,1,1,0,0,0,0,0,0,0,0,"D",2087,2791
-0.0961357063236374,0.0607959431406214,0.118614611014711,0,0,1,1,0,0,1,1,0,0,0,0,0,0,0,0,"D",2137,2792
-0.0600967452827287,0.0528727151264744,-0.170799972018542,0,0,1,1,0,0,1,1,0,0,0,0,0,0,0,0,"D",2578,2793
-0.0929386750621165,0.0479948713325976,0.67325516237075,0,0,1,1,0,0,1,1,0,0,0,0,0,0,0,0,"D",899,2794
-0.0624674098642888,0.0479438351815335,0.250091289658353,0,0,1,1,0,0,1,1,0,0,0,0,0,0,0,0,"D",3030,2795
-0.0947094967682589,0.049397327236069,0.325180921918345,0,0,1,1,0,0,1,1,0,0,0,0,0,0,0,0,"D",2602,2796
-0.0840265705194102,0.0489078952444202,-0.195273681213208,0,0,1,1,0,0,1,1,0,0,0,0,0,0,0,0,"D",394,2797
-0.0891567225969257,0.0527777246999313,-0.355526224220506,0,0,1,1,0,0,1,1,0,0,0,0,0,0,0,0,"D",3326,2798
-0.0557778679308039,0.048764511898886,-0.132259818648725,0,0,1,1,0,0,1,1,0,0,0,0,0,0,0,0,"D",2240,2799
-0.100780908585917,0.0334761461046546,1.00322138656343,0,0,1,1,0,0,1,0,0,0,1,0,0,0,0,0,"C",491,2800
-0.104059168002517,-0.00405147220002185,0.0796368224916108,0,0,1,1,0,0,1,0,0,0,1,0,0,0,0,0,"C",3721,2801
-0.0969340672840798,0.00582574719044484,-0.0869813122548642,0,0,1,1,0,0,1,0,0,0,1,0,0,0,0,0,"C",3402,2802
-0.081118709880188,0.0117265491083921,-0.523825986535286,0,0,1,1,0,0,1,0,0,0,1,0,0,0,0,0,"C",368,2803
-0.101955857376618,0.00510769492692425,-0.247330315627733,0,0,1,1,0,0,1,0,0,0,1,0,0,0,0,0,"C",1484,2804
-0.112228967524332,0.0104585498873512,1.12481019440268,0,0,1,1,0,0,1,0,0,0,1,0,0,0,0,0,"C",2487,2805
-0.123998828848671,0.0202901691273864,0.806941635260917,0,0,1,1,0,0,1,0,0,0,1,0,0,0,0,0,"C",1608,2806
-0.104402018967127,0.00776377025104319,-0.279415837124363,0,0,1,1,0,0,1,0,0,0,1,0,0,0,0,0,"C",1462,2807
-0.0993107853255366,0.0190619010260538,-0.0708716536576502,0,0,1,1,0,0,1,0,0,0,1,0,0,0,0,0,"C",3495,2808
-0.0962393720778423,0.0233289635548963,-0.768446120909647,0,0,1,1,0,0,1,0,0,0,1,0,0,0,0,0,"C",3583,2809
-0.110330041753938,0.0303428485983147,0.612251100633514,0,0,1,1,0,0,1,0,0,0,1,0,0,0,0,0,"C",1747,2810
-0.117413805807028,0.0233457699789671,0.0570221036758594,0,0,1,1,0,0,1,0,0,0,1,0,0,0,0,0,"C",344,2811
-0.0917388318055588,0.00589850474347752,-0.94071985805971,0,0,1,1,0,0,1,0,0,0,1,0,0,0,0,0,"C",3343,2812
-0.102019365524378,0.00320395305213722,-0.904693214133788,0,0,1,1,0,0,1,0,0,0,1,0,0,0,0,0,"C",2191,2813
-0.086782738610531,0.0151241879931493,-0.128735304732541,0,0,1,1,0,0,1,0,0,0,1,0,0,0,0,0,"C",2986,2814
-0.119822690201011,0.0131362196824083,0.571798752427922,0,0,1,1,0,0,1,0,0,0,1,0,0,0,0,0,"C",3527,2815
-0.0956467933097052,0.0221201017655084,0.801119694869317,0,0,1,1,0,0,1,0,0,0,1,0,0,0,0,0,"C",3748,2816
-0.0959719220768302,0.0187160076441307,-0.453067263447497,0,0,1,1,0,0,1,0,0,0,1,0,0,0,0,0,"C",930,2817
-0.0929430578492552,0.00616623557916398,-0.304272529161559,0,0,1,1,0,0,1,0,0,0,1,0,0,0,0,0,"C",1560,2818
-0.0810897962402785,-0.024336251959471,0.582107525145422,0,0,1,1,0,0,1,0,0,0,1,0,0,0,0,0,"C",1549,2819
-0.0998262361061693,0.0355762378879408,1.24847168143997,0,0,1,1,0,0,1,0,0,0,1,0,0,0,0,0,"C",3423,2820
-0.0868801181706879,0.0203796108677672,-0.776840421679914,0,0,1,1,0,0,1,0,0,0,1,0,0,0,0,0,"C",3464,2821
-0.103447139554011,0.00996100878944702,-0.546581198544468,0,0,1,1,0,0,1,0,0,0,1,0,0,0,0,0,"C",1646,2822
-0.0963205600595497,0.008479671392905,-0.773377224661692,0,0,1,1,0,0,1,0,0,0,1,0,0,0,0,0,"C",2823,2823
-0.104848543627132,0.0136675053763349,0.534628389865898,0,0,1,1,0,0,1,0,0,0,1,0,0,0,0,0,"C",2022,2824
-0.103194766034866,0.0108683076201072,0.20231192288834,0,0,1,1,0,0,1,0,0,0,1,0,0,0,0,0,"C",1255,2825
-0.10068809193107,0.0482161131634045,0.942428843439776,0,0,1,1,0,0,1,0,0,0,1,0,0,0,0,0,"C",1691,2826
-0.116019954283575,0.0273508678167989,1.05338738485745,0,0,1,1,0,0,1,0,0,0,1,0,0,0,0,0,"C",3414,2827
-0.0918425185174447,0.0364126733165738,0.275180373672953,0,0,1,1,0,0,1,0,0,0,1,0,0,0,0,0,"C",1362,2828
-0.102932469301516,0.00393260807967855,-0.30075043078818,0,0,1,1,0,0,1,0,0,0,1,0,0,0,0,0,"C",2845,2829
-0.0994810104423701,0.0158048278904469,-1.28014790934592,0,0,1,1,0,0,1,0,0,0,1,0,0,0,0,0,"C",2333,2830
-0.113820233473116,-0.00706589948702993,-0.0267082369472332,0,0,1,1,0,0,1,0,0,0,1,0,0,0,0,0,"C",2005,2831
-0.084903124228304,-0.0134411255695965,-0.964981546305151,0,0,1,1,0,0,1,0,0,0,1,0,0,0,0,0,"C",2937,2832
-0.103961756673127,0.00146146922664348,-1.08940106225064,0,0,1,1,0,0,1,0,0,0,1,0,0,0,0,0,"C",1628,2833
-0.117181643240324,-0.0149638647488642,-0.0300664153385335,0,0,1,1,0,0,1,0,0,0,1,0,0,0,0,0,"C",3122,2834
-0.0921100346684584,0.0204422813800874,0.341663113915198,0,0,1,1,0,0,1,0,0,0,1,0,0,0,0,0,"C",666,2835
-0.0759569728228027,-0.00751236679361673,1.1923176930878,0,0,1,1,0,0,1,0,0,0,1,0,0,0,0,0,"C",1125,2836
-0.102436098080738,-0.0156663836747368,-1.17132713607932,0,0,1,1,0,0,1,0,0,0,1,0,0,0,0,0,"C",33,2837
-0.114156820565169,0.0270677617137502,-0.695944055972164,0,0,1,1,0,0,1,0,0,0,1,0,0,0,0,0,"C",1671,2838
-0.0906268210317642,-0.00236792896257423,-0.603619797669155,0,0,1,1,0,0,1,0,0,0,1,0,0,0,0,0,"C",2714,2839
-0.112078051030948,-0.01054800598388,-0.518465788612852,0,0,1,1,0,0,1,0,0,0,1,0,0,0,0,0,"C",946,2840
-0.0749194491875615,-4.51630442314735e-05,0.0429653452970294,0,0,1,1,0,0,1,0,0,0,1,0,0,0,0,0,"C",2718,2841
-0.111643155641741,0.0111590586089366,0.281178067734723,0,0,1,1,0,0,1,0,0,0,1,0,0,0,0,0,"C",2372,2842
-0.0850956691552044,0.0186454558669173,0.0334488436947245,0,0,1,1,0,0,1,0,0,0,1,0,0,0,0,0,"C",1117,2843
-0.0947558208390999,0.0142685841105494,-0.360478222365787,0,0,1,1,0,0,1,0,0,0,1,0,0,0,0,0,"C",3186,2844
-0.0890973992781252,0.000561800753794944,-0.323659126663305,0,0,1,1,0,0,1,0,0,0,1,0,0,0,0,0,"C",2648,2845
-0.0963226773910565,-0.00242650412827617,0.709892655133801,0,0,1,1,0,0,1,0,0,0,1,0,0,0,0,0,"C",3379,2846
-0.0832548431146025,0.0100499274740438,-0.614808130570729,0,0,1,1,0,0,1,0,0,0,1,0,0,0,0,0,"C",2742,2847
-0.10553214806746,0.0158262262856085,0.476397549695126,0,0,1,1,0,0,1,0,0,0,1,0,0,0,0,0,"C",2336,2848
-0.0978639017877088,-0.00165520888220924,-0.210275580134655,0,0,1,1,0,0,1,0,0,0,1,0,0,0,0,0,"C",267,2849
-0.0791896300254372,0.00791210198629339,0.324029026852594,0,0,1,1,0,0,1,0,0,0,1,0,0,0,0,0,"C",1359,2850
-0.111188665896397,0.0282289594315304,1.14215325612309,0,0,1,1,0,0,1,0,0,0,1,0,0,0,0,0,"C",1441,2851
-0.0920520061018627,0.000545501099634162,-0.0557895913907428,0,0,1,1,0,0,1,0,0,0,1,0,0,0,0,0,"C",1962,2852
-0.102931941191012,0.00422371240175099,-0.0444052896211349,0,0,1,1,0,0,1,0,0,0,1,0,0,0,0,0,"C",3717,2853
-0.0957906284676284,0.0169547379436528,-0.421891977447526,0,0,1,1,0,0,1,0,0,0,1,0,0,0,0,0,"C",347,2854
-0.0900126365114517,0.0282127736611051,0.777278738751563,0,0,1,1,0,0,1,0,0,0,1,0,0,0,0,0,"C",2090,2855
-0.0997557383911757,0.0347877171523818,0.416150658203777,0,0,1,1,0,0,1,0,0,0,1,0,0,0,0,0,"C",3406,2856
-0.0992844843159699,0.0247908022862055,-0.0519363481145911,0,0,1,1,0,0,1,0,0,0,1,0,0,0,0,0,"C",2061,2857
-0.0945546487925516,0.0304147654451283,0.657774100541916,0,0,1,1,0,0,1,0,0,0,1,0,0,0,0,0,"C",3699,2858
-0.101866424074924,0.0103410173753924,-0.74897529983962,0,0,1,1,0,0,1,0,0,0,1,0,0,0,0,0,"C",1385,2859
-0.103688259745823,-0.0083039987844753,-0.545828512759863,0,0,1,1,0,0,1,0,0,0,1,0,0,0,0,0,"C",729,2860
-0.0627731672550526,0.0199008445813123,-0.379807228311961,0,0,1,1,0,0,1,0,0,0,1,0,0,0,0,0,"C",712,2861
-0.095939343066988,0.00283682430840186,0.766382365094394,0,0,1,1,0,0,1,0,0,0,1,0,0,0,0,0,"C",656,2862
-0.0882317168388104,0.0167035940680899,-0.150067942656933,0,0,1,1,0,0,1,0,0,0,1,0,0,0,0,0,"C",1397,2863
-0.0931155676033627,-0.026372451648891,1.25062499436661,0,0,1,1,0,0,1,0,0,0,1,0,0,0,0,0,"C",2074,2864
-0.0768621966146352,0.012087016628353,-0.32605453323542,0,0,1,1,0,0,1,0,0,0,1,0,0,0,0,0,"C",857,2865
-0.105951100387322,0.0098825053426427,-0.424789447113998,0,0,1,1,0,0,1,0,0,0,1,0,0,0,0,0,"C",2257,2866
-0.0992298752576055,0.0109222389165679,-0.885154925830868,0,0,1,1,0,0,1,0,0,0,1,0,0,0,0,0,"C",1072,2867
-0.0863052296005013,0.0151981150907161,0.132137225430352,0,0,1,1,0,0,1,0,0,0,1,0,0,0,0,0,"C",1687,2868
-0.120081463490286,0.00717021597377602,-0.130773333292586,0,0,1,1,0,0,1,0,0,0,1,0,0,0,0,0,"C",2575,2869
-0.0827557508928402,0.0181630563867558,-0.852961741915617,0,0,1,1,0,0,1,0,0,0,1,0,0,0,0,0,"C",3006,2870
-0.0901354520415101,-0.0256745507013669,-0.0918010121490341,0,0,1,1,0,0,1,0,0,0,1,0,0,0,0,0,"C",3732,2871
-0.0970205425716024,0.0121225773781584,0.340854581818845,0,0,1,1,0,0,1,0,0,0,1,0,0,0,0,0,"C",482,2872
-0.0789091206067632,-0.0201232123286728,-0.0811214837900289,0,0,1,1,0,0,1,0,0,0,1,0,0,0,0,0,"C",1341,2873
-0.0860731265841962,0.00860971723783677,-0.17075038916515,0,0,1,1,0,0,1,0,0,0,1,0,0,0,0,0,"C",3204,2874
-0.0824934031868899,0.015595884535883,-0.586375596850638,0,0,1,1,0,0,1,0,0,0,1,0,0,0,0,0,"C",1763,2875
-0.0990002172358593,0.0196008429529915,0.262553066321153,0,0,1,1,0,0,1,0,0,0,1,0,0,0,0,0,"C",2318,2876
-0.0989042825871888,-0.0104105486904068,-1.08779109582048,0,0,1,1,0,0,1,0,0,0,1,0,0,0,0,0,"C",1059,2877
-0.0996667187992494,-0.0101290023253801,0.327359317616874,0,0,1,1,0,0,1,0,0,0,1,0,0,0,0,0,"C",1290,2878
-0.105069054809558,0.00455600305177638,-0.390665953550538,0,0,1,1,0,0,1,0,0,0,1,0,0,0,0,0,"C",3146,2879
-0.0993200051155228,0.0101913270020032,-0.232687297971469,0,0,1,1,0,0,1,0,0,0,1,0,0,0,0,0,"C",1594,2880
-0.095893740865493,0.0338377827965565,0.644291884125087,0,0,1,1,0,0,1,0,0,0,1,0,0,0,0,0,"C",2727,2881
-0.113738681126334,-0.0046473989535684,-0.366118429593476,0,0,1,1,0,0,1,0,0,0,1,0,0,0,0,0,"C",2960,2882
-0.0724489995548207,-0.000297885804795386,0.729206684354643,0,0,1,1,0,0,1,0,0,0,1,0,0,0,0,0,"C",3738,2883
-0.114393926765385,-0.00141880042910487,-0.443506551935307,0,0,1,1,0,0,1,0,0,0,1,0,0,0,0,0,"C",1567,2884
-0.0707577286548965,-0.00802342944025415,-1.07138083123783,0,0,1,1,0,0,1,0,0,0,1,0,0,0,0,0,"C",1930,2885
-0.105357642406481,0.00791923020531403,-0.21441856716781,0,0,1,1,0,0,1,0,0,0,1,0,0,0,0,0,"C",3714,2886
-0.0934655987143072,0.0103128025132704,0.872062564312261,0,0,1,1,0,0,1,0,0,0,1,0,0,0,0,0,"C",435,2887
-0.105073230184994,0.0128996611773338,-0.626289214343915,0,0,1,1,0,0,1,0,0,0,1,0,0,0,0,0,"C",1461,2888
-0.112934478431184,-0.00928497490653053,-0.124739260681637,0,0,1,1,0,0,1,0,0,0,1,0,0,0,0,0,"C",2661,2889
-0.0951130983019299,0.0223084187104509,0.665441574699748,0,0,1,1,0,0,1,0,0,0,1,0,0,0,0,0,"C",1967,2890
-0.103598214843029,0.0133288228720212,0.0351815490911573,0,0,1,1,0,0,1,0,0,0,1,0,0,0,0,0,"C",2087,2891
-0.0841658934867646,0.0014095612220266,-0.0736234059983306,0,0,1,1,0,0,1,0,0,0,1,0,0,0,0,0,"C",2137,2892
-0.0645108398839466,0.00253765987431239,0.0501112325810031,0,0,1,1,0,0,1,0,0,0,1,0,0,0,0,0,"C",2578,2893
-0.118000881349074,0.0213585079151054,0.792250545970763,0,0,1,1,0,0,1,0,0,0,1,0,0,0,0,0,"C",899,2894
-0.0855958816234259,-0.0103439931906596,0.168776563632615,0,0,1,1,0,0,1,0,0,0,1,0,0,0,0,0,"C",3030,2895
-0.114898349473852,-0.00586551440821653,0.609017233360435,0,0,1,1,0,0,1,0,0,0,1,0,0,0,0,0,"C",2602,2896
-0.0833013002313325,0.00703094868970967,-0.0164343250490577,0,0,1,1,0,0,1,0,0,0,1,0,0,0,0,0,"C",394,2897
-0.0920464438074865,-0.0163860243359392,-0.937230869002755,0,0,1,1,0,0,1,0,0,0,1,0,0,0,0,0,"C",3326,2898
-0.112940688855951,0.0322216580796717,0.485774916386624,0,0,1,1,0,0,1,0,0,0,1,0,0,0,0,0,"C",2240,2899
-0.0719348981068011,0.00602595415976827,0.494220033039196,0,0,1,1,0,0,1,0,0,0,1,0,0,0,0,0,"D",491,2900
-0.0978002848451121,-0.0305601264129987,1.31113789489171,0,0,1,1,0,0,1,0,0,0,1,0,0,0,0,0,"D",3721,2901
-0.109032077588509,-0.0184896436330048,0.886468260192193,0,0,1,1,0,0,1,0,0,0,1,0,0,0,0,0,"D",3402,2902
-0.106931839159605,-0.00857424841461944,0.546406381503996,0,0,1,1,0,0,1,0,0,0,1,0,0,0,0,0,"D",368,2903
-0.0810420439156567,-0.0113661342763316,0.675282175498455,0,0,1,1,0,0,1,0,0,0,1,0,0,0,0,0,"D",1484,2904
-0.116282291802928,-0.0366907060901971,1.92336796541712,0,0,1,1,0,0,1,0,0,0,1,0,0,0,0,0,"D",2487,2905
-0.0906549435135448,0.00759872090558638,0.225658179009918,0,0,1,1,0,0,1,0,0,0,1,0,0,0,0,0,"D",1608,2906
-0.121927993631899,-0.0237699668253452,1.83851922022399,0,0,1,1,0,0,1,0,0,0,1,0,0,0,0,0,"D",1462,2907
-0.101953222634327,0.00113097825041852,0.400905220956014,0,0,1,1,0,0,1,0,0,0,1,0,0,0,0,0,"D",3495,2908
-0.129584975008188,-0.0137006028588435,1.31715542491039,0,0,1,1,0,0,1,0,0,0,1,0,0,0,0,0,"D",3583,2909
-0.121977267134371,-0.0328094198485397,1.94626845443218,0,0,1,1,0,0,1,0,0,0,1,0,0,0,0,0,"D",1747,2910
-0.113675932713603,-0.021966285141399,1.58657771921527,0,0,1,1,0,0,1,0,0,0,1,0,0,0,0,0,"D",344,2911
-0.0996978891323222,-0.0107893026881923,1.24587727057938,0,0,1,1,0,0,1,0,0,0,1,0,0,0,0,0,"D",3343,2912
-0.10505026136532,-0.00113427119379668,1.17039369599309,0,0,1,1,0,0,1,0,0,0,1,0,0,0,0,0,"D",2191,2913
-0.11185750147484,-0.0109845879049323,1.60744632726871,0,0,1,1,0,0,1,0,0,0,1,0,0,0,0,0,"D",2986,2914
-0.101417947008648,-0.0118244247850783,1.36711591781716,0,0,1,1,0,0,1,0,0,0,1,0,0,0,0,0,"D",3527,2915
-0.106281501947637,-0.0277123729187406,1.20408165447387,0,0,1,1,0,0,1,0,0,0,1,0,0,0,0,0,"D",3748,2916
-0.115412267935735,-0.0266490620265884,1.4364665249749,0,0,1,1,0,0,1,0,0,0,1,0,0,0,0,0,"D",930,2917
-0.112765445917845,-0.0132166876652029,1.47720020058305,0,0,1,1,0,0,1,0,0,0,1,0,0,0,0,0,"D",1560,2918
-0.10692982307459,-0.0173631303246932,0.443730118115249,0,0,1,1,0,0,1,0,0,0,1,0,0,0,0,0,"D",1549,2919
-0.109719772315553,-0.0259401958058365,1.51199324314993,0,0,1,1,0,0,1,0,0,0,1,0,0,0,0,0,"D",3423,2920
-0.104572429909053,-0.00755219904153652,1.43893084175798,0,0,1,1,0,0,1,0,0,0,1,0,0,0,0,0,"D",3464,2921
-0.0980945130866782,0.0021082514019537,0.73078992640917,0,0,1,1,0,0,1,0,0,0,1,0,0,0,0,0,"D",1646,2922
-0.120278208581835,-0.00511017597514125,0.671353348683521,0,0,1,1,0,0,1,0,0,0,1,0,0,0,0,0,"D",2823,2923
-0.118680559015912,-0.0200056252475278,1.4742496469774,0,0,1,1,0,0,1,0,0,0,1,0,0,0,0,0,"D",2022,2924
-0.110854204902702,-0.0292521304938071,0.344737669532836,0,0,1,1,0,0,1,0,0,0,1,0,0,0,0,0,"D",1255,2925
-0.098024135924334,-0.0201659894866774,1.22766839104804,0,0,1,1,0,0,1,0,0,0,1,0,0,0,0,0,"D",1691,2926
-0.0968035171387852,-0.0276933360226147,-0.112346689735969,0,0,1,1,0,0,1,0,0,0,1,0,0,0,0,0,"D",3414,2927
-0.151463732824451,-0.0301030774164572,1.6775909811247,0,0,1,1,0,0,1,0,0,0,1,0,0,0,0,0,"D",1362,2928
-0.112090028139824,-0.0192042667713927,1.44955944497699,0,0,1,1,0,0,1,0,0,0,1,0,0,0,0,0,"D",2845,2929
-0.111122479232667,-0.0252542048458213,1.30951132476644,0,0,1,1,0,0,1,0,0,0,1,0,0,0,0,0,"D",2333,2930
-0.127525455082321,-0.00180785466053796,1.750483499436,0,0,1,1,0,0,1,0,0,0,1,0,0,0,0,0,"D",2005,2931
-0.102671345845225,-0.0131189314778038,1.11805699411322,0,0,1,1,0,0,1,0,0,0,1,0,0,0,0,0,"D",2937,2932
-0.103476810605727,-0.00169744607192682,0.855350563009604,0,0,1,1,0,0,1,0,0,0,1,0,0,0,0,0,"D",1628,2933
-0.088620069496765,-0.00445714910124809,0.807638688470342,0,0,1,1,0,0,1,0,0,0,1,0,0,0,0,0,"D",3122,2934
-0.100993006997274,-0.0242637122291087,1.29017223969686,0,0,1,1,0,0,1,0,0,0,1,0,0,0,0,0,"D",666,2935
-0.0873689914420505,0.0112609555725526,0.299059666613508,0,0,1,1,0,0,1,0,0,0,1,0,0,0,0,0,"D",1125,2936
-0.102893534875046,-0.0393142453104893,1.83219404464093,0,0,1,1,0,0,1,0,0,0,1,0,0,0,0,0,"D",33,2937
-0.0844079337369174,-0.00967104725525575,1.41691601339508,0,0,1,1,0,0,1,0,0,0,1,0,0,0,0,0,"D",1671,2938
-0.110942313612766,-0.0399411240933392,1.12160981080005,0,0,1,1,0,0,1,0,0,0,1,0,0,0,0,0,"D",2714,2939
-0.112156752666917,-0.0119782098581151,0.371639556834544,0,0,1,1,0,0,1,0,0,0,1,0,0,0,0,0,"D",946,2940
-0.11463127224051,-0.0110510084117248,0.985121531536072,0,0,1,1,0,0,1,0,0,0,1,0,0,0,0,0,"D",2718,2941
-0.121211561957452,-0.0255096866818057,1.29606315733928,0,0,1,1,0,0,1,0,0,0,1,0,0,0,0,0,"D",2372,2942
-0.0985416960516255,-0.0179675135696892,1.2545611678847,0,0,1,1,0,0,1,0,0,0,1,0,0,0,0,0,"D",1117,2943
-0.113953917807485,-0.0235650900292471,1.23920286287469,0,0,1,1,0,0,1,0,0,0,1,0,0,0,0,0,"D",3186,2944
-0.0879979389613688,0.00514004629169473,0.488820755792492,0,0,1,1,0,0,1,0,0,0,1,0,0,0,0,0,"D",2648,2945
-0.0986434950418222,-0.00546183240289478,-0.0458454821016311,0,0,1,1,0,0,1,0,0,0,1,0,0,0,0,0,"D",3379,2946
-0.106903047584916,-0.0282397138892038,1.75683258159827,0,0,1,1,0,0,1,0,0,0,1,0,0,0,0,0,"D",2742,2947
-0.106176338358594,-0.0209980309931628,1.91717397472903,0,0,1,1,0,0,1,0,0,0,1,0,0,0,0,0,"D",2336,2948
-0.117607078912048,-0.0198395968917508,2.04091622969191,0,0,1,1,0,0,1,0,0,0,1,0,0,0,0,0,"D",267,2949
-0.105431668841407,-0.00392484467830521,0.783630750357001,0,0,1,1,0,0,1,0,0,0,1,0,0,0,0,0,"D",1359,2950
-0.128444611006291,-0.0250448401971176,1.59343125432632,0,0,1,1,0,0,1,0,0,0,1,0,0,0,0,0,"D",1441,2951
-0.118430838888396,-0.0209755604537964,1.07308244629619,0,0,1,1,0,0,1,0,0,0,1,0,0,0,0,0,"D",1962,2952
-0.122231159463198,-0.0296522750639941,1.44775479783993,0,0,1,1,0,0,1,0,0,0,1,0,0,0,0,0,"D",3717,2953
-0.0994163013629495,-0.023124125579323,1.53798624526007,0,0,1,1,0,0,1,0,0,0,1,0,0,0,0,0,"D",347,2954
-0.114988385255149,-0.0111409155378948,0.752703520191719,0,0,1,1,0,0,1,0,0,0,1,0,0,0,0,0,"D",2090,2955
-0.117515850866817,-0.0212921764048053,0.40877572152515,0,0,1,1,0,0,1,0,0,0,1,0,0,0,0,0,"D",3406,2956
-0.120910823726581,-0.0296909234575079,1.34108246269728,0,0,1,1,0,0,1,0,0,0,1,0,0,0,0,0,"D",2061,2957
-0.0873461257962535,0.011218975346274,0.127683615968489,0,0,1,1,0,0,1,0,0,0,1,0,0,0,0,0,"D",3699,2958
-0.087691436220359,-0.0159195209524795,1.8374750735559,0,0,1,1,0,0,1,0,0,0,1,0,0,0,0,0,"D",1385,2959
-0.0927770807156081,-0.0112977689654144,1.31770404196987,0,0,1,1,0,0,1,0,0,0,1,0,0,0,0,0,"D",729,2960
-0.0928801292495824,-0.0334533510484785,1.17539947705107,0,0,1,1,0,0,1,0,0,0,1,0,0,0,0,0,"D",712,2961
-0.0953064209865551,-0.0334115830705633,1.17067769741358,0,0,1,1,0,0,1,0,0,0,1,0,0,0,0,0,"D",656,2962
-0.12757845997691,-0.0345448051631907,1.19942782299035,0,0,1,1,0,0,1,0,0,0,1,0,0,0,0,0,"D",1397,2963
-0.0926696850793432,-0.0220580138958145,1.05816744075797,0,0,1,1,0,0,1,0,0,0,1,0,0,0,0,0,"D",2074,2964
-0.110735658781852,-0.0165855234262836,0.535983518540174,0,0,1,1,0,0,1,0,0,0,1,0,0,0,0,0,"D",857,2965
-0.0997248838560177,-0.0101179215069112,1.01216268752583,0,0,1,1,0,0,1,0,0,0,1,0,0,0,0,0,"D",2257,2966
-0.0912959328233345,-0.025783437376357,0.737325417070287,0,0,1,1,0,0,1,0,0,0,1,0,0,0,0,0,"D",1072,2967
-0.112062416749553,-0.015595959417591,1.16209732476667,0,0,1,1,0,0,1,0,0,0,1,0,0,0,0,0,"D",1687,2968
-0.0975108994920593,-0.0192733568812504,-0.226956612776124,0,0,1,1,0,0,1,0,0,0,1,0,0,0,0,0,"D",2575,2969
-0.11205192452139,-0.017834056223033,1.40993831350954,0,0,1,1,0,0,1,0,0,0,1,0,0,0,0,0,"D",3006,2970
-0.111200424675856,0.00307460966214281,0.562054699720528,0,0,1,1,0,0,1,0,0,0,1,0,0,0,0,0,"D",3732,2971
-0.117105241677269,-0.0114050552412523,1.31144331567068,0,0,1,1,0,0,1,0,0,0,1,0,0,0,0,0,"D",482,2972
-0.105744926166824,-0.00902585585800159,0.46255569992545,0,0,1,1,0,0,1,0,0,0,1,0,0,0,0,0,"D",1341,2973
-0.0870630553471876,0.00176894462362225,0.787777963882462,0,0,1,1,0,0,1,0,0,0,1,0,0,0,0,0,"D",3204,2974
-0.0876594868152804,-0.0350836882581785,1.89251077065346,0,0,1,1,0,0,1,0,0,0,1,0,0,0,0,0,"D",1763,2975
-0.100535264581866,-0.00537864276173488,1.18533919490057,0,0,1,1,0,0,1,0,0,0,1,0,0,0,0,0,"D",2318,2976
-0.0952364876568351,-0.0242095584492342,0.459565854933099,0,0,1,1,0,0,1,0,0,0,1,0,0,0,0,0,"D",1059,2977
-0.090939142312598,0.00713462688681548,-0.344281040385526,0,0,1,1,0,0,1,0,0,0,1,0,0,0,0,0,"D",1290,2978
-0.11225765589427,-0.0279943009268703,1.53439994394192,0,0,1,1,0,0,1,0,0,0,1,0,0,0,0,0,"D",3146,2979
-0.123613149416263,-0.0256779919101046,0.294266252836031,0,0,1,1,0,0,1,0,0,0,1,0,0,0,0,0,"D",1594,2980
-0.0888253240012881,-0.011935251256363,0.641262888030231,0,0,1,1,0,0,1,0,0,0,1,0,0,0,0,0,"D",2727,2981
-0.112715252931954,-0.0264404541708645,1.74366504150529,0,0,1,1,0,0,1,0,0,0,1,0,0,0,0,0,"D",2960,2982
-0.104992916693971,-0.00871641150562631,0.718390518753019,0,0,1,1,0,0,1,0,0,0,1,0,0,0,0,0,"D",3738,2983
-0.0720027595055591,-0.0101241869805269,1.41942849944423,0,0,1,1,0,0,1,0,0,0,1,0,0,0,0,0,"D",1567,2984
-0.105891958807341,-0.0254134889963408,1.17558766039199,0,0,1,1,0,0,1,0,0,0,1,0,0,0,0,0,"D",1930,2985
-0.0822942802970601,-0.000299571000232935,0.647983156496159,0,0,1,1,0,0,1,0,0,0,1,0,0,0,0,0,"D",3714,2986
-0.118169676716657,-0.0306668459641912,1.19122185834541,0,0,1,1,0,0,1,0,0,0,1,0,0,0,0,0,"D",435,2987
-0.118120025983663,-0.0244170065252894,0.852964861447182,0,0,1,1,0,0,1,0,0,0,1,0,0,0,0,0,"D",1461,2988
-0.100376201627149,-0.0241166316867231,2.32113427221007,0,0,1,1,0,0,1,0,0,0,1,0,0,0,0,0,"D",2661,2989
-0.105885849613737,-0.0181533310981831,1.06651542572004,0,0,1,1,0,0,1,0,0,0,1,0,0,0,0,0,"D",1967,2990
-0.103026371474559,-0.03543546061216,1.71580101145834,0,0,1,1,0,0,1,0,0,0,1,0,0,0,0,0,"D",2087,2991
-0.100746856576866,-0.0133408905827437,0.24421614343763,0,0,1,1,0,0,1,0,0,0,1,0,0,0,0,0,"D",2137,2992
-0.0962619826382883,-0.0160300190907855,1.62494756647686,0,0,1,1,0,0,1,0,0,0,1,0,0,0,0,0,"D",2578,2993
-0.113452881554406,-0.0368308153648979,1.71653546167367,0,0,1,1,0,0,1,0,0,0,1,0,0,0,0,0,"D",899,2994
-0.0903550993107013,0.0057763903657341,0.735578544920888,0,0,1,1,0,0,1,0,0,0,1,0,0,0,0,0,"D",3030,2995
-0.103452640876585,-0.0039431027879814,0.224630400867903,0,0,1,1,0,0,1,0,0,0,1,0,0,0,0,0,"D",2602,2996
-0.0982492934516573,-0.0228981486845248,0.619535028979503,0,0,1,1,0,0,1,0,0,0,1,0,0,0,0,0,"D",394,2997
-0.107440782594326,-0.0299964185015091,1.45361417814991,0,0,1,1,0,0,1,0,0,0,1,0,0,0,0,0,"D",3326,2998
-0.100439715230448,-0.0321442628507638,1.09318495363442,0,0,1,1,0,0,1,0,0,0,1,0,0,0,0,0,"D",2240,2999
-0.113747764874921,0.0463753273418715,0.35802541143637,0,0,1,1,0,0,1,0,0,0,0,1,0,0,0,0,"C",491,3000
-0.106491565728205,0.0151097720330663,0.0506501231220708,0,0,1,1,0,0,1,0,0,0,0,1,0,0,0,0,"C",3721,3001
-0.103114345359283,0.0210695020397231,-0.262522292185707,0,0,1,1,0,0,1,0,0,0,0,1,0,0,0,0,"C",3402,3002
-0.0913012881202662,0.0172614602742124,-0.180123428406583,0,0,1,1,0,0,1,0,0,0,0,1,0,0,0,0,"C",368,3003
-0.109764634460531,0.00394830649620333,-0.163014316628816,0,0,1,1,0,0,1,0,0,0,0,1,0,0,0,0,"C",1484,3004
-0.134470342462903,0.0304143384233331,-0.063972029854365,0,0,1,1,0,0,1,0,0,0,0,1,0,0,0,0,"C",2487,3005
-0.108911401624219,0.0384628556756558,0.663345596707877,0,0,1,1,0,0,1,0,0,0,0,1,0,0,0,0,"C",1608,3006
-0.086579000397427,0.0471844959262253,-0.304953525199186,0,0,1,1,0,0,1,0,0,0,0,1,0,0,0,0,"C",1462,3007
-0.0982760191418978,0.0238886770964311,0.202387845439098,0,0,1,1,0,0,1,0,0,0,0,1,0,0,0,0,"C",3495,3008
-0.0828610742118497,0.0402043732870332,-0.526628742834128,0,0,1,1,0,0,1,0,0,0,0,1,0,0,0,0,"C",3583,3009
-0.0958078060849664,0.0584166727656157,0.259949654602087,0,0,1,1,0,0,1,0,0,0,0,1,0,0,0,0,"C",1747,3010
-0.122304541203948,0.0271672379390901,-0.0165099224873347,0,0,1,1,0,0,1,0,0,0,0,1,0,0,0,0,"C",344,3011
-0.0972166350934862,0.023202571757265,-1.00331658639507,0,0,1,1,0,0,1,0,0,0,0,1,0,0,0,0,"C",3343,3012
-0.117154519372389,0.0175340964682817,-0.813436977148465,0,0,1,1,0,0,1,0,0,0,0,1,0,0,0,0,"C",2191,3013
-0.0874937117075493,0.0313139570761877,-0.369654999664737,0,0,1,1,0,0,1,0,0,0,0,1,0,0,0,0,"C",2986,3014
-0.133690803151239,0.0561263673489571,0.823290705949218,0,0,1,1,0,0,1,0,0,0,0,1,0,0,0,0,"C",3527,3015
-0.107712982130768,0.0596938666094207,0.370529349126032,0,0,1,1,0,0,1,0,0,0,0,1,0,0,0,0,"C",3748,3016
-0.107944561188006,0.0559093409398626,-0.159544521166581,0,0,1,1,0,0,1,0,0,0,0,1,0,0,0,0,"C",930,3017
-0.103399794416169,0.0251343335146531,-0.469723548881652,0,0,1,1,0,0,1,0,0,0,0,1,0,0,0,0,"C",1560,3018
-0.0906910013999201,-0.00787824906741083,0.425492031108083,0,0,1,1,0,0,1,0,0,0,0,1,0,0,0,0,"C",1549,3019
-0.0956139722581002,0.0206908436229761,0.901958723153458,0,0,1,1,0,0,1,0,0,0,0,1,0,0,0,0,"C",3423,3020
-0.109262824972457,0.0172195896009979,-0.349030678016583,0,0,1,1,0,0,1,0,0,0,0,1,0,0,0,0,"C",3464,3021
-0.08985147471155,0.0139371148876405,-0.102979824260953,0,0,1,1,0,0,1,0,0,0,0,1,0,0,0,0,"C",1646,3022
-0.077766117224892,0.0265848019311738,-0.632722118467358,0,0,1,1,0,0,1,0,0,0,0,1,0,0,0,0,"C",2823,3023
-0.122508136862125,0.0473853830792445,0.128994182874077,0,0,1,1,0,0,1,0,0,0,0,1,0,0,0,0,"C",2022,3024
-0.109959064242417,0.0181341881508491,-0.125482996538703,0,0,1,1,0,0,1,0,0,0,0,1,0,0,0,0,"C",1255,3025
-0.0987295587738472,0.0652761831178423,0.605982395311983,0,0,1,1,0,0,1,0,0,0,0,1,0,0,0,0,"C",1691,3026
-0.138421867002709,0.0406505436300257,0.529505238137144,0,0,1,1,0,0,1,0,0,0,0,1,0,0,0,0,"C",3414,3027
-0.111884466599125,0.0527965679905395,0.0344970598098889,0,0,1,1,0,0,1,0,0,0,0,1,0,0,0,0,"C",1362,3028
-0.104207185968132,0.0194595570664489,-0.11109524670344,0,0,1,1,0,0,1,0,0,0,0,1,0,0,0,0,"C",2845,3029
-0.102990143328673,0.0181287608829296,-1.41633112932767,0,0,1,1,0,0,1,0,0,0,0,1,0,0,0,0,"C",2333,3030
-0.12314965384688,0.04390897922907,-0.308000823830462,0,0,1,1,0,0,1,0,0,0,0,1,0,0,0,0,"C",2005,3031
-0.0941280622307359,0.0166928302856378,0.0410936636891959,0,0,1,1,0,0,1,0,0,0,0,1,0,0,0,0,"C",2937,3032
-0.103761651784871,0.0350537759559161,-0.735452412849483,0,0,1,1,0,0,1,0,0,0,0,1,0,0,0,0,"C",1628,3033
-0.108340401852094,0.0140060405963683,-0.0372887284558081,0,0,1,1,0,0,1,0,0,0,0,1,0,0,0,0,"C",3122,3034
-0.0933164824596677,0.0361573841306051,0.346711543863031,0,0,1,1,0,0,1,0,0,0,0,1,0,0,0,0,"C",666,3035
-0.0935134654817887,0.0166149003066156,0.240850557306873,0,0,1,1,0,0,1,0,0,0,0,1,0,0,0,0,"C",1125,3036
-0.0982567072484451,0.0298314384714486,-0.707705154616111,0,0,1,1,0,0,1,0,0,0,0,1,0,0,0,0,"C",33,3037
-0.115710167689487,0.0294787881399991,-0.813500750223079,0,0,1,1,0,0,1,0,0,0,0,1,0,0,0,0,"C",1671,3038
-0.091751051330662,0.0197839919221668,-0.74500256392425,0,0,1,1,0,0,1,0,0,0,0,1,0,0,0,0,"C",2714,3039
-0.105970374632391,0.0204094164859913,-0.120698044619529,0,0,1,1,0,0,1,0,0,0,0,1,0,0,0,0,"C",946,3040
-0.0941909749123685,0.0095533974010329,0.0653310350923572,0,0,1,1,0,0,1,0,0,0,0,1,0,0,0,0,"C",2718,3041
-0.100991344089888,0.0466364422763373,0.0053324436102751,0,0,1,1,0,0,1,0,0,0,0,1,0,0,0,0,"C",2372,3042
-0.0877970838793098,0.0167850374034159,-0.0959721452781775,0,0,1,1,0,0,1,0,0,0,0,1,0,0,0,0,"C",1117,3043
-0.0905176010828994,0.0364115261774617,-0.318972624870668,0,0,1,1,0,0,1,0,0,0,0,1,0,0,0,0,"C",3186,3044
-0.0726009912383011,0.0144791368111515,0.270878302795425,0,0,1,1,0,0,1,0,0,0,0,1,0,0,0,0,"C",2648,3045
-0.107353406137932,0.00411411094315843,0.194758165797242,0,0,1,1,0,0,1,0,0,0,0,1,0,0,0,0,"C",3379,3046
-0.0914933045794795,0.0184040205211007,-0.453785380585552,0,0,1,1,0,0,1,0,0,0,0,1,0,0,0,0,"C",2742,3047
-0.126401370037187,0.0265830323333927,0.0420501069360353,0,0,1,1,0,0,1,0,0,0,0,1,0,0,0,0,"C",2336,3048
-0.0826208234963764,0.0173205309898914,0.334597043523692,0,0,1,1,0,0,1,0,0,0,0,1,0,0,0,0,"C",267,3049
-0.0797751243851068,0.0201506270802086,-0.0405611875829121,0,0,1,1,0,0,1,0,0,0,0,1,0,0,0,0,"C",1359,3050
-0.113916836047935,0.0479354261017019,0.528620565044155,0,0,1,1,0,0,1,0,0,0,0,1,0,0,0,0,"C",1441,3051
-0.0659723170596535,0.0537751929967954,-0.277553703814599,0,0,1,1,0,0,1,0,0,0,0,1,0,0,0,0,"C",1962,3052
-0.0924017750699638,0.0173197376201269,0.183096024016341,0,0,1,1,0,0,1,0,0,0,0,1,0,0,0,0,"C",3717,3053
-0.0962640034934676,0.0518886662441471,-0.524768186743724,0,0,1,1,0,0,1,0,0,0,0,1,0,0,0,0,"C",347,3054
-0.0980985457197023,0.022406258555261,0.0639732538318505,0,0,1,1,0,0,1,0,0,0,0,1,0,0,0,0,"C",2090,3055
-0.083592740547991,0.0187321114603119,0.440304679520805,0,0,1,1,0,0,1,0,0,0,0,1,0,0,0,0,"C",3406,3056
-0.103343290653024,0.0577905934635715,-0.0457136695689045,0,0,1,1,0,0,1,0,0,0,0,1,0,0,0,0,"C",2061,3057
-0.0791787036920442,0.0357949809802052,0.670950490349829,0,0,1,1,0,0,1,0,0,0,0,1,0,0,0,0,"C",3699,3058
-0.0773575250777603,0.0172536044756677,-0.301808046653666,0,0,1,1,0,0,1,0,0,0,0,1,0,0,0,0,"C",1385,3059
-0.109273383593622,0.0442211148701802,-0.391255384008918,0,0,1,1,0,0,1,0,0,0,0,1,0,0,0,0,"C",729,3060
-0.096037565817231,0.0281577807235405,0.298202611372771,0,0,1,1,0,0,1,0,0,0,0,1,0,0,0,0,"C",712,3061
-0.11112101006141,0.0072904214729015,0.272381188164755,0,0,1,1,0,0,1,0,0,0,0,1,0,0,0,0,"C",656,3062
-0.106139696681748,0.0277461477399789,-0.294553725831415,0,0,1,1,0,0,1,0,0,0,0,1,0,0,0,0,"C",1397,3063
-0.106029077480487,-0.00561436890997019,0.523147913872541,0,0,1,1,0,0,1,0,0,0,0,1,0,0,0,0,"C",2074,3064
-0.0923237076294733,0.0310952460672337,-0.277527532072008,0,0,1,1,0,0,1,0,0,0,0,1,0,0,0,0,"C",857,3065
-0.107863576780091,0.0374121641332752,-0.467723076705692,0,0,1,1,0,0,1,0,0,0,0,1,0,0,0,0,"C",2257,3066
-0.081182338920441,0.0193497641600729,-0.194765594474005,0,0,1,1,0,0,1,0,0,0,0,1,0,0,0,0,"C",1072,3067
-0.0958366938276621,0.0408417632145005,-0.290911373669745,0,0,1,1,0,0,1,0,0,0,0,1,0,0,0,0,"C",1687,3068
-0.124404281969073,0.0444789605402407,-0.374839453634493,0,0,1,1,0,0,1,0,0,0,0,1,0,0,0,0,"C",2575,3069
-0.0795010070026152,0.0209550468055352,-0.159347078150805,0,0,1,1,0,0,1,0,0,0,0,1,0,0,0,0,"C",3006,3070
-0.0943222740303107,0.0157769836885818,-0.14078814841983,0,0,1,1,0,0,1,0,0,0,0,1,0,0,0,0,"C",3732,3071
-0.11167859556239,0.050660888948021,0.0298536959456461,0,0,1,1,0,0,1,0,0,0,0,1,0,0,0,0,"C",482,3072
-0.069491813786752,0.0130377219484751,0.148295965764515,0,0,1,1,0,0,1,0,0,0,0,1,0,0,0,0,"C",1341,3073
-0.101979181043635,0.0270747501621709,-0.0643944866843701,0,0,1,1,0,0,1,0,0,0,0,1,0,0,0,0,"C",3204,3074
-0.101810665801798,0.0427261275300091,-0.74691724306761,0,0,1,1,0,0,1,0,0,0,0,1,0,0,0,0,"C",1763,3075
-0.102491714399725,0.02286572169107,0.174872003601947,0,0,1,1,0,0,1,0,0,0,0,1,0,0,0,0,"C",2318,3076
-0.109105378294457,0.0100980397954992,-0.718440169221898,0,0,1,1,0,0,1,0,0,0,0,1,0,0,0,0,"C",1059,3077
-0.116745454160043,0.0292940196732968,-0.525763264239152,0,0,1,1,0,0,1,0,0,0,0,1,0,0,0,0,"C",1290,3078
-0.102098145527623,0.0328122306820571,-0.327762726316302,0,0,1,1,0,0,1,0,0,0,0,1,0,0,0,0,"C",3146,3079
-0.100935186056083,0.0263239916390213,-0.589981381286066,0,0,1,1,0,0,1,0,0,0,0,1,0,0,0,0,"C",1594,3080
-0.106242775853986,0.0590997047718834,0.240710935492796,0,0,1,1,0,0,1,0,0,0,0,1,0,0,0,0,"C",2727,3081
-0.10062749788826,-0.00521818000471654,0.346708509284205,0,0,1,1,0,0,1,0,0,0,0,1,0,0,0,0,"C",2960,3082
-0.0798537770717596,0.0136764641894761,0.299771912126726,0,0,1,1,0,0,1,0,0,0,0,1,0,0,0,0,"C",3738,3083
-0.110567306198796,0.0126663436719066,-0.473020954765591,0,0,1,1,0,0,1,0,0,0,0,1,0,0,0,0,"C",1567,3084
-0.084075019623079,0.0325318683129515,-0.376968053401758,0,0,1,1,0,0,1,0,0,0,0,1,0,0,0,0,"C",1930,3085
-0.105803913625012,0.0378390577210035,-0.400037127448841,0,0,1,1,0,0,1,0,0,0,0,1,0,0,0,0,"C",3714,3086
-0.107311151928416,0.018273495711657,0.183815744695573,0,0,1,1,0,0,1,0,0,0,0,1,0,0,0,0,"C",435,3087
-0.114712308857515,0.0155424752073871,-0.190228584519686,0,0,1,1,0,0,1,0,0,0,0,1,0,0,0,0,"C",1461,3088
-0.0986026694431359,0.014965927294621,0.12701173636455,0,0,1,1,0,0,1,0,0,0,0,1,0,0,0,0,"C",2661,3089
-0.0864627410960636,0.0289069521991223,0.217779994624207,0,0,1,1,0,0,1,0,0,0,0,1,0,0,0,0,"C",1967,3090
-0.110300206038983,0.00596074992564406,-0.138197566775694,0,0,1,1,0,0,1,0,0,0,0,1,0,0,0,0,"C",2087,3091
-0.103132880247364,0.0118800302746439,0.246229177962319,0,0,1,1,0,0,1,0,0,0,0,1,0,0,0,0,"C",2137,3092
-0.0861219351568727,0.0138997693708592,0.0652916587242027,0,0,1,1,0,0,1,0,0,0,0,1,0,0,0,0,"C",2578,3093
-0.141884049804282,0.0379304705769194,0.298880677467497,0,0,1,1,0,0,1,0,0,0,0,1,0,0,0,0,"C",899,3094
-0.0832055582035618,0.0307806821288026,-0.355974063000553,0,0,1,1,0,0,1,0,0,0,0,1,0,0,0,0,"C",3030,3095
-0.101032614640701,0.00721359943577932,0.436293793368789,0,0,1,1,0,0,1,0,0,0,0,1,0,0,0,0,"C",2602,3096
-0.118744518380523,0.0392040489462332,-0.530865097352139,0,0,1,1,0,0,1,0,0,0,0,1,0,0,0,0,"C",394,3097
-0.0862263501340755,0.0147005218040482,-0.578677809316017,0,0,1,1,0,0,1,0,0,0,0,1,0,0,0,0,"C",3326,3098
-0.143510682259459,0.0416374250833777,-0.207683978102839,0,0,1,1,0,0,1,0,0,0,0,1,0,0,0,0,"C",2240,3099
-0.082047835781701,0.0465261503845492,1.45485437018725,0,0,1,1,0,0,1,0,0,0,0,1,0,0,0,0,"D",491,3100
-0.0842478159456471,0.0284896986092931,-0.0895555948792337,0,0,1,1,0,0,1,0,0,0,0,1,0,0,0,0,"D",3721,3101
-0.0882059302419969,0.0501302730789882,0.897149480628506,0,0,1,1,0,0,1,0,0,0,0,1,0,0,0,0,"D",3402,3102
-0.101697725274107,0.0342020475174303,1.02780452863019,0,0,1,1,0,0,1,0,0,0,0,1,0,0,0,0,"D",368,3103
-0.0855074503913333,0.0633563575368611,0.806397909607415,0,0,1,1,0,0,1,0,0,0,0,1,0,0,0,0,"D",1484,3104
-0.0950574257521962,0.0471059147331756,0.277064675175439,0,0,1,1,0,0,1,0,0,0,0,1,0,0,0,0,"D",2487,3105
-0.0906449292101143,0.0450264124742311,-0.375141053075245,0,0,1,1,0,0,1,0,0,0,0,1,0,0,0,0,"D",1608,3106
-0.101298732147251,0.0157969074801015,-0.984575215417453,0,0,1,1,0,0,1,0,0,0,0,1,0,0,0,0,"D",1462,3107
-0.084637577408897,0.045516279547948,-0.0593738488114353,0,0,1,1,0,0,1,0,0,0,0,1,0,0,0,0,"D",3495,3108
-0.0950632787931948,0.048506396261035,0.232881129278953,0,0,1,1,0,0,1,0,0,0,0,1,0,0,0,0,"D",3583,3109
-0.109625608635817,0.0544642687385004,0.410252438943723,0,0,1,1,0,0,1,0,0,0,0,1,0,0,0,0,"D",1747,3110
-0.107327273762343,0.0540818831917941,0.641558840664629,0,0,1,1,0,0,1,0,0,0,0,1,0,0,0,0,"D",344,3111
-0.084390539034037,0.0476014333856328,0.715150426926027,0,0,1,1,0,0,1,0,0,0,0,1,0,0,0,0,"D",3343,3112
-0.0936603405647812,0.0422395796585595,0.495681714398188,0,0,1,1,0,0,1,0,0,0,0,1,0,0,0,0,"D",2191,3113
-0.0990492340875323,0.0564055749239548,1.27295974787887,0,0,1,1,0,0,1,0,0,0,0,1,0,0,0,0,"D",2986,3114
-0.0934247079135154,0.0559562852616395,0.823992223334107,0,0,1,1,0,0,1,0,0,0,0,1,0,0,0,0,"D",3527,3115
-0.0893520136106564,0.0424061258728818,1.08285203914385,0,0,1,1,0,0,1,0,0,0,0,1,0,0,0,0,"D",3748,3116
-0.108476467354151,0.0447392799399668,1.09633884507411,0,0,1,1,0,0,1,0,0,0,0,1,0,0,0,0,"D",930,3117
-0.107606601866166,0.0437033738376631,0.596137726995386,0,0,1,1,0,0,1,0,0,0,0,1,0,0,0,0,"D",1560,3118
-0.0977925073365585,0.0369407832763712,0.653810457438162,0,0,1,1,0,0,1,0,0,0,0,1,0,0,0,0,"D",1549,3119
-0.102208389973971,0.0512502187966426,0.887947420950642,0,0,1,1,0,0,1,0,0,0,0,1,0,0,0,0,"D",3423,3120
-0.0910104324791706,0.0570555033099324,1.20756469884871,0,0,1,1,0,0,1,0,0,0,0,1,0,0,0,0,"D",3464,3121
-0.092052483119416,0.0423381119392418,1.40706244564674,0,0,1,1,0,0,1,0,0,0,0,1,0,0,0,0,"D",1646,3122
-0.0877482440631073,0.0562726269667967,0.559675494771268,0,0,1,1,0,0,1,0,0,0,0,1,0,0,0,0,"D",2823,3123
-0.0769416986996718,0.0457157815823981,1.01353270727244,0,0,1,1,0,0,1,0,0,0,0,1,0,0,0,0,"D",2022,3124
-0.0983307798638919,0.0242661551416037,0.637321587267508,0,0,1,1,0,0,1,0,0,0,0,1,0,0,0,0,"D",1255,3125
-0.104373676082728,0.0317851698038219,-0.443748119108095,0,0,1,1,0,0,1,0,0,0,0,1,0,0,0,0,"D",1691,3126
-0.099133520342782,0.0166917882266788,-0.77144943810645,0,0,1,1,0,0,1,0,0,0,0,1,0,0,0,0,"D",3414,3127
-0.104644572245709,0.0401475836499337,0.493450713796837,0,0,1,1,0,0,1,0,0,0,0,1,0,0,0,0,"D",1362,3128
-0.0856071024729238,0.021554501054546,-0.241082723453922,0,0,1,1,0,0,1,0,0,0,0,1,0,0,0,0,"D",2845,3129
-0.0845116779356215,-0.00111423859185356,-0.586115344978947,0,0,1,1,0,0,1,0,0,0,0,1,0,0,0,0,"D",2333,3130
-0.0886854346135235,0.0493108128608273,0.10528195020548,0,0,1,1,0,0,1,0,0,0,0,1,0,0,0,0,"D",2005,3131
-0.103068696889601,0.051396612820619,0.39492149206852,0,0,1,1,0,0,1,0,0,0,0,1,0,0,0,0,"D",2937,3132
-0.0987539325341835,0.0634703801911415,1.0851811139662,0,0,1,1,0,0,1,0,0,0,0,1,0,0,0,0,"D",1628,3133
-0.0686500844278935,0.0413612412326934,1.90660524572474,0,0,1,1,0,0,1,0,0,0,0,1,0,0,0,0,"D",3122,3134
-0.094961481854209,0.0254418102361851,0.259602067417971,0,0,1,1,0,0,1,0,0,0,0,1,0,0,0,0,"D",666,3135
-0.103921278964938,0.0503637108099248,-0.147546462977978,0,0,1,1,0,0,1,0,0,0,0,1,0,0,0,0,"D",1125,3136
-0.0649067471954088,0.0289663133677884,1.05190578555979,0,0,1,1,0,0,1,0,0,0,0,1,0,0,0,0,"D",33,3137
-0.0929793497195604,0.0414157812014537,0.68050549914931,0,0,1,1,0,0,1,0,0,0,0,1,0,0,0,0,"D",1671,3138
-0.10586288653337,0.0295063793629771,1.3712744378209,0,0,1,1,0,0,1,0,0,0,0,1,0,0,0,0,"D",2714,3139
-0.09134537473059,0.0309401782884953,0.353511825825134,0,0,1,1,0,0,1,0,0,0,0,1,0,0,0,0,"D",946,3140
-0.0896442825674272,0.0553611624871904,0.723916476842028,0,0,1,1,0,0,1,0,0,0,0,1,0,0,0,0,"D",2718,3141
-0.0893080615346995,0.0400359708424088,0.405248245712978,0,0,1,1,0,0,1,0,0,0,0,1,0,0,0,0,"D",2372,3142
-0.10009370565869,0.0448640680465155,1.61836832722829,0,0,1,1,0,0,1,0,0,0,0,1,0,0,0,0,"D",1117,3143
-0.0862623883981436,0.0306167259087921,0.564986982504809,0,0,1,1,0,0,1,0,0,0,0,1,0,0,0,0,"D",3186,3144
-0.0773224839261884,0.032253734911797,0.00503343921535827,0,0,1,1,0,0,1,0,0,0,0,1,0,0,0,0,"D",2648,3145
-0.10214352451461,0.0239736984907205,0.247347581312423,0,0,1,1,0,0,1,0,0,0,0,1,0,0,0,0,"D",3379,3146
-0.094245936992914,0.0404855834789174,1.38169793460885,0,0,1,1,0,0,1,0,0,0,0,1,0,0,0,0,"D",2742,3147
-0.088240210155024,0.031041679626377,0.890896110341997,0,0,1,1,0,0,1,0,0,0,0,1,0,0,0,0,"D",2336,3148
-0.0986162133714582,0.0249606085146662,0.0922815506023206,0,0,1,1,0,0,1,0,0,0,0,1,0,0,0,0,"D",267,3149
-0.0965417838177682,0.0382596360337182,0.548126201839753,0,0,1,1,0,0,1,0,0,0,0,1,0,0,0,0,"D",1359,3150
-0.0980643452839401,0.0311796093471813,0.239301511184872,0,0,1,1,0,0,1,0,0,0,0,1,0,0,0,0,"D",1441,3151
-0.0892805488506924,0.0479811721314751,1.46030417688305,0,0,1,1,0,0,1,0,0,0,0,1,0,0,0,0,"D",1962,3152
-0.118672715742814,0.0226149117313383,0.292143604299209,0,0,1,1,0,0,1,0,0,0,0,1,0,0,0,0,"D",3717,3153
-0.0943277459153,0.0266486880554603,0.487191202033799,0,0,1,1,0,0,1,0,0,0,0,1,0,0,0,0,"D",347,3154
-0.0979397990205622,0.0522071947799414,1.47553344846855,0,0,1,1,0,0,1,0,0,0,0,1,0,0,0,0,"D",2090,3155
-0.0887288072007992,0.0369595747848938,1.26706388902111,0,0,1,1,0,0,1,0,0,0,0,1,0,0,0,0,"D",3406,3156
-0.108379474942549,0.0429288142956921,0.596956211114271,0,0,1,1,0,0,1,0,0,0,0,1,0,0,0,0,"D",2061,3157
-0.0990920587814593,0.0679916801652429,1.83321364071031,0,0,1,1,0,0,1,0,0,0,0,1,0,0,0,0,"D",3699,3158
-0.103059480361391,0.0551218446809149,1.45557373387301,0,0,1,1,0,0,1,0,0,0,0,1,0,0,0,0,"D",1385,3159
-0.104156650354597,0.0336070782058355,0.880485443462119,0,0,1,1,0,0,1,0,0,0,0,1,0,0,0,0,"D",729,3160
-0.0895439308831845,0.0328144358326297,1.28317634539015,0,0,1,1,0,0,1,0,0,0,0,1,0,0,0,0,"D",712,3161
-0.0881307371899248,0.0307453773376271,1.61212594932909,0,0,1,1,0,0,1,0,0,0,0,1,0,0,0,0,"D",656,3162
-0.0961829918524552,0.0252488843048406,-0.60715348092358,0,0,1,1,0,0,1,0,0,0,0,1,0,0,0,0,"D",1397,3163
-0.0791367365136071,0.048753892634441,0.947178335689516,0,0,1,1,0,0,1,0,0,0,0,1,0,0,0,0,"D",2074,3164
-0.103367240263001,0.0435302366364649,1.17672781048432,0,0,1,1,0,0,1,0,0,0,0,1,0,0,0,0,"D",857,3165
-0.0938987132052941,0.0307594809932807,-0.678540589666565,0,0,1,1,0,0,1,0,0,0,0,1,0,0,0,0,"D",2257,3166
-0.0800618381075278,0.0202784131181386,1.21110027784946,0,0,1,1,0,0,1,0,0,0,0,1,0,0,0,0,"D",1072,3167
-0.102838505021914,0.0464156204346014,0.868359113962969,0,0,1,1,0,0,1,0,0,0,0,1,0,0,0,0,"D",1687,3168
-0.0991624695458487,0.0335599883795596,0.0607290815840916,0,0,1,1,0,0,1,0,0,0,0,1,0,0,0,0,"D",2575,3169
-0.0937006390412137,0.0485998707429122,1.59848235609681,0,0,1,1,0,0,1,0,0,0,0,1,0,0,0,0,"D",3006,3170
-0.100282882553118,0.0360562496998127,-0.297997186299415,0,0,1,1,0,0,1,0,0,0,0,1,0,0,0,0,"D",3732,3171
-0.0962531359512367,0.0485841172623884,1.39476775512175,0,0,1,1,0,0,1,0,0,0,0,1,0,0,0,0,"D",482,3172
-0.105816139393111,0.0430432937596097,0.591816828818045,0,0,1,1,0,0,1,0,0,0,0,1,0,0,0,0,"D",1341,3173
-0.100394326892618,0.0496759171069567,0.599736278579201,0,0,1,1,0,0,1,0,0,0,0,1,0,0,0,0,"D",3204,3174
-0.0784736886068856,0.013486458665703,-0.462553538259606,0,0,1,1,0,0,1,0,0,0,0,1,0,0,0,0,"D",1763,3175
-0.0838726114018645,0.0343085500532025,-0.119057104058201,0,0,1,1,0,0,1,0,0,0,0,1,0,0,0,0,"D",2318,3176
-0.0839123476862926,0.0421200555777666,1.89564375216149,0,0,1,1,0,0,1,0,0,0,0,1,0,0,0,0,"D",1059,3177
-0.0907985804155169,0.0405043455688225,0.708771861719646,0,0,1,1,0,0,1,0,0,0,0,1,0,0,0,0,"D",1290,3178
-0.0977247838923528,0.0490013032408219,0.529390097377373,0,0,1,1,0,0,1,0,0,0,0,1,0,0,0,0,"D",3146,3179
-0.0953128928469585,0.0310371835073315,-0.101784150525803,0,0,1,1,0,0,1,0,0,0,0,1,0,0,0,0,"D",1594,3180
-0.0923287632754116,0.0375231815538501,-0.248405011867973,0,0,1,1,0,0,1,0,0,0,0,1,0,0,0,0,"D",2727,3181
-0.101136659528188,0.0507486050869611,1.37243968048613,0,0,1,1,0,0,1,0,0,0,0,1,0,0,0,0,"D",2960,3182
-0.10829708276695,0.0412513131061699,0.387199484033121,0,0,1,1,0,0,1,0,0,0,0,1,0,0,0,0,"D",3738,3183
-0.0704156941918481,0.0334497965101469,0.396353975643686,0,0,1,1,0,0,1,0,0,0,0,1,0,0,0,0,"D",1567,3184
-0.0755591427657526,0.048251997794406,0.394578772497896,0,0,1,1,0,0,1,0,0,0,0,1,0,0,0,0,"D",1930,3185
-0.107615434731949,0.0310275829842273,0.35434079199382,0,0,1,1,0,0,1,0,0,0,0,1,0,0,0,0,"D",3714,3186
-0.111762453319004,0.0255931660607827,0.64615435529618,0,0,1,1,0,0,1,0,0,0,0,1,0,0,0,0,"D",435,3187
-0.107801103765236,0.0372382428334967,1.34735774704762,0,0,1,1,0,0,1,0,0,0,0,1,0,0,0,0,"D",1461,3188
-0.0935120457207972,0.0367097643643391,0.996331913105185,0,0,1,1,0,0,1,0,0,0,0,1,0,0,0,0,"D",2661,3189
-0.0906257827326441,0.0363897589056524,-0.193398348018974,0,0,1,1,0,0,1,0,0,0,0,1,0,0,0,0,"D",1967,3190
-0.0853124253412447,0.0274486978491714,0.489270087260197,0,0,1,1,0,0,1,0,0,0,0,1,0,0,0,0,"D",2087,3191
-0.0868128519889926,0.0471842188215406,0.743221376186458,0,0,1,1,0,0,1,0,0,0,0,1,0,0,0,0,"D",2137,3192
-0.0774965055287614,0.0467527863735925,1.48952911521406,0,0,1,1,0,0,1,0,0,0,0,1,0,0,0,0,"D",2578,3193
-0.0960010759432339,0.0492332697220737,0.89384626953566,0,0,1,1,0,0,1,0,0,0,0,1,0,0,0,0,"D",899,3194
-0.0950848095658823,0.0672001184280032,1.04542783213175,0,0,1,1,0,0,1,0,0,0,0,1,0,0,0,0,"D",3030,3195
-0.123131878289677,0.0585014887255659,0.651068517732739,0,0,1,1,0,0,1,0,0,0,0,1,0,0,0,0,"D",2602,3196
-0.0970494980613884,0.019664913243566,-0.908378823335021,0,0,1,1,0,0,1,0,0,0,0,1,0,0,0,0,"D",394,3197
-0.0905578546372067,0.0471190563509919,0.26625417691291,0,0,1,1,0,0,1,0,0,0,0,1,0,0,0,0,"D",3326,3198
-0.0737378881879669,0.0263937148725926,-0.605269129995738,0,0,1,1,0,0,1,0,0,0,0,1,0,0,0,0,"D",2240,3199
-0.147444922391844,0.09858708738176,0.965921345589999,0,0,1,1,0,0,1,0,0,0,0,0,0,1,0,0,"C",491,3200
-0.104978682533411,0.0662008423108589,0.841609820737752,0,0,1,1,0,0,1,0,0,0,0,0,0,1,0,0,"C",3721,3201
-0.130785606205311,0.0753743000042996,0.466028662253786,0,0,1,1,0,0,1,0,0,0,0,0,0,1,0,0,"C",3402,3202
-0.1002861100694,0.0582515456374154,0.681510346880616,0,0,1,1,0,0,1,0,0,0,0,0,0,1,0,0,"C",368,3203
-0.127469200269368,0.0668678921481745,0.716241318448944,0,0,1,1,0,0,1,0,0,0,0,0,0,1,0,0,"C",1484,3204
-0.133642774005875,0.0884672842518663,0.43199392190108,0,0,1,1,0,0,1,0,0,0,0,0,0,1,0,0,"C",2487,3205
-0.128084195893418,0.0653503003490224,0.294304439063148,0,0,1,1,0,0,1,0,0,0,0,0,0,1,0,0,"C",1608,3206
-0.111828225344116,0.0651405417683859,0.632645097806546,0,0,1,1,0,0,1,0,0,0,0,0,0,1,0,0,"C",1462,3207
-0.117906541910963,0.0600839114331526,0.773550539062993,0,0,1,1,0,0,1,0,0,0,0,0,0,1,0,0,"C",3495,3208
-0.0864449503958059,0.0620998839936968,0.780537876578733,0,0,1,1,0,0,1,0,0,0,0,0,0,1,0,0,"C",3583,3209
-0.125175525948187,0.100068921420676,1.0022173446723,0,0,1,1,0,0,1,0,0,0,0,0,0,1,0,0,"C",1747,3210
-0.127707854914839,0.0616943597958451,0.533292342950894,0,0,1,1,0,0,1,0,0,0,0,0,0,1,0,0,"C",344,3211
-0.114452252740348,0.0512749534414945,0.853298399959551,0,0,1,1,0,0,1,0,0,0,0,0,0,1,0,0,"C",3343,3212
-0.148229087913877,0.0823494333706471,0.936239134146423,0,0,1,1,0,0,1,0,0,0,0,0,0,1,0,0,"C",2191,3213
-0.0999603177691778,0.0733414818655963,1.58521230901469,0,0,1,1,0,0,1,0,0,0,0,0,0,1,0,0,"C",2986,3214
-0.158500441307423,0.076213481991571,1.0280334301295,0,0,1,1,0,0,1,0,0,0,0,0,0,1,0,0,"C",3527,3215
-0.102957622632028,0.0602619664451309,0.340180155141266,0,0,1,1,0,0,1,0,0,0,0,0,0,1,0,0,"C",3748,3216
-0.156822753880816,0.102486744832923,1.09421833785735,0,0,1,1,0,0,1,0,0,0,0,0,0,1,0,0,"C",930,3217
-0.137013325303675,0.0620244761990415,0.441812431515691,0,0,1,1,0,0,1,0,0,0,0,0,0,1,0,0,"C",1560,3218
-0.119186116127485,0.0489846178462322,0.696304050624161,0,0,1,1,0,0,1,0,0,0,0,0,0,1,0,0,"C",1549,3219
-0.111779002328391,0.0348813263088896,0.344842953154398,0,0,1,1,0,0,1,0,0,0,0,0,0,1,0,0,"C",3423,3220
-0.109675266999516,0.0577957507457501,0.792525116483613,0,0,1,1,0,0,1,0,0,0,0,0,0,1,0,0,"C",3464,3221
-0.120145531012653,0.0718671100517629,0.199232298811257,0,0,1,1,0,0,1,0,0,0,0,0,0,1,0,0,"C",1646,3222
-0.131080016605473,0.0882286554504357,0.457171363775895,0,0,1,1,0,0,1,0,0,0,0,0,0,1,0,0,"C",2823,3223
-0.109011614695205,0.0618802124754863,0.901680431992585,0,0,1,1,0,0,1,0,0,0,0,0,0,1,0,0,"C",2022,3224
-0.0994186141097611,0.044133649999129,0.677844918473056,0,0,1,1,0,0,1,0,0,0,0,0,0,1,0,0,"C",1255,3225
-0.111944005957665,0.0980826907732458,0.682768310128757,0,0,1,1,0,0,1,0,0,0,0,0,0,1,0,0,"C",1691,3226
-0.146831178672466,0.0603159017262514,0.186991529790355,0,0,1,1,0,0,1,0,0,0,0,0,0,1,0,0,"C",3414,3227
-0.139436464473382,0.0876120924982538,0.790269024220333,0,0,1,1,0,0,1,0,0,0,0,0,0,1,0,0,"C",1362,3228
-0.112879584030776,0.0597828396844439,0.777614056612274,0,0,1,1,0,0,1,0,0,0,0,0,0,1,0,0,"C",2845,3229
-0.120536691463274,0.0433923279541472,0.311601019483258,0,0,1,1,0,0,1,0,0,0,0,0,0,1,0,0,"C",2333,3230
-0.144446420009921,0.076875160050544,0.812513193089962,0,0,1,1,0,0,1,0,0,0,0,0,0,1,0,0,"C",2005,3231
-0.128777326515301,0.0613807550841917,0.991695156782923,0,0,1,1,0,0,1,0,0,0,0,0,0,1,0,0,"C",2937,3232
-0.0910453795606596,0.0468456475054155,-0.393428314849474,0,0,1,1,0,0,1,0,0,0,0,0,0,1,0,0,"C",1628,3233
-0.137418092734634,0.0414809514003939,0.141762510251892,0,0,1,1,0,0,1,0,0,0,0,0,0,1,0,0,"C",3122,3234
-0.119665325622568,0.0784970473495651,0.155819540016798,0,0,1,1,0,0,1,0,0,0,0,0,0,1,0,0,"C",666,3235
-0.123543726876339,0.049572077353586,1.41197761998968,0,0,1,1,0,0,1,0,0,0,0,0,0,1,0,0,"C",1125,3236
-0.137995717397863,0.0709386376895287,0.535145019438695,0,0,1,1,0,0,1,0,0,0,0,0,0,1,0,0,"C",33,3237
-0.153942808315332,0.0766483977330476,0.443766570428092,0,0,1,1,0,0,1,0,0,0,0,0,0,1,0,0,"C",1671,3238
-0.118517748229789,0.062549853838463,0.711783964972612,0,0,1,1,0,0,1,0,0,0,0,0,0,1,0,0,"C",2714,3239
-0.116677901958446,0.0586433699038231,1.21934584640454,0,0,1,1,0,0,1,0,0,0,0,0,0,1,0,0,"C",946,3240
-0.0873139983617939,0.0165345075369825,0.239821739196667,0,0,1,1,0,0,1,0,0,0,0,0,0,1,0,0,"C",2718,3241
-0.128526601186122,0.0730477928460123,0.222780237458067,0,0,1,1,0,0,1,0,0,0,0,0,0,1,0,0,"C",2372,3242
-0.119885069898675,0.0893690178562591,0.845319859822511,0,0,1,1,0,0,1,0,0,0,0,0,0,1,0,0,"C",1117,3243
-0.127914965238399,0.0783037429011242,0.500023664451169,0,0,1,1,0,0,1,0,0,0,0,0,0,1,0,0,"C",3186,3244
-0.104117881302149,0.0537713338942752,0.928976787113526,0,0,1,1,0,0,1,0,0,0,0,0,0,1,0,0,"C",2648,3245
-0.150746028386787,0.0748798735529718,0.993909497252874,0,0,1,1,0,0,1,0,0,0,0,0,0,1,0,0,"C",3379,3246
-0.0953598672733464,0.0520996727594598,0.336390679637121,0,0,1,1,0,0,1,0,0,0,0,0,0,1,0,0,"C",2742,3247
-0.109302807048752,0.0362338845447998,0.445998096172593,0,0,1,1,0,0,1,0,0,0,0,0,0,1,0,0,"C",2336,3248
-0.10966673642,0.0595626206220472,0.543996678159022,0,0,1,1,0,0,1,0,0,0,0,0,0,1,0,0,"C",267,3249
-0.0950839719432425,0.0449326516796445,0.773393595379745,0,0,1,1,0,0,1,0,0,0,0,0,0,1,0,0,"C",1359,3250
-0.144393245270685,0.0842787524660482,0.864158108406717,0,0,1,1,0,0,1,0,0,0,0,0,0,1,0,0,"C",1441,3251
-0.123285450340864,0.0989884534674828,1.01344116404404,0,0,1,1,0,0,1,0,0,0,0,0,0,1,0,0,"C",1962,3252
-0.110878147640595,0.0534589541875811,0.264109399853018,0,0,1,1,0,0,1,0,0,0,0,0,0,1,0,0,"C",3717,3253
-0.122323715044653,0.0606526827599598,1.3096771175928,0,0,1,1,0,0,1,0,0,0,0,0,0,1,0,0,"C",347,3254
-0.106778980776478,0.0568501372108567,1.47206953079749,0,0,1,1,0,0,1,0,0,0,0,0,0,1,0,0,"C",2090,3255
-0.131431474993124,0.0827560029123561,0.331244866894719,0,0,1,1,0,0,1,0,0,0,0,0,0,1,0,0,"C",3406,3256
-0.124626661050147,0.0904086968750969,0.380462515312931,0,0,1,1,0,0,1,0,0,0,0,0,0,1,0,0,"C",2061,3257
-0.142028264671005,0.0927466577502809,0.648103632418045,0,0,1,1,0,0,1,0,0,0,0,0,0,1,0,0,"C",3699,3258
-0.124357177140855,0.0773159089823362,1.29032028530055,0,0,1,1,0,0,1,0,0,0,0,0,0,1,0,0,"C",1385,3259
-0.117316874892638,0.0642782729773532,1.03817492263725,0,0,1,1,0,0,1,0,0,0,0,0,0,1,0,0,"C",729,3260
-0.10474165776751,0.0707396001626752,1.43204649185068,0,0,1,1,0,0,1,0,0,0,0,0,0,1,0,0,"C",712,3261
-0.118087215250327,0.053112696922416,0.262893001443814,0,0,1,1,0,0,1,0,0,0,0,0,0,1,0,0,"C",656,3262
-0.104802106988906,0.0619151502057228,0.243270790696434,0,0,1,1,0,0,1,0,0,0,0,0,0,1,0,0,"C",1397,3263
-0.12755782154557,0.0386418273764778,0.927264445536255,0,0,1,1,0,0,1,0,0,0,0,0,0,1,0,0,"C",2074,3264
-0.101351924229769,0.0677510716831897,0.822706104789357,0,0,1,1,0,0,1,0,0,0,0,0,0,1,0,0,"C",857,3265
-0.158912954894121,0.0885127161667035,0.972951138053668,0,0,1,1,0,0,1,0,0,0,0,0,0,1,0,0,"C",2257,3266
-0.074236957654126,0.0364129837769787,0.000441130610503674,0,0,1,1,0,0,1,0,0,0,0,0,0,1,0,0,"C",1072,3267
-0.126889498241262,0.0670255130476604,0.00861070047629985,0,0,1,1,0,0,1,0,0,0,0,0,0,1,0,0,"C",1687,3268
-0.113859871401527,0.0402971501961122,0.785903078009329,0,0,1,1,0,0,1,0,0,0,0,0,0,1,0,0,"C",2575,3269
-0.0895786544461089,0.0431457030386978,1.52085411325425,0,0,1,1,0,0,1,0,0,0,0,0,0,1,0,0,"C",3006,3270
-0.1078800303071,0.0474549669779417,0.738295014429503,0,0,1,1,0,0,1,0,0,0,0,0,0,1,0,0,"C",3732,3271
-0.150175568630518,0.0850154997867541,0.859169309578694,0,0,1,1,0,0,1,0,0,0,0,0,0,1,0,0,"C",482,3272
-0.0983527745039106,0.0303014733779554,1.85371010142727,0,0,1,1,0,0,1,0,0,0,0,0,0,1,0,0,"C",1341,3273
-0.0925037521274616,0.0492325851477756,1.57541698049873,0,0,1,1,0,0,1,0,0,0,0,0,0,1,0,0,"C",3204,3274
-0.0944720496723657,0.0352725306231026,-0.0957968250699935,0,0,1,1,0,0,1,0,0,0,0,0,0,1,0,0,"C",1763,3275
-0.0922261563314705,0.0178824129571848,-0.0458855660060649,0,0,1,1,0,0,1,0,0,0,0,0,0,1,0,0,"C",2318,3276
-0.0774864725689162,0.0173170988705396,1.17978354453025,0,0,1,1,0,0,1,0,0,0,0,0,0,1,0,0,"C",1059,3277
-0.142966810529049,0.0813571744685783,1.05848529808839,0,0,1,1,0,0,1,0,0,0,0,0,0,1,0,0,"C",1290,3278
-0.116248176939508,0.0535377173531399,1.40440216921678,0,0,1,1,0,0,1,0,0,0,0,0,0,1,0,0,"C",3146,3279
-0.120036202791831,0.0690955605250003,1.5739073321262,0,0,1,1,0,0,1,0,0,0,0,0,0,1,0,0,"C",1594,3280
-0.115710493998264,0.0693609296462848,0.154962101189562,0,0,1,1,0,0,1,0,0,0,0,0,0,1,0,0,"C",2727,3281
-0.11348953029715,0.054490185620796,0.0109292109158153,0,0,1,1,0,0,1,0,0,0,0,0,0,1,0,0,"C",2960,3282
-0.0724365165246086,0.0011132866992325,0.193074647279769,0,0,1,1,0,0,1,0,0,0,0,0,0,1,0,0,"C",3738,3283
-0.135633829290797,0.0547925930975822,0.462196702650678,0,0,1,1,0,0,1,0,0,0,0,0,0,1,0,0,"C",1567,3284
-0.123104467439638,0.0784291604154249,1.26149619375887,0,0,1,1,0,0,1,0,0,0,0,0,0,1,0,0,"C",1930,3285
-0.10624378933242,0.058069646861144,0.232181647764018,0,0,1,1,0,0,1,0,0,0,0,0,0,1,0,0,"C",3714,3286
-0.136224999604602,0.0589683818646564,0.468517067358913,0,0,1,1,0,0,1,0,0,0,0,0,0,1,0,0,"C",435,3287
-0.131276712175493,0.0719315890689753,0.859233496007719,0,0,1,1,0,0,1,0,0,0,0,0,0,1,0,0,"C",1461,3288
-0.160202255647353,0.0956679918813765,1.19967184132652,0,0,1,1,0,0,1,0,0,0,0,0,0,1,0,0,"C",2661,3289
-0.0903909745503079,0.0210995916517559,0.56103806695473,0,0,1,1,0,0,1,0,0,0,0,0,0,1,0,0,"C",1967,3290
-0.11622201362926,0.032203394881094,0.147462406456189,0,0,1,1,0,0,1,0,0,0,0,0,0,1,0,0,"C",2087,3291
-0.113392927439455,0.0548216724951903,0.863379039508895,0,0,1,1,0,0,1,0,0,0,0,0,0,1,0,0,"C",2137,3292
-0.107352914589049,0.0574929432638081,1.01036358819844,0,0,1,1,0,0,1,0,0,0,0,0,0,1,0,0,"C",2578,3293
-0.108980589547596,0.0621119573000784,0.724496526854962,0,0,1,1,0,0,1,0,0,0,0,0,0,1,0,0,"C",899,3294
-0.111728211031285,0.067485241293115,2.35936455613292,0,0,1,1,0,0,1,0,0,0,0,0,0,1,0,0,"C",3030,3295
-0.154371467760192,0.0601221620858347,0.422490935305617,0,0,1,1,0,0,1,0,0,0,0,0,0,1,0,0,"C",2602,3296
-0.134162364991256,0.0664236851913174,1.60180104830403,0,0,1,1,0,0,1,0,0,0,0,0,0,1,0,0,"C",394,3297
-0.132625372785665,0.0672239879475783,0.556050343941551,0,0,1,1,0,0,1,0,0,0,0,0,0,1,0,0,"C",3326,3298
-0.18611770901868,0.0724559016149819,0.791540190531903,0,0,1,1,0,0,1,0,0,0,0,0,0,1,0,0,"C",2240,3299
-0.101173878537678,0.0332660294845081,0.312231525388725,0,0,1,1,0,0,1,0,0,0,0,0,0,1,0,0,"D",491,3300
-0.124095467120005,0.0488326056549996,1.83492913575238,0,0,1,1,0,0,1,0,0,0,0,0,0,1,0,0,"D",3721,3301
-0.0939884157177767,0.0358027832813099,-0.26738695211604,0,0,1,1,0,0,1,0,0,0,0,0,0,1,0,0,"D",3402,3302
-0.117742661201392,0.063225926116824,1.23091455089474,0,0,1,1,0,0,1,0,0,0,0,0,0,1,0,0,"D",368,3303
-0.0845295170906615,0.031412608879116,-0.740659433610055,0,0,1,1,0,0,1,0,0,0,0,0,0,1,0,0,"D",1484,3304
-0.133419154433052,0.0790099585396285,1.37123594309747,0,0,1,1,0,0,1,0,0,0,0,0,0,1,0,0,"D",2487,3305
-0.112752662803144,0.0585304160624152,0.643644137457489,0,0,1,1,0,0,1,0,0,0,0,0,0,1,0,0,"D",1608,3306
-0.125854518148838,0.053017584103674,1.33215058101994,0,0,1,1,0,0,1,0,0,0,0,0,0,1,0,0,"D",1462,3307
-0.0981943201449351,0.0750240926639858,1.86733029563665,0,0,1,1,0,0,1,0,0,0,0,0,0,1,0,0,"D",3495,3308
-0.128644030356332,0.0855644228889547,1.41473356989057,0,0,1,1,0,0,1,0,0,0,0,0,0,1,0,0,"D",3583,3309
-0.0817353226219313,0.0261401168626262,0.28663399161949,0,0,1,1,0,0,1,0,0,0,0,0,0,1,0,0,"D",1747,3310
-0.0999143299577842,0.0542173660907807,0.866172374621736,0,0,1,1,0,0,1,0,0,0,0,0,0,1,0,0,"D",344,3311
-0.105871550449442,0.044006421366751,0.807871643355112,0,0,1,1,0,0,1,0,0,0,0,0,0,1,0,0,"D",3343,3312
-0.125167759083407,0.0707107748210214,1.40217797920263,0,0,1,1,0,0,1,0,0,0,0,0,0,1,0,0,"D",2191,3313
-0.0949099882406027,0.0398603407411344,0.518899263083371,0,0,1,1,0,0,1,0,0,0,0,0,0,1,0,0,"D",2986,3314
-0.0742993944220078,0.0300108829921694,0.114865226067012,0,0,1,1,0,0,1,0,0,0,0,0,0,1,0,0,"D",3527,3315
-0.111031495889205,0.033125464569639,0.294747783569594,0,0,1,1,0,0,1,0,0,0,0,0,0,1,0,0,"D",3748,3316
-0.119275989385497,0.0383533154422186,0.129560139798142,0,0,1,1,0,0,1,0,0,0,0,0,0,1,0,0,"D",930,3317
-0.107901411655675,0.050453989790775,1.48522589072517,0,0,1,1,0,0,1,0,0,0,0,0,0,1,0,0,"D",1560,3318
-0.147897353578439,0.0774413502303342,1.25821939301916,0,0,1,1,0,0,1,0,0,0,0,0,0,1,0,0,"D",1549,3319
-0.0638088184695657,0.00937531322516386,-0.783398934019076,0,0,1,1,0,0,1,0,0,0,0,0,0,1,0,0,"D",3423,3320
-0.068429288429762,0.0230769813353158,0.817439975226162,0,0,1,1,0,0,1,0,0,0,0,0,0,1,0,0,"D",3464,3321
-0.0902417267514606,0.0185018367423162,-0.296110537221261,0,0,1,1,0,0,1,0,0,0,0,0,0,1,0,0,"D",1646,3322
-0.126944434259885,0.067625924689745,0.883493188769898,0,0,1,1,0,0,1,0,0,0,0,0,0,1,0,0,"D",2823,3323
-0.117988947972886,0.0633447432178532,2.1567834683631,0,0,1,1,0,0,1,0,0,0,0,0,0,1,0,0,"D",2022,3324
-0.064637948864937,-0.00469929661649516,-0.19071667791218,0,0,1,1,0,0,1,0,0,0,0,0,0,1,0,0,"D",1255,3325
-0.099896886017839,0.0453464151263784,0.285306964211891,0,0,1,1,0,0,1,0,0,0,0,0,0,1,0,0,"D",1691,3326
-0.118280919851821,0.0618240307458982,0.762095475392486,0,0,1,1,0,0,1,0,0,0,0,0,0,1,0,0,"D",3414,3327
-0.106420695625056,0.0357685338086067,0.396753848468659,0,0,1,1,0,0,1,0,0,0,0,0,0,1,0,0,"D",1362,3328
-0.0812089723820398,0.0125227881401373,-0.875297651235051,0,0,1,1,0,0,1,0,0,0,0,0,0,1,0,0,"D",2845,3329
-0.104971937573717,0.0475307045872513,1.46033596974926,0,0,1,1,0,0,1,0,0,0,0,0,0,1,0,0,"D",2333,3330
-0.100602905944088,0.0521943371725538,-0.345156420005893,0,0,1,1,0,0,1,0,0,0,0,0,0,1,0,0,"D",2005,3331
-0.0927333111165355,0.0254542615091908,1.06897678102267,0,0,1,1,0,0,1,0,0,0,0,0,0,1,0,0,"D",2937,3332
-0.129459472406695,0.0869715304227758,1.10200128742753,0,0,1,1,0,0,1,0,0,0,0,0,0,1,0,0,"D",1628,3333
-0.0969535009319196,0.0384643526425073,1.43084148367964,0,0,1,1,0,0,1,0,0,0,0,0,0,1,0,0,"D",3122,3334
-0.103221437633144,0.0558776707729005,1.84074160007248,0,0,1,1,0,0,1,0,0,0,0,0,0,1,0,0,"D",666,3335
-0.0897777669510371,0.0426844294590186,1.08052364962218,0,0,1,1,0,0,1,0,0,0,0,0,0,1,0,0,"D",1125,3336
-0.1013267139485,0.0554996033619663,1.12007874317763,0,0,1,1,0,0,1,0,0,0,0,0,0,1,0,0,"D",33,3337
-0.11122326395939,0.0549840565194811,1.29338314682239,0,0,1,1,0,0,1,0,0,0,0,0,0,1,0,0,"D",1671,3338
-0.0799891913735872,0.0156903891701077,0.0354876515989702,0,0,1,1,0,0,1,0,0,0,0,0,0,1,0,0,"D",2714,3339
-0.102814908772727,0.0453743256430185,1.76616078763597,0,0,1,1,0,0,1,0,0,0,0,0,0,1,0,0,"D",946,3340
-0.10895658078196,0.0515943669110253,2.06447180142562,0,0,1,1,0,0,1,0,0,0,0,0,0,1,0,0,"D",2718,3341
-0.121924507538653,0.0653885737030248,1.0390254394433,0,0,1,1,0,0,1,0,0,0,0,0,0,1,0,0,"D",2372,3342
-0.100408556172158,0.0404852095393548,0.535132971669225,0,0,1,1,0,0,1,0,0,0,0,0,0,1,0,0,"D",1117,3343
-0.121336952730334,0.0455298423465123,1.9015967411595,0,0,1,1,0,0,1,0,0,0,0,0,0,1,0,0,"D",3186,3344
-0.104017256780422,0.0542597261343928,1.13414498704308,0,0,1,1,0,0,1,0,0,0,0,0,0,1,0,0,"D",2648,3345
-0.147092766481985,0.0890501559113027,2.20907910610066,0,0,1,1,0,0,1,0,0,0,0,0,0,1,0,0,"D",3379,3346
-0.121599447678089,0.0510647043653587,0.436190524614432,0,0,1,1,0,0,1,0,0,0,0,0,0,1,0,0,"D",2742,3347
-0.0686499274275782,-0.00815025994969956,-0.259530150244144,0,0,1,1,0,0,1,0,0,0,0,0,0,1,0,0,"D",2336,3348
-0.14591231264856,0.0778279186311578,1.47421330600978,0,0,1,1,0,0,1,0,0,0,0,0,0,1,0,0,"D",267,3349
-0.0938929112180667,0.0354125722183057,-0.244869682339318,0,0,1,1,0,0,1,0,0,0,0,0,0,1,0,0,"D",1359,3350
-0.10501600920602,0.0204440935931705,-0.0707244370208496,0,0,1,1,0,0,1,0,0,0,0,0,0,1,0,0,"D",1441,3351
-0.0613980740907591,0.0206888192615437,-1.22956538512886,0,0,1,1,0,0,1,0,0,0,0,0,0,1,0,0,"D",1962,3352
-0.101613241671237,0.020395594280149,0.325663548490904,0,0,1,1,0,0,1,0,0,0,0,0,0,1,0,0,"D",3717,3353
-0.0880198324481797,0.0452722493389843,1.15740944392388,0,0,1,1,0,0,1,0,0,0,0,0,0,1,0,0,"D",347,3354
-0.135216014371022,0.0831391136045354,1.35401676814661,0,0,1,1,0,0,1,0,0,0,0,0,0,1,0,0,"D",2090,3355
-0.126522493263208,0.0476891132029684,1.95675237727898,0,0,1,1,0,0,1,0,0,0,0,0,0,1,0,0,"D",3406,3356
-0.0861272739986285,0.0104344328363045,0.00905455014691986,0,0,1,1,0,0,1,0,0,0,0,0,0,1,0,0,"D",2061,3357
-0.084285298182771,0.0480066127264659,-0.234416309516807,0,0,1,1,0,0,1,0,0,0,0,0,0,1,0,0,"D",3699,3358
-0.11981744681463,0.0732594074897534,0.954228978592892,0,0,1,1,0,0,1,0,0,0,0,0,0,1,0,0,"D",1385,3359
-0.0740798162257309,0.0347040211017313,0.248239928058645,0,0,1,1,0,0,1,0,0,0,0,0,0,1,0,0,"D",729,3360
-0.148986068360989,0.108423482453593,1.60567187259061,0,0,1,1,0,0,1,0,0,0,0,0,0,1,0,0,"D",712,3361
-0.105902473093033,0.0193520396683484,0.566967840389154,0,0,1,1,0,0,1,0,0,0,0,0,0,1,0,0,"D",656,3362
-0.160677910732802,0.0790563999660156,1.54356958166911,0,0,1,1,0,0,1,0,0,0,0,0,0,1,0,0,"D",1397,3363
-0.0785947780411964,0.0410868505871306,0.0742074548328201,0,0,1,1,0,0,1,0,0,0,0,0,0,1,0,0,"D",2074,3364
-0.0947906334119357,0.0177353454979388,1.24584856794711,0,0,1,1,0,0,1,0,0,0,0,0,0,1,0,0,"D",857,3365
-0.110927040696941,0.0503248567141289,1.62252487708374,0,0,1,1,0,0,1,0,0,0,0,0,0,1,0,0,"D",2257,3366
-0.0874482874580582,0.0276186475310292,0.195689625561553,0,0,1,1,0,0,1,0,0,0,0,0,0,1,0,0,"D",1072,3367
-0.0875999872756583,0.0525623316802412,0.692063329508091,0,0,1,1,0,0,1,0,0,0,0,0,0,1,0,0,"D",1687,3368
-0.111041104133822,0.0224873063572817,0.217812274271854,0,0,1,1,0,0,1,0,0,0,0,0,0,1,0,0,"D",2575,3369
-0.0954988014782729,0.0208522886144366,-0.737785335900754,0,0,1,1,0,0,1,0,0,0,0,0,0,1,0,0,"D",3006,3370
-0.139856612890859,0.0826994268795533,1.54296486391361,0,0,1,1,0,0,1,0,0,0,0,0,0,1,0,0,"D",3732,3371
-0.0834509152174848,0.00179910064937,-1.12536222593283,0,0,1,1,0,0,1,0,0,0,0,0,0,1,0,0,"D",482,3372
-0.116391453239595,0.0569131906082337,0.595469658688613,0,0,1,1,0,0,1,0,0,0,0,0,0,1,0,0,"D",1341,3373
-0.101824019053077,0.0619003200416283,1.00252143881186,0,0,1,1,0,0,1,0,0,0,0,0,0,1,0,0,"D",3204,3374
-0.09554563445496,0.0528419702856569,1.4273065731564,0,0,1,1,0,0,1,0,0,0,0,0,0,1,0,0,"D",1763,3375
-0.0885665372769762,0.0460572126582133,0.861027915280872,0,0,1,1,0,0,1,0,0,0,0,0,0,1,0,0,"D",2318,3376
-0.119059689666236,0.0773149806338095,1.76239258057685,0,0,1,1,0,0,1,0,0,0,0,0,0,1,0,0,"D",1059,3377
-0.0905795014885868,0.0440286463418751,1.0973525934328,0,0,1,1,0,0,1,0,0,0,0,0,0,1,0,0,"D",1290,3378
-0.0993190428374631,0.0465626432538527,1.59799221131039,0,0,1,1,0,0,1,0,0,0,0,0,0,1,0,0,"D",3146,3379
-0.0966493122817789,0.0240385634359726,-1.03305627673226,0,0,1,1,0,0,1,0,0,0,0,0,0,1,0,0,"D",1594,3380
-0.0823488115652603,0.0418610740905072,-0.250134947159643,0,0,1,1,0,0,1,0,0,0,0,0,0,1,0,0,"D",2727,3381
-0.139877333276831,0.0849578126707276,1.41179771113669,0,0,1,1,0,0,1,0,0,0,0,0,0,1,0,0,"D",2960,3382
-0.121207557339887,0.0548986952226724,1.62053796992439,0,0,1,1,0,0,1,0,0,0,0,0,0,1,0,0,"D",3738,3383
-0.0718977721640669,0.0509786833093883,0.253592522126661,0,0,1,1,0,0,1,0,0,0,0,0,0,1,0,0,"D",1567,3384
-0.0796919412317764,0.0199474124495697,-0.935394293730528,0,0,1,1,0,0,1,0,0,0,0,0,0,1,0,0,"D",1930,3385
-0.0641180394246279,0.0325324183426941,0.442197400506486,0,0,1,1,0,0,1,0,0,0,0,0,0,1,0,0,"D",3714,3386
-0.113084380354818,0.0297605090590729,0.779379106839513,0,0,1,1,0,0,1,0,0,0,0,0,0,1,0,0,"D",435,3387
-0.10515356821021,0.0248374366683766,-0.101758285926948,0,0,1,1,0,0,1,0,0,0,0,0,0,1,0,0,"D",1461,3388
-0.064208749012216,0.00946311007834356,-0.392942000213716,0,0,1,1,0,0,1,0,0,0,0,0,0,1,0,0,"D",2661,3389
-0.102709333874359,0.0359838886705292,1.81050246415562,0,0,1,1,0,0,1,0,0,0,0,0,0,1,0,0,"D",1967,3390
-0.0912120726702518,0.023982746842608,1.41101736280851,0,0,1,1,0,0,1,0,0,0,0,0,0,1,0,0,"D",2087,3391
-0.120767605259644,0.0394166816047785,2.29921181862639,0,0,1,1,0,0,1,0,0,0,0,0,0,1,0,0,"D",2137,3392
-0.0623577516027384,0.0355503942278113,0.225394882525969,0,0,1,1,0,0,1,0,0,0,0,0,0,1,0,0,"D",2578,3393
-0.126833511940662,0.0507000334331073,1.32250586702586,0,0,1,1,0,0,1,0,0,0,0,0,0,1,0,0,"D",899,3394
-0.1215609405611,0.0685179419621679,1.18228200678254,0,0,1,1,0,0,1,0,0,0,0,0,0,1,0,0,"D",3030,3395
-0.152691754060354,0.0829044801782484,1.37502326550312,0,0,1,1,0,0,1,0,0,0,0,0,0,1,0,0,"D",2602,3396
-0.112377395374476,0.0598258454556823,0.844149285737496,0,0,1,1,0,0,1,0,0,0,0,0,0,1,0,0,"D",394,3397
-0.0839818851784903,0.0284264619779319,0.606962236817596,0,0,1,1,0,0,1,0,0,0,0,0,0,1,0,0,"D",3326,3398
-0.136611246414524,0.0761864305603815,1.14551826033218,0,0,1,1,0,0,1,0,0,0,0,0,0,1,0,0,"D",2240,3399
-0.200675342712785,0.192031359453698,-1.99408085568825,0,0,1,1,0,0,1,0,0,0,0,0,0,0,1,0,"C",491,3400
-0.23601307885009,0.189021505984243,-1.28232506044762,0,0,1,1,0,0,1,0,0,0,0,0,0,0,1,0,"C",3721,3401
-0.13125656903825,0.113474872188306,-0.743573057430772,0,0,1,1,0,0,1,0,0,0,0,0,0,0,1,0,"C",3402,3402
-0.0999824041068888,0.0709418276499841,-1.39928756743889,0,0,1,1,0,0,1,0,0,0,0,0,0,0,1,0,"C",368,3403
-0.0956164303990517,0.0494856844498361,-0.63875207408241,0,0,1,1,0,0,1,0,0,0,0,0,0,0,1,0,"C",1484,3404
-0.215176877266927,0.196763256192778,-2.31608517006131,0,0,1,1,0,0,1,0,0,0,0,0,0,0,1,0,"C",2487,3405
-0.146474540204364,0.116359472325476,-0.924508780457225,0,0,1,1,0,0,1,0,0,0,0,0,0,0,1,0,"C",1608,3406
-0.0838711699359562,0.0748524981385269,-1.28271092177274,0,0,1,1,0,0,1,0,0,0,0,0,0,0,1,0,"C",1462,3407
-0.216586574663585,0.186058079579022,-1.20607708925986,0,0,1,1,0,0,1,0,0,0,0,0,0,0,1,0,"C",3495,3408
-0.189615204545343,0.162754949326231,-1.98285163405421,0,0,1,1,0,0,1,0,0,0,0,0,0,0,1,0,"C",3583,3409
-0.183137918805051,0.16654318757358,-0.818812459634815,0,0,1,1,0,0,1,0,0,0,0,0,0,0,1,0,"C",1747,3410
-0.154387135569655,0.114317700745484,-0.605221274413821,0,0,1,1,0,0,1,0,0,0,0,0,0,0,1,0,"C",344,3411
-0.137223147623667,0.0981831114342008,-1.1673387690011,0,0,1,1,0,0,1,0,0,0,0,0,0,0,1,0,"C",3343,3412
-0.136508565686001,0.0796208264424738,-0.680200788495738,0,0,1,1,0,0,1,0,0,0,0,0,0,0,1,0,"C",2191,3413
-0.149263531552726,0.133672899952231,-1.53013649846399,0,0,1,1,0,0,1,0,0,0,0,0,0,0,1,0,"C",2986,3414
-0.103383844829423,0.0559145084225371,-0.189492395099821,0,0,1,1,0,0,1,0,0,0,0,0,0,0,1,0,"C",3527,3415
-0.112878981217325,0.0919175160707327,-0.665817367256286,0,0,1,1,0,0,1,0,0,0,0,0,0,0,1,0,"C",3748,3416
-0.10344848021195,0.0839569702664078,-0.67470684274492,0,0,1,1,0,0,1,0,0,0,0,0,0,0,1,0,"C",930,3417
-0.139499921359128,0.100226223214678,-0.930000224351263,0,0,1,1,0,0,1,0,0,0,0,0,0,0,1,0,"C",1560,3418
-0.120070527977021,0.0689270201035955,-1.02317719470347,0,0,1,1,0,0,1,0,0,0,0,0,0,0,1,0,"C",1549,3419
-0.134886611416546,0.104749657076131,-0.373076218455149,0,0,1,1,0,0,1,0,0,0,0,0,0,0,1,0,"C",3423,3420
-0.133531871137403,0.107153289925184,-0.970208931110865,0,0,1,1,0,0,1,0,0,0,0,0,0,0,1,0,"C",3464,3421
-0.155727068306389,0.12835961233486,-1.89875548942877,0,0,1,1,0,0,1,0,0,0,0,0,0,0,1,0,"C",1646,3422
-0.148684490310078,0.131017617756024,-1.47142826414276,0,0,1,1,0,0,1,0,0,0,0,0,0,0,1,0,"C",2823,3423
-0.165428835768471,0.130631017458834,-1.05477718534618,0,0,1,1,0,0,1,0,0,0,0,0,0,0,1,0,"C",2022,3424
-0.15384554914539,0.10909155937267,-0.572350931330738,0,0,1,1,0,0,1,0,0,0,0,0,0,0,1,0,"C",1255,3425
-0.178863246085051,0.173448950685543,-1.29928565302743,0,0,1,1,0,0,1,0,0,0,0,0,0,0,1,0,"C",1691,3426
-0.12516141836689,0.0817557473236547,0.136939157685645,0,0,1,1,0,0,1,0,0,0,0,0,0,0,1,0,"C",3414,3427
-0.0907594742948348,0.0855741469086083,-0.620087817034969,0,0,1,1,0,0,1,0,0,0,0,0,0,0,1,0,"C",1362,3428
-0.0847666579223612,0.0533488150574848,-1.01380923246761,0,0,1,1,0,0,1,0,0,0,0,0,0,0,1,0,"C",2845,3429
-0.103324232154409,0.0704348196586113,-0.505237424651949,0,0,1,1,0,0,1,0,0,0,0,0,0,0,1,0,"C",2333,3430
-0.13714940766322,0.100251874647955,-1.126664495308,0,0,1,1,0,0,1,0,0,0,0,0,0,0,1,0,"C",2005,3431
-0.139756395194399,0.12007354604082,-1.52618084652774,0,0,1,1,0,0,1,0,0,0,0,0,0,0,1,0,"C",2937,3432
-0.140916073494524,0.114002046797314,-0.746805121552048,0,0,1,1,0,0,1,0,0,0,0,0,0,0,1,0,"C",1628,3433
-0.110154196324151,0.0532219760495345,-0.42067174560445,0,0,1,1,0,0,1,0,0,0,0,0,0,0,1,0,"C",3122,3434
-0.144403273851448,0.137109812295873,-1.07658143213418,0,0,1,1,0,0,1,0,0,0,0,0,0,0,1,0,"C",666,3435
-0.033014530515992,0.00396412199938121,1.00430005583109,0,0,1,1,0,0,1,0,0,0,0,0,0,0,1,0,"C",1125,3436
-0.147750588094979,0.0950555618279947,-1.74247558092634,0,0,1,1,0,0,1,0,0,0,0,0,0,0,1,0,"C",33,3437
-0.173458018605856,0.129392289909786,-0.980657072749576,0,0,1,1,0,0,1,0,0,0,0,0,0,0,1,0,"C",1671,3438
-0.133924372580338,0.10549369564552,-1.82343063312754,0,0,1,1,0,0,1,0,0,0,0,0,0,0,1,0,"C",2714,3439
-0.101410255099117,0.0598363982170741,-1.00028737351466,0,0,1,1,0,0,1,0,0,0,0,0,0,0,1,0,"C",946,3440
-0.0719603424423671,0.0645870370771968,-1.61494489462216,0,0,1,1,0,0,1,0,0,0,0,0,0,0,1,0,"C",2718,3441
-0.127390032333002,0.0963400669465664,-1.68636710819496,0,0,1,1,0,0,1,0,0,0,0,0,0,0,1,0,"C",2372,3442
-0.143056182611691,0.110702340910883,-0.765120985753707,0,0,1,1,0,0,1,0,0,0,0,0,0,0,1,0,"C",1117,3443
-0.13778426552123,0.1172583584601,-1.46514713716222,0,0,1,1,0,0,1,0,0,0,0,0,0,0,1,0,"C",3186,3444
-0.0752319280639552,0.0714224263258973,-0.942871310874545,0,0,1,1,0,0,1,0,0,0,0,0,0,0,1,0,"C",2648,3445
-0.124745480980919,0.073119369189799,-1.10044561842799,0,0,1,1,0,0,1,0,0,0,0,0,0,0,1,0,"C",3379,3446
-0.124216563195449,0.101610457666202,-1.15845997941832,0,0,1,1,0,0,1,0,0,0,0,0,0,0,1,0,"C",2742,3447
-0.142328480207048,0.0912419193011611,-1.51720024997914,0,0,1,1,0,0,1,0,0,0,0,0,0,0,1,0,"C",2336,3448
-0.130649406236389,0.110301683473783,-0.895988874909,0,0,1,1,0,0,1,0,0,0,0,0,0,0,1,0,"C",267,3449
-0.143131386039965,0.115475843759773,-1.39727893627069,0,0,1,1,0,0,1,0,0,0,0,0,0,0,1,0,"C",1359,3450
-0.18524845933177,0.159265823936437,-0.866277505593438,0,0,1,1,0,0,1,0,0,0,0,0,0,0,1,0,"C",1441,3451
-0.0662895102548788,0.0415590443619746,-0.5384643670974,0,0,1,1,0,0,1,0,0,0,0,0,0,0,1,0,"C",1962,3452
-0.14705859499658,0.133278413870835,-0.629549437369359,0,0,1,1,0,0,1,0,0,0,0,0,0,0,1,0,"C",3717,3453
-0.095900619251552,0.0652989191770557,-0.888848638234784,0,0,1,1,0,0,1,0,0,0,0,0,0,0,1,0,"C",347,3454
-0.124763459878254,0.0918318532933303,-0.386290904062939,0,0,1,1,0,0,1,0,0,0,0,0,0,0,1,0,"C",2090,3455
-0.119761197688661,0.0873453756988726,-0.241432898209306,0,0,1,1,0,0,1,0,0,0,0,0,0,0,1,0,"C",3406,3456
-0.106642132185206,0.0995583893295143,-0.54930443885368,0,0,1,1,0,0,1,0,0,0,0,0,0,0,1,0,"C",2061,3457
-0.14289154139175,0.127048851784295,-0.60653266863339,0,0,1,1,0,0,1,0,0,0,0,0,0,0,1,0,"C",3699,3458
-0.105494836673041,0.0724519325593018,-0.948473832794495,0,0,1,1,0,0,1,0,0,0,0,0,0,0,1,0,"C",1385,3459
-0.117165604441739,0.0615789215354136,-1.37519314960558,0,0,1,1,0,0,1,0,0,0,0,0,0,0,1,0,"C",729,3460
-0.11936088236807,0.114786756566135,-1.07708940851924,0,0,1,1,0,0,1,0,0,0,0,0,0,0,1,0,"C",712,3461
-0.14314173518146,0.0922916799266854,-1.08645174843576,0,0,1,1,0,0,1,0,0,0,0,0,0,0,1,0,"C",656,3462
-0.176501093293491,0.151257993774722,-1.05705554941526,0,0,1,1,0,0,1,0,0,0,0,0,0,0,1,0,"C",1397,3463
-0.107101977161891,0.0530929156395878,-0.390782604884909,0,0,1,1,0,0,1,0,0,0,0,0,0,0,1,0,"C",2074,3464
-0.156337842003734,0.143504882082955,-1.27933295965136,0,0,1,1,0,0,1,0,0,0,0,0,0,0,1,0,"C",857,3465
-0.103022508195352,0.0735608989369655,-1.77144145414809,0,0,1,1,0,0,1,0,0,0,0,0,0,0,1,0,"C",2257,3466
-0.163954521504393,0.140840137671495,-1.34409143742011,0,0,1,1,0,0,1,0,0,0,0,0,0,0,1,0,"C",1072,3467
-0.149634475527366,0.124166880371502,-1.35393502213988,0,0,1,1,0,0,1,0,0,0,0,0,0,0,1,0,"C",1687,3468
-0.171529887093606,0.113590665182328,-0.620522204989704,0,0,1,1,0,0,1,0,0,0,0,0,0,0,1,0,"C",2575,3469
-0.219347465013429,0.217983612647013,-1.5520135500241,0,0,1,1,0,0,1,0,0,0,0,0,0,0,1,0,"C",3006,3470
-0.184137826479162,0.145946298889362,-1.26827058700679,0,0,1,1,0,0,1,0,0,0,0,0,0,0,1,0,"C",3732,3471
-0.168292791161143,0.145339956860794,-2.34363990567098,0,0,1,1,0,0,1,0,0,0,0,0,0,0,1,0,"C",482,3472
-0.150341604880036,0.130767106697607,-2.04544903305298,0,0,1,1,0,0,1,0,0,0,0,0,0,0,1,0,"C",1341,3473
-0.130717981759075,0.108108421294679,-1.44366288422828,0,0,1,1,0,0,1,0,0,0,0,0,0,0,1,0,"C",3204,3474
-0.0965892227596633,0.0789475187553805,-0.467201166518598,0,0,1,1,0,0,1,0,0,0,0,0,0,0,1,0,"C",1763,3475
-0.158561085583373,0.112208341444682,-0.621944554502652,0,0,1,1,0,0,1,0,0,0,0,0,0,0,1,0,"C",2318,3476
-0.134240409575989,0.0942277729306425,-1.12166197539703,0,0,1,1,0,0,1,0,0,0,0,0,0,0,1,0,"C",1059,3477
-0.126033865992773,0.0905779466563726,-0.965525974852646,0,0,1,1,0,0,1,0,0,0,0,0,0,0,1,0,"C",1290,3478
-0.106529437315192,0.0821133173557788,0.403149911258044,0,0,1,1,0,0,1,0,0,0,0,0,0,0,1,0,"C",3146,3479
-0.0664867752224473,0.0367658959860872,-1.23788803404432,0,0,1,1,0,0,1,0,0,0,0,0,0,0,1,0,"C",1594,3480
-0.144853861956147,0.133190579256887,-1.24129620148439,0,0,1,1,0,0,1,0,0,0,0,0,0,0,1,0,"C",2727,3481
-0.160977245691287,0.122513431711522,-1.05925839466775,0,0,1,1,0,0,1,0,0,0,0,0,0,0,1,0,"C",2960,3482
-0.0836371849762645,0.0594467261164725,-0.645366425527728,0,0,1,1,0,0,1,0,0,0,0,0,0,0,1,0,"C",3738,3483
-0.185094561785608,0.130213799110465,-1.65553597096564,0,0,1,1,0,0,1,0,0,0,0,0,0,0,1,0,"C",1567,3484
-0.133340941240558,0.0907241965282884,-1.09891012110039,0,0,1,1,0,0,1,0,0,0,0,0,0,0,1,0,"C",1930,3485
-0.126891430270202,0.105869795488315,-1.12901684593092,0,0,1,1,0,0,1,0,0,0,0,0,0,0,1,0,"C",3714,3486
-0.140438962435016,0.110402601060721,-0.620463263373549,0,0,1,1,0,0,1,0,0,0,0,0,0,0,1,0,"C",435,3487
-0.102117210993096,0.0619252395690879,-0.264365690633455,0,0,1,1,0,0,1,0,0,0,0,0,0,0,1,0,"C",1461,3488
-0.156936285196176,0.113652193012671,-1.61987034114454,0,0,1,1,0,0,1,0,0,0,0,0,0,0,1,0,"C",2661,3489
-0.0996261176768439,0.0723241142623131,-1.02386709040422,0,0,1,1,0,0,1,0,0,0,0,0,0,0,1,0,"C",1967,3490
-0.137826145366304,0.0821464202862965,-0.415332471013984,0,0,1,1,0,0,1,0,0,0,0,0,0,0,1,0,"C",2087,3491
-0.179777540739492,0.148973892025525,-1.66145254348461,0,0,1,1,0,0,1,0,0,0,0,0,0,0,1,0,"C",2137,3492
-0.0776269157023729,0.0660723341652018,-0.718766243186495,0,0,1,1,0,0,1,0,0,0,0,0,0,0,1,0,"C",2578,3493
-0.15481926798538,0.114092117397869,-0.873737506700177,0,0,1,1,0,0,1,0,0,0,0,0,0,0,1,0,"C",899,3494
-0.150329498829201,0.146583011420992,-1.32507973936153,0,0,1,1,0,0,1,0,0,0,0,0,0,0,1,0,"C",3030,3495
-0.154335252932321,0.103162753736744,-0.840339529445711,0,0,1,1,0,0,1,0,0,0,0,0,0,0,1,0,"C",2602,3496
-0.110942664551324,0.0782482268295333,-1.0958600471934,0,0,1,1,0,0,1,0,0,0,0,0,0,0,1,0,"C",394,3497
-0.106862834966204,0.07614955754734,-1.23248953717319,0,0,1,1,0,0,1,0,0,0,0,0,0,0,1,0,"C",3326,3498
-0.164977343544215,0.11725818539188,-0.300586395603077,0,0,1,1,0,0,1,0,0,0,0,0,0,0,1,0,"C",2240,3499
-0.049146274774262,0.0320875315801066,0.209416169101676,0,0,1,1,0,0,1,0,0,0,0,0,0,0,1,0,"D",491,3500
-0.105969404459199,0.0842475235103189,-1.73268245892809,0,0,1,1,0,0,1,0,0,0,0,0,0,0,1,0,"D",3721,3501
-0.0989655108455774,0.0801156620219845,1.22714994704038,0,0,1,1,0,0,1,0,0,0,0,0,0,0,1,0,"D",3402,3502
-0.102977961000381,0.0751201826516764,0.828296411990469,0,0,1,1,0,0,1,0,0,0,0,0,0,0,1,0,"D",368,3503
-0.137669302165678,0.133216430279781,-1.42791961537499,0,0,1,1,0,0,1,0,0,0,0,0,0,0,1,0,"D",1484,3504
-0.0732524561432721,0.047879011510805,-0.0981696459028178,0,0,1,1,0,0,1,0,0,0,0,0,0,0,1,0,"D",2487,3505
-0.0731742181898515,0.0655584112557319,0.777854569504444,0,0,1,1,0,0,1,0,0,0,0,0,0,0,1,0,"D",1608,3506
-0.113842269707461,0.0864933239685026,-2.46129125685639,0,0,1,1,0,0,1,0,0,0,0,0,0,0,1,0,"D",1462,3507
-0.0840352252233019,0.0665654961439849,0.537003838388339,0,0,1,1,0,0,1,0,0,0,0,0,0,0,1,0,"D",3495,3508
-0.059515773376666,0.0333292201893076,0.806196983674911,0,0,1,1,0,0,1,0,0,0,0,0,0,0,1,0,"D",3583,3509
-0.0662098363957285,0.0474988521012382,-0.585869252331182,0,0,1,1,0,0,1,0,0,0,0,0,0,0,1,0,"D",1747,3510
-0.125586968028131,0.0987146956532486,1.41206015073133,0,0,1,1,0,0,1,0,0,0,0,0,0,0,1,0,"D",344,3511
-0.0646646887517608,0.060082018422192,1.88143911975436,0,0,1,1,0,0,1,0,0,0,0,0,0,0,1,0,"D",3343,3512
-0.115747156140792,0.0994035041644892,0.884393619338095,0,0,1,1,0,0,1,0,0,0,0,0,0,0,1,0,"D",2191,3513
-0.086248426787479,0.0843574393917808,1.21947305474047,0,0,1,1,0,0,1,0,0,0,0,0,0,0,1,0,"D",2986,3514
-0.0686511854090229,0.0588129749172084,0.051831868162985,0,0,1,1,0,0,1,0,0,0,0,0,0,0,1,0,"D",3527,3515
-0.106661416909791,0.0842097415818629,-1.23674385044331,0,0,1,1,0,0,1,0,0,0,0,0,0,0,1,0,"D",3748,3516
-0.111377775201641,0.0717511350627963,-0.767291846862245,0,0,1,1,0,0,1,0,0,0,0,0,0,0,1,0,"D",930,3517
-0.104923756565232,0.0935805637837639,1.35117694261681,0,0,1,1,0,0,1,0,0,0,0,0,0,0,1,0,"D",1560,3518
-0.0958607708772489,0.0698661161188025,-1.0933529096714,0,0,1,1,0,0,1,0,0,0,0,0,0,0,1,0,"D",1549,3519
-0.118040521693821,0.0852957185825096,-0.895555231867371,0,0,1,1,0,0,1,0,0,0,0,0,0,0,1,0,"D",3423,3520
-0.0780585108063978,0.0728561398385804,-0.875849896493942,0,0,1,1,0,0,1,0,0,0,0,0,0,0,1,0,"D",3464,3521
-0.0794452801600153,0.0606678607738072,-0.333021835545761,0,0,1,1,0,0,1,0,0,0,0,0,0,0,1,0,"D",1646,3522
-0.0765004313894719,0.064383775477117,0.53105961231896,0,0,1,1,0,0,1,0,0,0,0,0,0,0,1,0,"D",2823,3523
-0.063580519853569,0.0658945857509489,0.715868807083894,0,0,1,1,0,0,1,0,0,0,0,0,0,0,1,0,"D",2022,3524
-0.0735102183430483,0.0283480369124558,-0.109853578745505,0,0,1,1,0,0,1,0,0,0,0,0,0,0,1,0,"D",1255,3525
-0.0844153093284556,0.0583946821096734,0.915311156094444,0,0,1,1,0,0,1,0,0,0,0,0,0,0,1,0,"D",1691,3526
-0.0954682534302973,0.072179469382836,-0.119709652116857,0,0,1,1,0,0,1,0,0,0,0,0,0,0,1,0,"D",3414,3527
-0.0988494645326063,0.0606860458093203,0.497302334562057,0,0,1,1,0,0,1,0,0,0,0,0,0,0,1,0,"D",1362,3528
-0.0941021341393666,0.0669191600283887,1.06336675659661,0,0,1,1,0,0,1,0,0,0,0,0,0,0,1,0,"D",2845,3529
-0.0640238629929382,0.0475885756699752,1.0069036109739,0,0,1,1,0,0,1,0,0,0,0,0,0,0,1,0,"D",2333,3530
-0.109103486125696,0.106761096139998,-0.495741328327468,0,0,1,1,0,0,1,0,0,0,0,0,0,0,1,0,"D",2005,3531
-0.127119503425954,0.117275132768476,-1.40491138397677,0,0,1,1,0,0,1,0,0,0,0,0,0,0,1,0,"D",2937,3532
-0.0781913019120389,0.067835790837165,0.190712930605022,0,0,1,1,0,0,1,0,0,0,0,0,0,0,1,0,"D",1628,3533
-0.0547840790357686,0.0439179197376804,0.337809530122622,0,0,1,1,0,0,1,0,0,0,0,0,0,0,1,0,"D",3122,3534
-0.118905365414808,0.107689038284089,0.367553270168809,0,0,1,1,0,0,1,0,0,0,0,0,0,0,1,0,"D",666,3535
-0.0908081091660296,0.0891677638448562,0.847006123490327,0,0,1,1,0,0,1,0,0,0,0,0,0,0,1,0,"D",1125,3536
-0.0871011067576701,0.0712106689679234,0.716349958441417,0,0,1,1,0,0,1,0,0,0,0,0,0,0,1,0,"D",33,3537
-0.101794275003888,0.073742448433349,-0.896663736056531,0,0,1,1,0,0,1,0,0,0,0,0,0,0,1,0,"D",1671,3538
-0.0922845515468286,0.0618518103754187,-0.578308993500068,0,0,1,1,0,0,1,0,0,0,0,0,0,0,1,0,"D",2714,3539
-0.0785650722529416,0.0578621516077495,0.761477948908527,0,0,1,1,0,0,1,0,0,0,0,0,0,0,1,0,"D",946,3540
-0.0886249593406977,0.0794046542345114,1.39647438146193,0,0,1,1,0,0,1,0,0,0,0,0,0,0,1,0,"D",2718,3541
-0.087285016889837,0.0530483892432901,0.637223848310765,0,0,1,1,0,0,1,0,0,0,0,0,0,0,1,0,"D",2372,3542
-0.0662931702000025,0.0547435745837825,0.00337791627099261,0,0,1,1,0,0,1,0,0,0,0,0,0,0,1,0,"D",1117,3543
-0.0867126859821371,0.0617303301389157,0.606203166290757,0,0,1,1,0,0,1,0,0,0,0,0,0,0,1,0,"D",3186,3544
-0.0792434967410584,0.0715567752621293,1.5525981876521,0,0,1,1,0,0,1,0,0,0,0,0,0,0,1,0,"D",2648,3545
-0.086560745442785,0.0573450535720101,1.03083904516634,0,0,1,1,0,0,1,0,0,0,0,0,0,0,1,0,"D",3379,3546
-0.0819212876198964,0.0554663441132543,0.504194902936291,0,0,1,1,0,0,1,0,0,0,0,0,0,0,1,0,"D",2742,3547
-0.108790221950205,0.091490118498968,-1.01608802702659,0,0,1,1,0,0,1,0,0,0,0,0,0,0,1,0,"D",2336,3548
-0.123659940883634,0.0928707118428883,-1.12212840333435,0,0,1,1,0,0,1,0,0,0,0,0,0,0,1,0,"D",267,3549
-0.113337091807206,0.0901731718107052,0.701442877501585,0,0,1,1,0,0,1,0,0,0,0,0,0,0,1,0,"D",1359,3550
-0.0775937341333561,0.0376822489242094,0.402571438543217,0,0,1,1,0,0,1,0,0,0,0,0,0,0,1,0,"D",1441,3551
-0.102418401986567,0.0902616099656335,0.475266023714203,0,0,1,1,0,0,1,0,0,0,0,0,0,0,1,0,"D",1962,3552
-0.0974765414829868,0.0477574108118373,1.27794313800837,0,0,1,1,0,0,1,0,0,0,0,0,0,0,1,0,"D",3717,3553
-0.0888462204845445,0.0806577253839628,-0.798026932221521,0,0,1,1,0,0,1,0,0,0,0,0,0,0,1,0,"D",347,3554
-0.0979771756431413,0.0804239496037674,1.11011761082238,0,0,1,1,0,0,1,0,0,0,0,0,0,0,1,0,"D",2090,3555
-0.0694209743289451,0.0417420364423069,1.13187337952964,0,0,1,1,0,0,1,0,0,0,0,0,0,0,1,0,"D",3406,3556
-0.106791638034145,0.0777726616216041,0.585959580881543,0,0,1,1,0,0,1,0,0,0,0,0,0,0,1,0,"D",2061,3557
-0.0781010448465833,0.0778488989626927,1.6449821612457,0,0,1,1,0,0,1,0,0,0,0,0,0,0,1,0,"D",3699,3558
-0.0811151411531946,0.060521419852875,-0.218705069138218,0,0,1,1,0,0,1,0,0,0,0,0,0,0,1,0,"D",1385,3559
-0.0614373508577452,0.052245693262255,-0.281787973770665,0,0,1,1,0,0,1,0,0,0,0,0,0,0,1,0,"D",729,3560
-0.0823475863322542,0.0593479395140942,0.479449499518122,0,0,1,1,0,0,1,0,0,0,0,0,0,0,1,0,"D",712,3561
-0.0767691556792574,0.0498685254757841,1.66485119933211,0,0,1,1,0,0,1,0,0,0,0,0,0,0,1,0,"D",656,3562
-0.0687155932775022,0.0450993577071382,1.4088016214624,0,0,1,1,0,0,1,0,0,0,0,0,0,0,1,0,"D",1397,3563
-0.114112766196606,0.101671235542968,-1.09348671837863,0,0,1,1,0,0,1,0,0,0,0,0,0,0,1,0,"D",2074,3564
-0.0971041168513952,0.0564728971449313,0.825825627534111,0,0,1,1,0,0,1,0,0,0,0,0,0,0,1,0,"D",857,3565
-0.0732237195184449,0.0465994325533365,-0.452625566786177,0,0,1,1,0,0,1,0,0,0,0,0,0,0,1,0,"D",2257,3566
-0.082892167418152,0.0672559056232007,-0.824820647297044,0,0,1,1,0,0,1,0,0,0,0,0,0,0,1,0,"D",1072,3567
-0.0626891836302565,0.0592314333699097,1.76050934483279,0,0,1,1,0,0,1,0,0,0,0,0,0,0,1,0,"D",1687,3568
-0.0787113970582726,0.0446967515903375,0.920736319711866,0,0,1,1,0,0,1,0,0,0,0,0,0,0,1,0,"D",2575,3569
-0.0873708473648538,0.0627311929353146,1.07372824886639,0,0,1,1,0,0,1,0,0,0,0,0,0,0,1,0,"D",3006,3570
-0.0749528730392578,0.0609402500924274,1.4292780780971,0,0,1,1,0,0,1,0,0,0,0,0,0,0,1,0,"D",3732,3571
-0.11910697745257,0.0868333651751357,-0.451023879353707,0,0,1,1,0,0,1,0,0,0,0,0,0,0,1,0,"D",482,3572
-0.0661351221000064,0.0347618822529719,0.22953639525102,0,0,1,1,0,0,1,0,0,0,0,0,0,0,1,0,"D",1341,3573
-0.0803320547967689,0.0704757616584147,0.786152631222663,0,0,1,1,0,0,1,0,0,0,0,0,0,0,1,0,"D",3204,3574
-0.0749760530278816,0.0545570282058139,-0.0667597770771692,0,0,1,1,0,0,1,0,0,0,0,0,0,0,1,0,"D",1763,3575
-0.0694744626429897,0.0675185860081459,-0.623541811172297,0,0,1,1,0,0,1,0,0,0,0,0,0,0,1,0,"D",2318,3576
-0.0643455123749198,0.0472209981250095,1.18670278399473,0,0,1,1,0,0,1,0,0,0,0,0,0,0,1,0,"D",1059,3577
-0.0689198504854308,0.0477489484320997,0.429689200819199,0,0,1,1,0,0,1,0,0,0,0,0,0,0,1,0,"D",1290,3578
-0.102647137281415,0.105010655530493,-0.438385398746054,0,0,1,1,0,0,1,0,0,0,0,0,0,0,1,0,"D",3146,3579
-0.143317426632266,0.101153934565289,-0.403104294237051,0,0,1,1,0,0,1,0,0,0,0,0,0,0,1,0,"D",1594,3580
-0.0707150756811963,0.0664228857951929,-0.583661419480324,0,0,1,1,0,0,1,0,0,0,0,0,0,0,1,0,"D",2727,3581
-0.0949629532381986,0.0829419310275214,1.76231825307908,0,0,1,1,0,0,1,0,0,0,0,0,0,0,1,0,"D",2960,3582
-0.106575051871827,0.0778593165485189,1.19605625763085,0,0,1,1,0,0,1,0,0,0,0,0,0,0,1,0,"D",3738,3583
-0.0623014085279052,0.059634346567193,0.870065055807221,0,0,1,1,0,0,1,0,0,0,0,0,0,0,1,0,"D",1567,3584
-0.113662240485865,0.0954919124925964,-1.54177189652278,0,0,1,1,0,0,1,0,0,0,0,0,0,0,1,0,"D",1930,3585
-0.0899451604627735,0.0797400824268359,-0.605375116652244,0,0,1,1,0,0,1,0,0,0,0,0,0,0,1,0,"D",3714,3586
-0.0815532513591076,0.0411949074869621,0.0469509967856442,0,0,1,1,0,0,1,0,0,0,0,0,0,0,1,0,"D",435,3587
-0.105187820810489,0.0784785057703574,0.817264648674963,0,0,1,1,0,0,1,0,0,0,0,0,0,0,1,0,"D",1461,3588
-0.056094655882509,0.0501674196562974,0.229921682945614,0,0,1,1,0,0,1,0,0,0,0,0,0,0,1,0,"D",2661,3589
-0.100547393486308,0.0845756103257082,-0.0169890369561533,0,0,1,1,0,0,1,0,0,0,0,0,0,0,1,0,"D",1967,3590
-0.0905573022140405,0.0611003043704944,0.272083231783628,0,0,1,1,0,0,1,0,0,0,0,0,0,0,1,0,"D",2087,3591
-0.0985866623436907,0.0778420310868312,1.09363417128749,0,0,1,1,0,0,1,0,0,0,0,0,0,0,1,0,"D",2137,3592
-0.0404024956980567,0.0443837305644244,0.275478011419839,0,0,1,1,0,0,1,0,0,0,0,0,0,0,1,0,"D",2578,3593
-0.0876259958049603,0.0441159080406851,-0.74064157956846,0,0,1,1,0,0,1,0,0,0,0,0,0,0,1,0,"D",899,3594
-0.118232383843583,0.109509210730961,-1.8848036247444,0,0,1,1,0,0,1,0,0,0,0,0,0,0,1,0,"D",3030,3595
-0.115414343137663,0.08757050579049,0.167196831591588,0,0,1,1,0,0,1,0,0,0,0,0,0,0,1,0,"D",2602,3596
-0.0688613084611887,0.0407233644245155,0.655536185288818,0,0,1,1,0,0,1,0,0,0,0,0,0,0,1,0,"D",394,3597
-0.102757648639686,0.08336598528445,-0.141263741338473,0,0,1,1,0,0,1,0,0,0,0,0,0,0,1,0,"D",3326,3598
-0.0718542882615586,0.0723708993145257,-1.4325106309771,0,0,1,1,0,0,1,0,0,0,0,0,0,0,1,0,"D",2240,3599
-0.106403931181316,0.134431487191149,-1.17378293129294,1,0,1,1,0,0,1,0,0,0,0,0,0,0,0,0,"C",491,3600
-0.136855251979459,0.0892463985701961,-1.81142631900166,1,0,1,1,0,0,1,0,0,0,0,0,0,0,0,0,"C",3721,3601
-0.309090816172417,0.287652951218059,-2.80263791451634,1,0,1,1,0,0,1,0,0,0,0,0,0,0,0,0,"C",3402,3602
-0.114845226699341,0.100094275466307,0.551944043329763,1,0,1,1,0,0,1,0,0,0,0,0,0,0,0,0,"C",368,3603
-0.125682938776137,0.0585832491886265,-1.84007942732622,1,0,1,1,0,0,1,0,0,0,0,0,0,0,0,0,"C",1484,3604
-0.100747373354932,0.0968851951391425,-0.66256220489771,1,0,1,1,0,0,1,0,0,0,0,0,0,0,0,0,"C",2487,3605
-0.081282249495311,0.0831974926516032,1.55497285900269,1,0,1,1,0,0,1,0,0,0,0,0,0,0,0,0,"C",1608,3606
-0.0838951122345295,0.0801062975696121,-2.19143067906187,1,0,1,1,0,0,1,0,0,0,0,0,0,0,0,0,"C",1462,3607
-0.11682373967663,0.104439982629247,-1.51540597427498,1,0,1,1,0,0,1,0,0,0,0,0,0,0,0,0,"C",3495,3608
-0.0977343819304504,0.112194112241449,-1.5507913572145,1,0,1,1,0,0,1,0,0,0,0,0,0,0,0,0,"C",3583,3609
-0.141687014919591,0.154491431189108,-1.70164648850506,1,0,1,1,0,0,1,0,0,0,0,0,0,0,0,0,"C",1747,3610
-0.177042660582489,0.144677919880389,-1.57421878481666,1,0,1,1,0,0,1,0,0,0,0,0,0,0,0,0,"C",344,3611
-0.121112507691577,0.0624689911586809,-1.11177598551061,1,0,1,1,0,0,1,0,0,0,0,0,0,0,0,0,"C",3343,3612
-0.0301643150025033,0.00994093865350152,0.229265616987458,1,0,1,1,0,0,1,0,0,0,0,0,0,0,0,0,"C",2191,3613
-0.152080854777361,0.153897985424287,-1.01632689174203,1,0,1,1,0,0,1,0,0,0,0,0,0,0,0,0,"C",2986,3614
-0.099102419947026,0.0729753758360353,-0.92336231941828,1,0,1,1,0,0,1,0,0,0,0,0,0,0,0,0,"C",3527,3615
-0.0857881384216118,0.0284981857615586,0.439457798824091,1,0,1,1,0,0,1,0,0,0,0,0,0,0,0,0,"C",3748,3616
-0.0562501521683002,0.0634972406848674,-0.276479039849285,1,0,1,1,0,0,1,0,0,0,0,0,0,0,0,0,"C",930,3617
0.0165571439460089,0.0183844015923737,0.0841826656069465,1,0,1,1,0,0,1,0,0,0,0,0,0,0,0,0,"C",1560,3618
-0.164894506211211,0.168955803111572,0.614440600238864,1,0,1,1,0,0,1,0,0,0,0,0,0,0,0,0,"C",1549,3619
-0.152811616173626,0.114895910135359,-1.92847653602809,1,0,1,1,0,0,1,0,0,0,0,0,0,0,0,0,"C",3423,3620
-0.149325844721488,0.152430147036953,-1.27383405235105,1,0,1,1,0,0,1,0,0,0,0,0,0,0,0,0,"C",3464,3621
-0.127626549922271,0.0997405168765069,-0.259092507102072,1,0,1,1,0,0,1,0,0,0,0,0,0,0,0,0,"C",1646,3622
-0.0150497222182857,0.0414952677363615,-0.975722307336125,1,0,1,1,0,0,1,0,0,0,0,0,0,0,0,0,"C",2823,3623
-0.14578181341815,0.0879036736739402,-1.19069876414383,1,0,1,1,0,0,1,0,0,0,0,0,0,0,0,0,"C",2022,3624
-0.175996422655588,0.157087184792777,-2.19558650484313,1,0,1,1,0,0,1,0,0,0,0,0,0,0,0,0,"C",1255,3625
-0.140798137053084,0.13421618009135,-1.93904141269618,1,0,1,1,0,0,1,0,0,0,0,0,0,0,0,0,"C",1691,3626
-0.13051619215176,0.0892175216430553,-0.457521359293251,1,0,1,1,0,0,1,0,0,0,0,0,0,0,0,0,"C",3414,3627
-0.228080648791007,0.224011288053929,-1.16983904560741,1,0,1,1,0,0,1,0,0,0,0,0,0,0,0,0,"C",1362,3628
-0.135152386313672,0.123523852973943,-1.11542429450764,1,0,1,1,0,0,1,0,0,0,0,0,0,0,0,0,"C",2845,3629
-0.18264791938925,0.147104344963181,-1.21122776535544,1,0,1,1,0,0,1,0,0,0,0,0,0,0,0,0,"C",2333,3630
-0.175832413304759,0.174767393648364,-0.377140436623408,1,0,1,1,0,0,1,0,0,0,0,0,0,0,0,0,"C",2005,3631
-0.107953073695887,0.120770364016138,-2.5148028491757,1,0,1,1,0,0,1,0,0,0,0,0,0,0,0,0,"C",2937,3632
-0.0546757228545804,0.0612641709073736,-2.09947573263168,1,0,1,1,0,0,1,0,0,0,0,0,0,0,0,0,"C",1628,3633
-0.151895246162666,0.0874566730354445,1.77913159088141,1,0,1,1,0,0,1,0,0,0,0,0,0,0,0,0,"C",3122,3634
-0.247303999309035,0.273649951432688,-1.23143583165759,1,0,1,1,0,0,1,0,0,0,0,0,0,0,0,0,"C",666,3635
-0.0488590903508339,0.0532011808888453,-1.47051652384406,1,0,1,1,0,0,1,0,0,0,0,0,0,0,0,0,"C",1125,3636
-0.0230408618891853,0.0318541216891969,-1.13097003799401,1,0,1,1,0,0,1,0,0,0,0,0,0,0,0,0,"C",33,3637
-0.162026644893766,0.158291529101552,-1.39035580989703,1,0,1,1,0,0,1,0,0,0,0,0,0,0,0,0,"C",1671,3638
-0.0197865425763617,0.0371782648504273,-0.716348841217738,1,0,1,1,0,0,1,0,0,0,0,0,0,0,0,0,"C",2714,3639
-0.146357573493143,0.135266964489953,-1.53101903905056,1,0,1,1,0,0,1,0,0,0,0,0,0,0,0,0,"C",946,3640
-0.179178967764455,0.14098417968336,-2.29800725190918,1,0,1,1,0,0,1,0,0,0,0,0,0,0,0,0,"C",2718,3641
-0.121680348654459,0.0998133409539371,0.307719473526745,1,0,1,1,0,0,1,0,0,0,0,0,0,0,0,0,"C",2372,3642
-0.140200424690063,0.0985895104248035,-1.43837796385632,1,0,1,1,0,0,1,0,0,0,0,0,0,0,0,0,"C",1117,3643
-0.11952084044197,0.133669708366082,-2.58013867239783,1,0,1,1,0,0,1,0,0,0,0,0,0,0,0,0,"C",3186,3644
-0.0678190938236077,0.0912850354039561,-1.50460035231102,1,0,1,1,0,0,1,0,0,0,0,0,0,0,0,0,"C",2648,3645
-0.152316590459784,0.155159094219325,-1.09840398470762,1,0,1,1,0,0,1,0,0,0,0,0,0,0,0,0,"C",3379,3646
-0.0228940734861414,0.0175982678904687,-0.717908902335054,1,0,1,1,0,0,1,0,0,0,0,0,0,0,0,0,"C",2742,3647
-0.124624583824002,0.0965555560637746,-1.13909891416147,1,0,1,1,0,0,1,0,0,0,0,0,0,0,0,0,"C",2336,3648
-0.122925018567429,0.158382925403531,-1.51938404922256,1,0,1,1,0,0,1,0,0,0,0,0,0,0,0,0,"C",267,3649
-0.0965687652080875,0.138611994518377,-2.15715306173073,1,0,1,1,0,0,1,0,0,0,0,0,0,0,0,0,"C",1359,3650
-0.204750922123556,0.17873408915801,0.960210501399028,1,0,1,1,0,0,1,0,0,0,0,0,0,0,0,0,"C",1441,3651
-0.0871139766794706,0.0780820319575459,-2.23956039382479,1,0,1,1,0,0,1,0,0,0,0,0,0,0,0,0,"C",1962,3652
-0.106094373217966,0.125448992906996,-0.7061974418445,1,0,1,1,0,0,1,0,0,0,0,0,0,0,0,0,"C",3717,3653
-0.090046910194643,0.063701878549338,-1.18299699982971,1,0,1,1,0,0,1,0,0,0,0,0,0,0,0,0,"C",347,3654
-0.130185674478446,0.0948857818293215,0.659277442891891,1,0,1,1,0,0,1,0,0,0,0,0,0,0,0,0,"C",2090,3655
-0.0771257396000285,0.0682108301757881,0.275526597288715,1,0,1,1,0,0,1,0,0,0,0,0,0,0,0,0,"C",3406,3656
-0.0883357577972353,0.0655146808253071,1.08054630049437,1,0,1,1,0,0,1,0,0,0,0,0,0,0,0,0,"C",2061,3657
-0.193235744092206,0.171080863788859,-1.11233792180342,1,0,1,1,0,0,1,0,0,0,0,0,0,0,0,0,"C",3699,3658
-0.0323345187626004,0.0455378514046687,-0.67020503577244,1,0,1,1,0,0,1,0,0,0,0,0,0,0,0,0,"C",1385,3659
-0.0852289097549965,0.0379192381431202,-1.50957143289447,1,0,1,1,0,0,1,0,0,0,0,0,0,0,0,0,"C",729,3660
-0.0158581297718143,0.0509019540539094,-1.25596048049358,1,0,1,1,0,0,1,0,0,0,0,0,0,0,0,0,"C",712,3661
-0.101152259637585,0.104804304913941,-1.19164598313349,1,0,1,1,0,0,1,0,0,0,0,0,0,0,0,0,"C",656,3662
-0.0910485049705624,0.0603044202204623,-0.604312370368557,1,0,1,1,0,0,1,0,0,0,0,0,0,0,0,0,"C",1397,3663
-0.165171920459142,0.08577368625221,-1.70865100052132,1,0,1,1,0,0,1,0,0,0,0,0,0,0,0,0,"C",2074,3664
-0.130175089137603,0.163881327672658,-0.683328125457836,1,0,1,1,0,0,1,0,0,0,0,0,0,0,0,0,"C",857,3665
-0.107903466640616,0.0794621169455025,-1.53143510504625,1,0,1,1,0,0,1,0,0,0,0,0,0,0,0,0,"C",2257,3666
-0.101379001706762,0.11103526620722,-1.08540187160857,1,0,1,1,0,0,1,0,0,0,0,0,0,0,0,0,"C",1072,3667
-0.144403868828213,0.156465591186923,-1.15211066855926,1,0,1,1,0,0,1,0,0,0,0,0,0,0,0,0,"C",1687,3668
-0.136110516962297,0.0801221451735934,-1.99186790115043,1,0,1,1,0,0,1,0,0,0,0,0,0,0,0,0,"C",2575,3669
-0.128214889638997,0.126234805622945,-1.07532440366067,1,0,1,1,0,0,1,0,0,0,0,0,0,0,0,0,"C",3006,3670
-0.065758264779082,0.113519565915434,-2.40061287794309,1,0,1,1,0,0,1,0,0,0,0,0,0,0,0,0,"C",3732,3671
-0.124212655071321,0.150246808656394,-0.529960653889793,1,0,1,1,0,0,1,0,0,0,0,0,0,0,0,0,"C",482,3672
-0.0597555928862807,0.0686381451754102,2.11582697542051,1,0,1,1,0,0,1,0,0,0,0,0,0,0,0,0,"C",1341,3673
-0.134762001859535,0.131248681233903,-0.937311222428114,1,0,1,1,0,0,1,0,0,0,0,0,0,0,0,0,"C",3204,3674
-0.0578191849991751,0.0725513656514634,-1.34387273223046,1,0,1,1,0,0,1,0,0,0,0,0,0,0,0,0,"C",1763,3675
-0.116672655170342,0.118955708024527,1.55327502310978,1,0,1,1,0,0,1,0,0,0,0,0,0,0,0,0,"C",2318,3676
-0.125875622472429,0.12289273359449,-0.900162685319383,1,0,1,1,0,0,1,0,0,0,0,0,0,0,0,0,"C",1059,3677
-0.100294260772719,0.0847379155032477,-2.5217353058203,1,0,1,1,0,0,1,0,0,0,0,0,0,0,0,0,"C",1290,3678
-0.0610424920286939,0.102189902309541,-0.430119409342112,1,0,1,1,0,0,1,0,0,0,0,0,0,0,0,0,"C",3146,3679
-0.203926530961698,0.177389576328018,-0.296770338536127,1,0,1,1,0,0,1,0,0,0,0,0,0,0,0,0,"C",1594,3680
-0.103640812924582,0.146807254693953,-1.17514462812216,1,0,1,1,0,0,1,0,0,0,0,0,0,0,0,0,"C",2727,3681
-0.154950400092268,0.171105946659396,-1.72646486795976,1,0,1,1,0,0,1,0,0,0,0,0,0,0,0,0,"C",2960,3682
-0.139024472030209,0.137145668150185,-1.86445253615772,1,0,1,1,0,0,1,0,0,0,0,0,0,0,0,0,"C",3738,3683
-0.0971636419057096,0.0507564089807226,-0.765661913588127,1,0,1,1,0,0,1,0,0,0,0,0,0,0,0,0,"C",1567,3684
-0.0229702548777925,0.0136688238140221,-0.326914138467397,1,0,1,1,0,0,1,0,0,0,0,0,0,0,0,0,"C",1930,3685
-0.103109980630897,0.106208084519806,-1.28679584722858,1,0,1,1,0,0,1,0,0,0,0,0,0,0,0,0,"C",3714,3686
-0.0532613290329562,0.0122734214772117,0.171423223120581,1,0,1,1,0,0,1,0,0,0,0,0,0,0,0,0,"C",435,3687
-0.0254234945621982,0.0367835376224814,-1.42626971616808,1,0,1,1,0,0,1,0,0,0,0,0,0,0,0,0,"C",1461,3688
-0.127321495387452,0.0678921040505255,0.10138997824881,1,0,1,1,0,0,1,0,0,0,0,0,0,0,0,0,"C",2661,3689
-0.0848759172549481,0.0902461829692728,-1.93798353036618,1,0,1,1,0,0,1,0,0,0,0,0,0,0,0,0,"C",1967,3690
-0.124306294159369,0.0590787198532263,-1.31735128755604,1,0,1,1,0,0,1,0,0,0,0,0,0,0,0,0,"C",2087,3691
-0.076939763058699,0.0818562299342115,-1.60091850602297,1,0,1,1,0,0,1,0,0,0,0,0,0,0,0,0,"C",2137,3692
-0.118505295836836,0.102651736435411,-1.48092414164712,1,0,1,1,0,0,1,0,0,0,0,0,0,0,0,0,"C",2578,3693
-0.171119942950508,0.123522455143026,-1.4294266148755,1,0,1,1,0,0,1,0,0,0,0,0,0,0,0,0,"C",899,3694
-0.134193799145832,0.111015860147429,-0.796652731996463,1,0,1,1,0,0,1,0,0,0,0,0,0,0,0,0,"C",3030,3695
-0.131669958908349,0.0939960666129583,-0.655934524353114,1,0,1,1,0,0,1,0,0,0,0,0,0,0,0,0,"C",2602,3696
-0.0952283994267286,0.0944789144625322,-2.69255717727038,1,0,1,1,0,0,1,0,0,0,0,0,0,0,0,0,"C",394,3697
-0.15451973016344,0.148700781374124,-0.975569340107306,1,0,1,1,0,0,1,0,0,0,0,0,0,0,0,0,"C",3326,3698
-0.209153700531525,0.166538576264329,-1.02205037426945,1,0,1,1,0,0,1,0,0,0,0,0,0,0,0,0,"C",2240,3699
-0.145510478004635,0.121198429689951,-0.510570517704123,1,0,1,1,0,0,1,0,0,0,0,0,0,0,0,0,"D",491,3700
-0.112208404492472,0.131936457364548,-1.22774702007303,1,0,1,1,0,0,1,0,0,0,0,0,0,0,0,0,"D",3721,3701
-0.273201454230188,0.246352550454412,0.83715313791051,1,0,1,1,0,0,1,0,0,0,0,0,0,0,0,0,"D",3402,3702
-0.104102025132063,0.120999568924321,1.11411661590171,1,0,1,1,0,0,1,0,0,0,0,0,0,0,0,0,"D",368,3703
-0.17503395747412,0.191275683763749,1.20627235009404,1,0,1,1,0,0,1,0,0,0,0,0,0,0,0,0,"D",1484,3704
-0.14536082436707,0.220705986810755,2.23999462996136,1,0,1,1,0,0,1,0,0,0,0,0,0,0,0,0,"D",2487,3705
-0.203786550889019,0.249421406555407,2.21513025010851,1,0,1,1,0,0,1,0,0,0,0,0,0,0,0,0,"D",1608,3706
-0.232165419024343,0.194875772793064,0.158997175762293,1,0,1,1,0,0,1,0,0,0,0,0,0,0,0,0,"D",1462,3707
-0.203645510513478,0.21968304691545,0.582767536929834,1,0,1,1,0,0,1,0,0,0,0,0,0,0,0,0,"D",3495,3708
-0.0381969103377234,0.0866509363175588,2.32340337038959,1,0,1,1,0,0,1,0,0,0,0,0,0,0,0,0,"D",3583,3709
0.054320158337946,0.128971638119594,-1.51922630243195,1,0,1,1,0,0,1,0,0,0,0,0,0,0,0,0,"D",1747,3710
-0.145050511647881,0.173273354634224,0.0726197404757982,1,0,1,1,0,0,1,0,0,0,0,0,0,0,0,0,"D",344,3711
-0.192808365085924,0.168653585142753,2.13051765054761,1,0,1,1,0,0,1,0,0,0,0,0,0,0,0,0,"D",3343,3712
-0.13741665526016,0.112647803855895,-2.08881565704387,1,0,1,1,0,0,1,0,0,0,0,0,0,0,0,0,"D",2191,3713
-0.182362242057758,0.160325377092268,0.789588292940715,1,0,1,1,0,0,1,0,0,0,0,0,0,0,0,0,"D",2986,3714
-0.0670094802591631,0.0808585142083424,-1.92631606387405,1,0,1,1,0,0,1,0,0,0,0,0,0,0,0,0,"D",3527,3715
-0.0955365433979172,0.136484946970112,-0.114625915763668,1,0,1,1,0,0,1,0,0,0,0,0,0,0,0,0,"D",3748,3716
-0.171094269577447,0.183555585166604,-0.161691590939994,1,0,1,1,0,0,1,0,0,0,0,0,0,0,0,0,"D",930,3717
-0.278504978017289,0.25361323117204,0.0661304642519078,1,0,1,1,0,0,1,0,0,0,0,0,0,0,0,0,"D",1560,3718
-0.0896083892565987,0.0686047485648108,-1.96609504808283,1,0,1,1,0,0,1,0,0,0,0,0,0,0,0,0,"D",1549,3719
-0.227368690712227,0.191252838904023,-1.48085989921872,1,0,1,1,0,0,1,0,0,0,0,0,0,0,0,0,"D",3423,3720
-0.225541156200869,0.211815545162821,-2.28625422452787,1,0,1,1,0,0,1,0,0,0,0,0,0,0,0,0,"D",3464,3721
-0.13454673406415,0.197520771236938,2.34449304248076,1,0,1,1,0,0,1,0,0,0,0,0,0,0,0,0,"D",1646,3722
-0.21826302957599,0.178084735685428,-1.70021262059389,1,0,1,1,0,0,1,0,0,0,0,0,0,0,0,0,"D",2823,3723
-0.160410669590285,0.200153861177398,1.14958175013405,1,0,1,1,0,0,1,0,0,0,0,0,0,0,0,0,"D",2022,3724
-0.246533392235322,0.198961747406818,-0.632038088939889,1,0,1,1,0,0,1,0,0,0,0,0,0,0,0,0,"D",1255,3725
-0.0697298235243419,0.141045747668337,-1.84738570943118,1,0,1,1,0,0,1,0,0,0,0,0,0,0,0,0,"D",1691,3726
-0.16153691389432,0.24786969095328,-1.43715327235998,1,0,1,1,0,0,1,0,0,0,0,0,0,0,0,0,"D",3414,3727
-0.255817589919361,0.253438076645661,2.63108931680657,1,0,1,1,0,0,1,0,0,0,0,0,0,0,0,0,"D",1362,3728
-0.0410383917670849,0.0190873082100745,-0.894902989463642,1,0,1,1,0,0,1,0,0,0,0,0,0,0,0,0,"D",2845,3729
-0.164128088219109,0.120751870399974,-1.69855852081769,1,0,1,1,0,0,1,0,0,0,0,0,0,0,0,0,"D",2333,3730
-0.14692277658511,0.112559211794313,-0.41653068333008,1,0,1,1,0,0,1,0,0,0,0,0,0,0,0,0,"D",2005,3731
-0.372036521413501,0.34612030280616,1.60033561285101,1,0,1,1,0,0,1,0,0,0,0,0,0,0,0,0,"D",2937,3732
-0.150648515939195,0.155593175596284,0.501693724253684,1,0,1,1,0,0,1,0,0,0,0,0,0,0,0,0,"D",1628,3733
-0.149315438285211,0.166258540775077,2.51422567253372,1,0,1,1,0,0,1,0,0,0,0,0,0,0,0,0,"D",3122,3734
-0.0813018600224568,0.0918903693466719,-1.34423624232859,1,0,1,1,0,0,1,0,0,0,0,0,0,0,0,0,"D",666,3735
-0.0806252675949457,0.146465311286289,-1.3392518887313,1,0,1,1,0,0,1,0,0,0,0,0,0,0,0,0,"D",1125,3736
-0.0335862272158319,0.170139022435942,2.68382020534917,1,0,1,1,0,0,1,0,0,0,0,0,0,0,0,0,"D",33,3737
-0.220103456516795,0.227962999398528,2.80933878665326,1,0,1,1,0,0,1,0,0,0,0,0,0,0,0,0,"D",1671,3738
-0.197115467989407,0.324641841866657,0.416728461432004,1,0,1,1,0,0,1,0,0,0,0,0,0,0,0,0,"D",2714,3739
-0.19336985294282,0.19951041782106,2.21184248742041,1,0,1,1,0,0,1,0,0,0,0,0,0,0,0,0,"D",946,3740
-0.137259278415134,0.166649586509718,0.771712612212102,1,0,1,1,0,0,1,0,0,0,0,0,0,0,0,0,"D",2718,3741
-0.148917808136617,0.0961065642195592,1.79992177523067,1,0,1,1,0,0,1,0,0,0,0,0,0,0,0,0,"D",2372,3742
0.00738277792610981,0.0547654243428839,0.111762409073603,1,0,1,1,0,0,1,0,0,0,0,0,0,0,0,0,"D",1117,3743
-0.181147457536916,0.181958507853959,1.99154146211197,1,0,1,1,0,0,1,0,0,0,0,0,0,0,0,0,"D",3186,3744
-0.274928976851548,0.251469048580534,-1.11324144595253,1,0,1,1,0,0,1,0,0,0,0,0,0,0,0,0,"D",2648,3745
-0.160899908237102,0.174201906924359,1.22286511970226,1,0,1,1,0,0,1,0,0,0,0,0,0,0,0,0,"D",3379,3746
-0.125008507753342,0.145652792953394,-0.47328738831836,1,0,1,1,0,0,1,0,0,0,0,0,0,0,0,0,"D",2742,3747
-0.228710856334945,0.176996645164783,0.0198711412992398,1,0,1,1,0,0,1,0,0,0,0,0,0,0,0,0,"D",2336,3748
-0.123086435579947,0.139206041416258,-0.438768506565811,1,0,1,1,0,0,1,0,0,0,0,0,0,0,0,0,"D",267,3749
-0.154504416704668,0.131816496442195,2.17362280565286,1,0,1,1,0,0,1,0,0,0,0,0,0,0,0,0,"D",1359,3750
-0.164770635957622,0.135492089602981,-1.69811957604332,1,0,1,1,0,0,1,0,0,0,0,0,0,0,0,0,"D",1441,3751
-0.0128998010758999,0.0457552052951706,1.0137272976557,1,0,1,1,0,0,1,0,0,0,0,0,0,0,0,0,"D",1962,3752
-0.150201501887946,0.163523146716281,2.65516181633769,1,0,1,1,0,0,1,0,0,0,0,0,0,0,0,0,"D",3717,3753
-0.122745051499292,0.170259872955486,1.06077852377344,1,0,1,1,0,0,1,0,0,0,0,0,0,0,0,0,"D",347,3754
-0.219101788083952,0.203681006090341,2.26610526438989,1,0,1,1,0,0,1,0,0,0,0,0,0,0,0,0,"D",2090,3755
-0.231960419851939,0.191598773017944,-1.48073606788327,1,0,1,1,0,0,1,0,0,0,0,0,0,0,0,0,"D",3406,3756
-0.0635487535212077,0.086595408759214,-1.89479633470191,1,0,1,1,0,0,1,0,0,0,0,0,0,0,0,0,"D",2061,3757
-0.0424018982264143,0.097443440596086,2.22373065666837,1,0,1,1,0,0,1,0,0,0,0,0,0,0,0,0,"D",3699,3758
-0.228231699947308,0.217411392570509,-0.737858960081845,1,0,1,1,0,0,1,0,0,0,0,0,0,0,0,0,"D",1385,3759
-0.266293996524121,0.241592571778811,1.47416792565946,1,0,1,1,0,0,1,0,0,0,0,0,0,0,0,0,"D",729,3760
-0.216571645330383,0.299407998906729,1.89209777434672,1,0,1,1,0,0,1,0,0,0,0,0,0,0,0,0,"D",712,3761
-0.235672461701851,0.249345258625055,1.99535353621808,1,0,1,1,0,0,1,0,0,0,0,0,0,0,0,0,"D",656,3762
-0.0680823747120962,0.0941294324579551,-2.06539949508707,1,0,1,1,0,0,1,0,0,0,0,0,0,0,0,0,"D",1397,3763
-0.090643773768913,0.17998160578503,0.431140149169023,1,0,1,1,0,0,1,0,0,0,0,0,0,0,0,0,"D",2074,3764
-0.0981935760470454,0.152983329632527,2.17705278330028,1,0,1,1,0,0,1,0,0,0,0,0,0,0,0,0,"D",857,3765
-0.161242171987778,0.11414523649825,-1.09612456822538,1,0,1,1,0,0,1,0,0,0,0,0,0,0,0,0,"D",2257,3766
-0.159598948156972,0.182968245268462,0.892055349199407,1,0,1,1,0,0,1,0,0,0,0,0,0,0,0,0,"D",1072,3767
-0.253196321568352,0.200367080292443,-0.828934060130984,1,0,1,1,0,0,1,0,0,0,0,0,0,0,0,0,"D",1687,3768
-0.142887916902811,0.142526838632476,1.49870818292196,1,0,1,1,0,0,1,0,0,0,0,0,0,0,0,0,"D",2575,3769
-0.212380078163293,0.213378150742476,1.70341551408301,1,0,1,1,0,0,1,0,0,0,0,0,0,0,0,0,"D",3006,3770
-0.179316413649828,0.144269673747366,2.60649433455368,1,0,1,1,0,0,1,0,0,0,0,0,0,0,0,0,"D",3732,3771
-0.225817562506687,0.186449664474661,1.81970778353934,1,0,1,1,0,0,1,0,0,0,0,0,0,0,0,0,"D",482,3772
-0.125667607353354,0.086996699006072,1.27835052779993,1,0,1,1,0,0,1,0,0,0,0,0,0,0,0,0,"D",1341,3773
-0.12257803843159,0.159523864881763,2.17153540012041,1,0,1,1,0,0,1,0,0,0,0,0,0,0,0,0,"D",3204,3774
-0.235577174598407,0.242016761728539,1.92355539393095,1,0,1,1,0,0,1,0,0,0,0,0,0,0,0,0,"D",1763,3775
-0.256732728533184,0.228098488694258,0.1146113066829,1,0,1,1,0,0,1,0,0,0,0,0,0,0,0,0,"D",2318,3776
-0.185001100411084,0.126742435518532,0.255285490520482,1,0,1,1,0,0,1,0,0,0,0,0,0,0,0,0,"D",1059,3777
-0.188812607055792,0.227121120702786,0.528724395618284,1,0,1,1,0,0,1,0,0,0,0,0,0,0,0,0,"D",1290,3778
-0.214558691441553,0.194220756153263,1.78304807984482,1,0,1,1,0,0,1,0,0,0,0,0,0,0,0,0,"D",3146,3779
-0.0752133603948899,0.0788275557393651,-1.14119913901645,1,0,1,1,0,0,1,0,0,0,0,0,0,0,0,0,"D",1594,3780
-0.204327757116253,0.235006011844224,-0.633597229221045,1,0,1,1,0,0,1,0,0,0,0,0,0,0,0,0,"D",2727,3781
-0.257972880602417,0.20766998325392,1.81170669531994,1,0,1,1,0,0,1,0,0,0,0,0,0,0,0,0,"D",2960,3782
-0.120357030892156,0.166538838103081,-1.28948860490777,1,0,1,1,0,0,1,0,0,0,0,0,0,0,0,0,"D",3738,3783
-0.138728021224088,0.143740109397901,-1.35197809777117,1,0,1,1,0,0,1,0,0,0,0,0,0,0,0,0,"D",1567,3784
-0.102613298357016,0.133603107104693,-1.81534566898076,1,0,1,1,0,0,1,0,0,0,0,0,0,0,0,0,"D",1930,3785
-0.127501778767366,0.111295017558088,-0.759418252165766,1,0,1,1,0,0,1,0,0,0,0,0,0,0,0,0,"D",3714,3786
-0.148374685678536,0.106609907219928,-0.174368454343013,1,0,1,1,0,0,1,0,0,0,0,0,0,0,0,0,"D",435,3787
-0.184561009520115,0.237389555421679,2.10649152459698,1,0,1,1,0,0,1,0,0,0,0,0,0,0,0,0,"D",1461,3788
-0.0447408874357386,0.103436966438345,-1.44328629468456,1,0,1,1,0,0,1,0,0,0,0,0,0,0,0,0,"D",2661,3789
-0.124996464451097,0.133607211002428,-2.34318046181857,1,0,1,1,0,0,1,0,0,0,0,0,0,0,0,0,"D",1967,3790
-0.0152392249684488,0.104094814695218,1.91975007220258,1,0,1,1,0,0,1,0,0,0,0,0,0,0,0,0,"D",2087,3791
-0.163268309679215,0.136583618355359,-0.0200533627854957,1,0,1,1,0,0,1,0,0,0,0,0,0,0,0,0,"D",2137,3792
-0.222995042245925,0.232090783741574,0.536169926934035,1,0,1,1,0,0,1,0,0,0,0,0,0,0,0,0,"D",2578,3793
-0.228405229091433,0.229205056274153,2.70872609238335,1,0,1,1,0,0,1,0,0,0,0,0,0,0,0,0,"D",899,3794
-0.218165873917923,0.228312875447217,0.828063102624765,1,0,1,1,0,0,1,0,0,0,0,0,0,0,0,0,"D",3030,3795
-0.123040780876569,0.0841219813529449,-0.822038590045961,1,0,1,1,0,0,1,0,0,0,0,0,0,0,0,0,"D",2602,3796
-0.219401148039725,0.168302107260801,-0.488220931696371,1,0,1,1,0,0,1,0,0,0,0,0,0,0,0,0,"D",394,3797
-0.186284379816992,0.144770293921457,1.33952141797094,1,0,1,1,0,0,1,0,0,0,0,0,0,0,0,0,"D",3326,3798
-0.100821934204986,0.103308021621666,-1.69294947789587,1,0,1,1,0,0,1,0,0,0,0,0,0,0,0,0,"D",2240,3799
-0.0453250879784692,0.138300441707271,-0.0209144830375405,0,1,1,1,0,0,1,0,0,0,0,0,0,0,0,0,"C",491,3800
-0.108908549157579,0.129578493580879,2.39927924184635,0,1,1,1,0,0,1,0,0,0,0,0,0,0,0,0,"C",3721,3801
-0.0159560253060831,0.0793273479397425,1.43677470856147,0,1,1,1,0,0,1,0,0,0,0,0,0,0,0,0,"C",3402,3802
-0.0591886160053263,0.110599713006269,-0.964100515821468,0,1,1,1,0,0,1,0,0,0,0,0,0,0,0,0,"C",368,3803
-0.0229335965376659,0.101676626412009,0.669101755377226,0,1,1,1,0,0,1,0,0,0,0,0,0,0,0,0,"C",1484,3804
-0.0151547956770619,0.128188241477764,0.0964911486831651,0,1,1,1,0,0,1,0,0,0,0,0,0,0,0,0,"C",2487,3805
-0.0833577543167011,0.13768288721589,1.09731165896732,0,1,1,1,0,0,1,0,0,0,0,0,0,0,0,0,"C",1608,3806
-0.00434043098441869,0.0765679758436883,1.44786512793387,0,1,1,1,0,0,1,0,0,0,0,0,0,0,0,0,"C",1462,3807
-0.0880265605278808,0.12599564986613,0.499447293163595,0,1,1,1,0,0,1,0,0,0,0,0,0,0,0,0,"C",3495,3808
-0.0724890177983266,0.12672736037221,2.51127945347845,0,1,1,1,0,0,1,0,0,0,0,0,0,0,0,0,"C",3583,3809
-0.203327068463036,0.257405472755325,-2.10169500724322,0,1,1,1,0,0,1,0,0,0,0,0,0,0,0,0,"C",1747,3810
0.0322011299855737,0.0350490263941722,0.695882183855394,0,1,1,1,0,0,1,0,0,0,0,0,0,0,0,0,"C",344,3811
-0.122676541620139,0.168550950404274,0.981903534623789,0,1,1,1,0,0,1,0,0,0,0,0,0,0,0,0,"C",3343,3812
-0.0134922293106922,0.0713590358883695,0.569757092378025,0,1,1,1,0,0,1,0,0,0,0,0,0,0,0,0,"C",2191,3813
-0.114685809897475,0.159478618865593,-1.70912122667188,0,1,1,1,0,0,1,0,0,0,0,0,0,0,0,0,"C",2986,3814
-0.0451382650490415,0.134562460184629,0.409597963550626,0,1,1,1,0,0,1,0,0,0,0,0,0,0,0,0,"C",3527,3815
-0.0911106511526504,0.137019757448333,-1.93830805286158,0,1,1,1,0,0,1,0,0,0,0,0,0,0,0,0,"C",3748,3816
-0.0203831228168388,0.0987225513355885,0.915493523090233,0,1,1,1,0,0,1,0,0,0,0,0,0,0,0,0,"C",930,3817
-0.0326060350286737,0.101522630886628,1.96206728381647,0,1,1,1,0,0,1,0,0,0,0,0,0,0,0,0,"C",1560,3818
-0.213055722004891,0.1978513714941,-2.35216060064442,0,1,1,1,0,0,1,0,0,0,0,0,0,0,0,0,"C",1549,3819
0.0405226678253933,0.0392517212811966,0.966087860123927,0,1,1,1,0,0,1,0,0,0,0,0,0,0,0,0,"C",3423,3820
-0.0587783340895497,0.156218518375354,-0.196188526562678,0,1,1,1,0,0,1,0,0,0,0,0,0,0,0,0,"C",3464,3821
-0.100868164001829,0.130873940937236,2.44816358138653,0,1,1,1,0,0,1,0,0,0,0,0,0,0,0,0,"C",1646,3822
-0.0090003841846046,0.0831523139083268,0.726404925435619,0,1,1,1,0,0,1,0,0,0,0,0,0,0,0,0,"C",2823,3823
-0.124388837999035,0.201152620397066,-1.98899272985214,0,1,1,1,0,0,1,0,0,0,0,0,0,0,0,0,"C",2022,3824
0.00457313610042769,0.0477524053711157,0.320055351018364,0,1,1,1,0,0,1,0,0,0,0,0,0,0,0,0,"C",1255,3825
0.0114352034371455,0.137080801031036,1.0478953443393,0,1,1,1,0,0,1,0,0,0,0,0,0,0,0,0,"C",1691,3826
-0.138718686207812,0.168732401143712,1.0828119641876,0,1,1,1,0,0,1,0,0,0,0,0,0,0,0,0,"C",3414,3827
-0.0841196403179656,0.161120625779962,-1.02897319334993,0,1,1,1,0,0,1,0,0,0,0,0,0,0,0,0,"C",1362,3828
-0.0170316040323368,0.100952042392267,-1.35590874949451,0,1,1,1,0,0,1,0,0,0,0,0,0,0,0,0,"C",2845,3829
0.0163770418598888,0.0581761938690912,-0.558124267657798,0,1,1,1,0,0,1,0,0,0,0,0,0,0,0,0,"C",2333,3830
-0.127063152898988,0.109542127182439,0.767210154617821,0,1,1,1,0,0,1,0,0,0,0,0,0,0,0,0,"C",2005,3831
-0.0766292554049599,0.164783885127954,1.83144807204832,0,1,1,1,0,0,1,0,0,0,0,0,0,0,0,0,"C",2937,3832
-0.179058360801913,0.20620498077133,-1.35670321217257,0,1,1,1,0,0,1,0,0,0,0,0,0,0,0,0,"C",1628,3833
-0.0803680815581855,0.0956334722039121,1.0565847286655,0,1,1,1,0,0,1,0,0,0,0,0,0,0,0,0,"C",3122,3834
-0.0755397204540069,0.157514453329232,-0.536873300036411,0,1,1,1,0,0,1,0,0,0,0,0,0,0,0,0,"C",666,3835
-0.0297903806241234,0.126619107006497,1.47884960628426,0,1,1,1,0,0,1,0,0,0,0,0,0,0,0,0,"C",1125,3836
-0.122085246451071,0.104402091085942,0.718892815612056,0,1,1,1,0,0,1,0,0,0,0,0,0,0,0,0,"C",33,3837
-0.0357804870117239,0.119206014117351,0.983802605000071,0,1,1,1,0,0,1,0,0,0,0,0,0,0,0,0,"C",1671,3838
-0.0544505609242801,0.14513375835183,1.17391415139756,0,1,1,1,0,0,1,0,0,0,0,0,0,0,0,0,"C",2714,3839
-0.16679659541318,0.154133133573223,1.16836652069307,0,1,1,1,0,0,1,0,0,0,0,0,0,0,0,0,"C",946,3840
-0.0874948369181559,0.157194587713787,1.03799248988947,0,1,1,1,0,0,1,0,0,0,0,0,0,0,0,0,"C",2718,3841
-0.036400431277269,0.0720401489812835,0.219179292326848,0,1,1,1,0,0,1,0,0,0,0,0,0,0,0,0,"C",2372,3842
-0.0362398851070521,0.104834416681006,-2.17720165558787,0,1,1,1,0,0,1,0,0,0,0,0,0,0,0,0,"C",1117,3843
-0.143909849681307,0.169292699488358,0.45799623701363,0,1,1,1,0,0,1,0,0,0,0,0,0,0,0,0,"C",3186,3844
-0.0496277494428792,0.146706770937417,1.37740813715592,0,1,1,1,0,0,1,0,0,0,0,0,0,0,0,0,"C",2648,3845
0.0115576965706096,0.0465155335805655,0.596563903129961,0,1,1,1,0,0,1,0,0,0,0,0,0,0,0,0,"C",3379,3846
0.0177882599703646,0.0820387156743761,1.46655247214849,0,1,1,1,0,0,1,0,0,0,0,0,0,0,0,0,"C",2742,3847
-0.0514712905568938,0.105136367776776,1.63915525166126,0,1,1,1,0,0,1,0,0,0,0,0,0,0,0,0,"C",2336,3848
-0.0750618928425391,0.111905824964055,0.725762665931996,0,1,1,1,0,0,1,0,0,0,0,0,0,0,0,0,"C",267,3849
-0.0922908818047712,0.14169465039072,0.759194739743173,0,1,1,1,0,0,1,0,0,0,0,0,0,0,0,0,"C",1359,3850
-0.114190300272994,0.176006620484663,2.38646667248957,0,1,1,1,0,0,1,0,0,0,0,0,0,0,0,0,"C",1441,3851
-0.0960681177810678,0.177911603783231,1.42861349053625,0,1,1,1,0,0,1,0,0,0,0,0,0,0,0,0,"C",1962,3852
0.0402928346917907,0.0702309865089593,0.335014371127981,0,1,1,1,0,0,1,0,0,0,0,0,0,0,0,0,"C",3717,3853
-0.117406164021005,0.174681754238876,1.93789536508901,0,1,1,1,0,0,1,0,0,0,0,0,0,0,0,0,"C",347,3854
-0.108057852144362,0.127053766789943,0.585445751049427,0,1,1,1,0,0,1,0,0,0,0,0,0,0,0,0,"C",2090,3855
-0.222400225390134,0.285495866523194,-2.59010100217783,0,1,1,1,0,0,1,0,0,0,0,0,0,0,0,0,"C",3406,3856
-0.102547806965099,0.155810778291151,-1.41344611888893,0,1,1,1,0,0,1,0,0,0,0,0,0,0,0,0,"C",2061,3857
-0.0871658471742811,0.166454773111688,0.573349542433143,0,1,1,1,0,0,1,0,0,0,0,0,0,0,0,0,"C",3699,3858
-0.0922185619116049,0.129678470222798,0.462739479624304,0,1,1,1,0,0,1,0,0,0,0,0,0,0,0,0,"C",1385,3859
-0.078638339958095,0.0695104176985914,0.171598542183644,0,1,1,1,0,0,1,0,0,0,0,0,0,0,0,0,"C",729,3860
-0.00325754407045848,0.0992853697056741,1.32129857450229,0,1,1,1,0,0,1,0,0,0,0,0,0,0,0,0,"C",712,3861
-0.136282801954675,0.191457633240258,0.515019220811014,0,1,1,1,0,0,1,0,0,0,0,0,0,0,0,0,"C",656,3862
-0.0665642008565607,0.159412720363013,1.87729268713991,0,1,1,1,0,0,1,0,0,0,0,0,0,0,0,0,"C",1397,3863
-0.128542703196466,0.158372322858448,1.46662780931066,0,1,1,1,0,0,1,0,0,0,0,0,0,0,0,0,"C",2074,3864
-0.000146388827329936,0.08068599771052,0.989710702782745,0,1,1,1,0,0,1,0,0,0,0,0,0,0,0,0,"C",857,3865
-0.100932029298748,0.174891078856403,0.963130864789628,0,1,1,1,0,0,1,0,0,0,0,0,0,0,0,0,"C",2257,3866
-0.149978056268236,0.197536378917293,1.31466656800752,0,1,1,1,0,0,1,0,0,0,0,0,0,0,0,0,"C",1072,3867
-0.0609872283911895,0.0960011363678961,-0.234584486484376,0,1,1,1,0,0,1,0,0,0,0,0,0,0,0,0,"C",1687,3868
-0.0745851366579657,0.119277413166734,0.237390435517278,0,1,1,1,0,0,1,0,0,0,0,0,0,0,0,0,"C",2575,3869
-0.18894116332882,0.265476335561854,1.52380122369926,0,1,1,1,0,0,1,0,0,0,0,0,0,0,0,0,"C",3006,3870
-0.0480782137237926,0.08619807083518,0.705809514709531,0,1,1,1,0,0,1,0,0,0,0,0,0,0,0,0,"C",3732,3871
-0.0928651341144749,0.131974188553598,0.456835152019455,0,1,1,1,0,0,1,0,0,0,0,0,0,0,0,0,"C",482,3872
-0.0506066875714779,0.144312981340616,0.624156462334832,0,1,1,1,0,0,1,0,0,0,0,0,0,0,0,0,"C",1341,3873
-0.0920811874541659,0.150456765527004,2.03069343987035,0,1,1,1,0,0,1,0,0,0,0,0,0,0,0,0,"C",3204,3874
-0.0411562708415382,0.0660651253051147,-0.721766364306543,0,1,1,1,0,0,1,0,0,0,0,0,0,0,0,0,"C",1763,3875
-0.0692941914076344,0.169323465510797,2.11592054124129,0,1,1,1,0,0,1,0,0,0,0,0,0,0,0,0,"C",2318,3876
-0.0861503076186495,0.180064717697217,1.10879161899443,0,1,1,1,0,0,1,0,0,0,0,0,0,0,0,0,"C",1059,3877
-0.0359991629213004,0.142593291850462,2.02768557928119,0,1,1,1,0,0,1,0,0,0,0,0,0,0,0,0,"C",1290,3878
-0.095524429250131,0.162480092931472,0.848372003690891,0,1,1,1,0,0,1,0,0,0,0,0,0,0,0,0,"C",3146,3879
-0.00471597120641271,0.0859580373734923,0.330582733456466,0,1,1,1,0,0,1,0,0,0,0,0,0,0,0,0,"C",1594,3880
-0.0297694353930585,0.130905519842382,0.370170240838575,0,1,1,1,0,0,1,0,0,0,0,0,0,0,0,0,"C",2727,3881
-0.15700524628025,0.203263166817225,-1.72286768371651,0,1,1,1,0,0,1,0,0,0,0,0,0,0,0,0,"C",2960,3882
-0.0754685429171669,0.0806951647058004,0.718054791162914,0,1,1,1,0,0,1,0,0,0,0,0,0,0,0,0,"C",3738,3883
-0.211878094375135,0.199967979828826,-1.42266079874616,0,1,1,1,0,0,1,0,0,0,0,0,0,0,0,0,"C",1567,3884
-0.0288299349570191,0.105746658903032,1.56480758174657,0,1,1,1,0,0,1,0,0,0,0,0,0,0,0,0,"C",1930,3885
-0.152531408148756,0.144773520311589,0.691023661707254,0,1,1,1,0,0,1,0,0,0,0,0,0,0,0,0,"C",3714,3886
-0.152527291170622,0.175698606831985,0.932400464959715,0,1,1,1,0,0,1,0,0,0,0,0,0,0,0,0,"C",435,3887
-0.21216425286794,0.230438884709946,-1.41617643690505,0,1,1,1,0,0,1,0,0,0,0,0,0,0,0,0,"C",1461,3888
-0.0312443636841324,0.0766919206716657,0.907371840725063,0,1,1,1,0,0,1,0,0,0,0,0,0,0,0,0,"C",2661,3889
-0.100138866497943,0.188880192482209,2.16957484658911,0,1,1,1,0,0,1,0,0,0,0,0,0,0,0,0,"C",1967,3890
-0.111585244167933,0.129401146747639,0.502678086803219,0,1,1,1,0,0,1,0,0,0,0,0,0,0,0,0,"C",2087,3891
-0.0871156294002625,0.135733683391344,0.752869138399359,0,1,1,1,0,0,1,0,0,0,0,0,0,0,0,0,"C",2137,3892
-0.0772787856936093,0.122011499350345,1.56969129957817,0,1,1,1,0,0,1,0,0,0,0,0,0,0,0,0,"C",2578,3893
-0.163419753184546,0.198777594767434,-0.7337124226627,0,1,1,1,0,0,1,0,0,0,0,0,0,0,0,0,"C",899,3894
-0.164528541095161,0.200788238137846,1.30062479537949,0,1,1,1,0,0,1,0,0,0,0,0,0,0,0,0,"C",3030,3895
-0.179695220544208,0.2179064087161,1.14111877884913,0,1,1,1,0,0,1,0,0,0,0,0,0,0,0,0,"C",2602,3896
-0.016251539060927,0.0697546055456837,2.01955021943824,0,1,1,1,0,0,1,0,0,0,0,0,0,0,0,0,"C",394,3897
0.0180261663434033,0.0702693599461305,0.486390317544116,0,1,1,1,0,0,1,0,0,0,0,0,0,0,0,0,"C",3326,3898
-0.0573095689946537,0.0895190357930136,0.0764723548611331,0,1,1,1,0,0,1,0,0,0,0,0,0,0,0,0,"C",2240,3899
-0.15016571112449,0.196834295550052,-1.24296963245858,0,1,1,1,0,0,1,0,0,0,0,0,0,0,0,0,"D",491,3900
0.0537318771683721,0.0515311131692075,-1.53509680745365,0,1,1,1,0,0,1,0,0,0,0,0,0,0,0,0,"D",3721,3901
-0.00940280544283995,0.219305572272922,1.66252544890337,0,1,1,1,0,0,1,0,0,0,0,0,0,0,0,0,"D",3402,3902
-0.0255764396690675,0.090758670271755,-2.46892155013592,0,1,1,1,0,0,1,0,0,0,0,0,0,0,0,0,"D",368,3903
-0.0777629954973575,0.129350686134328,-1.33546447736889,0,1,1,1,0,0,1,0,0,0,0,0,0,0,0,0,"D",1484,3904
-0.226466929190219,0.168808513199259,-1.17832504485049,0,1,1,1,0,0,1,0,0,0,0,0,0,0,0,0,"D",2487,3905
-0.203000732701615,0.157109160503331,-2.19025076428722,0,1,1,1,0,0,1,0,0,0,0,0,0,0,0,0,"D",1608,3906
-0.085032973182257,0.127182945714459,-1.63040052520473,0,1,1,1,0,0,1,0,0,0,0,0,0,0,0,0,"D",1462,3907
-0.134760288085484,0.130083623770196,-1.11331121049134,0,1,1,1,0,0,1,0,0,0,0,0,0,0,0,0,"D",3495,3908
-0.158422802337207,0.171501353958741,0.700826799237542,0,1,1,1,0,0,1,0,0,0,0,0,0,0,0,0,"D",3583,3909
-0.226352252101056,0.244972227464071,0.49261649486645,0,1,1,1,0,0,1,0,0,0,0,0,0,0,0,0,"D",1747,3910
-0.0385776105674419,0.0859223509202315,-2.27884645454703,0,1,1,1,0,0,1,0,0,0,0,0,0,0,0,0,"D",344,3911
-0.174064949211555,0.135656951215659,-1.72850582206753,0,1,1,1,0,0,1,0,0,0,0,0,0,0,0,0,"D",3343,3912
0.0653043606171766,0.172198159811462,-0.651085717392378,0,1,1,1,0,0,1,0,0,0,0,0,0,0,0,0,"D",2191,3913
-0.0617704479283348,0.185423884546834,-2.23931814315949,0,1,1,1,0,0,1,0,0,0,0,0,0,0,0,0,"D",2986,3914
-0.021489857968205,0.137199716009741,-0.222435998571671,0,1,1,1,0,0,1,0,0,0,0,0,0,0,0,0,"D",3527,3915
-0.206296510327886,0.195086386812807,-0.287970309510128,0,1,1,1,0,0,1,0,0,0,0,0,0,0,0,0,"D",3748,3916
-0.0244358562494404,0.146005672655094,-0.639694829028245,0,1,1,1,0,0,1,0,0,0,0,0,0,0,0,0,"D",930,3917
-0.035448175274415,0.1400712314335,-1.25426770035688,0,1,1,1,0,0,1,0,0,0,0,0,0,0,0,0,"D",1560,3918
-0.0423093665126419,0.124619711057182,-1.66874298844688,0,1,1,1,0,0,1,0,0,0,0,0,0,0,0,0,"D",1549,3919
-0.198337299363785,0.266466844281308,-1.46803115680971,0,1,1,1,0,0,1,0,0,0,0,0,0,0,0,0,"D",3423,3920
-0.197638842364407,0.15017712789997,-1.56929563675385,0,1,1,1,0,0,1,0,0,0,0,0,0,0,0,0,"D",3464,3921
-0.236348771962801,0.300062256457363,-2.65051506190385,0,1,1,1,0,0,1,0,0,0,0,0,0,0,0,0,"D",1646,3922
-0.0342682565623413,0.196476510903103,-2.62887847180996,0,1,1,1,0,0,1,0,0,0,0,0,0,0,0,0,"D",2823,3923
-0.112156006416045,0.198905495560914,-0.612044021139024,0,1,1,1,0,0,1,0,0,0,0,0,0,0,0,0,"D",2022,3924
-0.0812332477555766,0.0558858167176793,-0.977390820463479,0,1,1,1,0,0,1,0,0,0,0,0,0,0,0,0,"D",1255,3925
0.0975093017605488,0.0851915501487303,-2.61604251708331,0,1,1,1,0,0,1,0,0,0,0,0,0,0,0,0,"D",1691,3926
-0.1709952950185,0.155183636715925,-1.66721851055182,0,1,1,1,0,0,1,0,0,0,0,0,0,0,0,0,"D",3414,3927
-0.170249658124778,0.120027728463163,-0.424528112960523,0,1,1,1,0,0,1,0,0,0,0,0,0,0,0,0,"D",1362,3928
-0.00338231610110813,0.177731167877078,-1.85003774969295,0,1,1,1,0,0,1,0,0,0,0,0,0,0,0,0,"D",2845,3929
-0.17944271431231,0.241173753571434,0.832638422640881,0,1,1,1,0,0,1,0,0,0,0,0,0,0,0,0,"D",2333,3930
-0.0464133682478774,0.1914362885676,-1.81420200246691,0,1,1,1,0,0,1,0,0,0,0,0,0,0,0,0,"D",2005,3931
-0.103397422588866,0.148329092388049,-0.93637544084975,0,1,1,1,0,0,1,0,0,0,0,0,0,0,0,0,"D",2937,3932
-0.115926248998345,0.0924790521758436,-1.36585768345497,0,1,1,1,0,0,1,0,0,0,0,0,0,0,0,0,"D",1628,3933
-0.107347017966224,0.228676947339417,-0.211110539387008,0,1,1,1,0,0,1,0,0,0,0,0,0,0,0,0,"D",3122,3934
-0.0798972125298,0.202816799889881,-1.37409228295248,0,1,1,1,0,0,1,0,0,0,0,0,0,0,0,0,"D",666,3935
-0.0581027592798908,0.121478733094853,-1.42981033644847,0,1,1,1,0,0,1,0,0,0,0,0,0,0,0,0,"D",1125,3936
0.0684399011399876,0.197192390545784,-1.3318746632989,0,1,1,1,0,0,1,0,0,0,0,0,0,0,0,0,"D",33,3937
-0.126547218091316,0.1506502393624,-1.30725262105498,0,1,1,1,0,0,1,0,0,0,0,0,0,0,0,0,"D",1671,3938
-0.130000815092039,0.185204257197218,-0.436747646180842,0,1,1,1,0,0,1,0,0,0,0,0,0,0,0,0,"D",2714,3939
-0.151980704641947,0.12694719653603,-0.714421946392383,0,1,1,1,0,0,1,0,0,0,0,0,0,0,0,0,"D",946,3940
-0.159986025369552,0.162833831742349,-2.26003044478417,0,1,1,1,0,0,1,0,0,0,0,0,0,0,0,0,"D",2718,3941
-0.211528849170831,0.157325023646429,-1.79199237757729,0,1,1,1,0,0,1,0,0,0,0,0,0,0,0,0,"D",2372,3942
-0.172328649545161,0.174263803412961,-2.11728643793654,0,1,1,1,0,0,1,0,0,0,0,0,0,0,0,0,"D",1117,3943
-0.0191385654553954,0.0880015529517709,-2.4448811615187,0,1,1,1,0,0,1,0,0,0,0,0,0,0,0,0,"D",3186,3944
-0.122445948597406,0.23688736416694,-0.635807715646758,0,1,1,1,0,0,1,0,0,0,0,0,0,0,0,0,"D",2648,3945
-0.306636975666703,0.265831380837046,-0.610245809866612,0,1,1,1,0,0,1,0,0,0,0,0,0,0,0,0,"D",3379,3946
-0.131452803837189,0.165350421144441,-0.780549177388129,0,1,1,1,0,0,1,0,0,0,0,0,0,0,0,0,"D",2742,3947
0.18042112370681,0.120403836929427,-1.51271275041393,0,1,1,1,0,0,1,0,0,0,0,0,0,0,0,0,"D",2336,3948
-0.112449808402997,0.167861637205116,-2.87855008275442,0,1,1,1,0,0,1,0,0,0,0,0,0,0,0,0,"D",267,3949
-0.00528235080661459,0.0940975766144373,-0.0682104797445673,0,1,1,1,0,0,1,0,0,0,0,0,0,0,0,0,"D",1359,3950
-0.0295352098911178,0.118444303704888,-1.64247841418569,0,1,1,1,0,0,1,0,0,0,0,0,0,0,0,0,"D",1441,3951
-0.136414853404932,0.146468241442827,-1.83582519322866,0,1,1,1,0,0,1,0,0,0,0,0,0,0,0,0,"D",1962,3952
-0.131169457127103,0.177375831048989,-1.71347173476628,0,1,1,1,0,0,1,0,0,0,0,0,0,0,0,0,"D",3717,3953
-0.23010220369445,0.268734565761986,-0.134847772437355,0,1,1,1,0,0,1,0,0,0,0,0,0,0,0,0,"D",347,3954
-0.137679194514955,0.154970398365392,-1.37357160815497,0,1,1,1,0,0,1,0,0,0,0,0,0,0,0,0,"D",2090,3955
0.0420501193028387,0.141688173407692,0.896003737366483,0,1,1,1,0,0,1,0,0,0,0,0,0,0,0,0,"D",3406,3956
-0.0716915604203582,0.2220439716423,-0.268753947984341,0,1,1,1,0,0,1,0,0,0,0,0,0,0,0,0,"D",2061,3957
-0.0902201991816511,0.122444310622942,0.214616359935894,0,1,1,1,0,0,1,0,0,0,0,0,0,0,0,0,"D",3699,3958
-0.109897634219336,0.180841969065069,-0.741516468972114,0,1,1,1,0,0,1,0,0,0,0,0,0,0,0,0,"D",1385,3959
-0.153331375555017,0.16323763942519,-2.20234972517291,0,1,1,1,0,0,1,0,0,0,0,0,0,0,0,0,"D",729,3960
-0.044136860951319,0.112667110183837,-1.46194692245482,0,1,1,1,0,0,1,0,0,0,0,0,0,0,0,0,"D",712,3961
-0.0821947977624306,0.136303970757263,-1.65630143698433,0,1,1,1,0,0,1,0,0,0,0,0,0,0,0,0,"D",656,3962
-0.0555438884123508,0.0943886205252584,-1.74396071608255,0,1,1,1,0,0,1,0,0,0,0,0,0,0,0,0,"D",1397,3963
-0.152176569578187,0.186930579200487,-1.8258965411196,0,1,1,1,0,0,1,0,0,0,0,0,0,0,0,0,"D",2074,3964
-0.274922233365129,0.268771178066755,-0.700781024884166,0,1,1,1,0,0,1,0,0,0,0,0,0,0,0,0,"D",857,3965
-0.266215692664876,0.289437846490488,0.0398272916038113,0,1,1,1,0,0,1,0,0,0,0,0,0,0,0,0,"D",2257,3966
-0.188897245354974,0.167685621201723,-0.567074846139885,0,1,1,1,0,0,1,0,0,0,0,0,0,0,0,0,"D",1072,3967
-0.0352960177958196,0.154165394414725,-0.786315265641177,0,1,1,1,0,0,1,0,0,0,0,0,0,0,0,0,"D",1687,3968
-0.0181187890652977,0.139100442326699,-1.76920643876498,0,1,1,1,0,0,1,0,0,0,0,0,0,0,0,0,"D",2575,3969
-0.287777875501707,0.238144512441651,-0.872206092613268,0,1,1,1,0,0,1,0,0,0,0,0,0,0,0,0,"D",3006,3970
-0.156132852409417,0.270310309097139,-1.19587816120147,0,1,1,1,0,0,1,0,0,0,0,0,0,0,0,0,"D",3732,3971
-0.110408940757356,0.130653275384017,-0.232450063913801,0,1,1,1,0,0,1,0,0,0,0,0,0,0,0,0,"D",482,3972
-0.0626789679509833,0.147259932786008,-1.23482113035058,0,1,1,1,0,0,1,0,0,0,0,0,0,0,0,0,"D",1341,3973
-0.165988582105523,0.202998295035464,-2.31243107737141,0,1,1,1,0,0,1,0,0,0,0,0,0,0,0,0,"D",3204,3974
-0.141057692649934,0.160645158135997,-1.84426784831039,0,1,1,1,0,0,1,0,0,0,0,0,0,0,0,0,"D",1763,3975
-0.185161544828748,0.144238101745428,-2.17907712758209,0,1,1,1,0,0,1,0,0,0,0,0,0,0,0,0,"D",2318,3976
-0.106802340693736,0.211939018533472,1.78934421764846,0,1,1,1,0,0,1,0,0,0,0,0,0,0,0,0,"D",1059,3977
-0.228973334055697,0.204896387193697,-1.7236395959228,0,1,1,1,0,0,1,0,0,0,0,0,0,0,0,0,"D",1290,3978
-0.0290332568458308,0.151893796510983,-1.50453452663281,0,1,1,1,0,0,1,0,0,0,0,0,0,0,0,0,"D",3146,3979
-0.278965709327949,0.259536384341038,0.153779058967533,0,1,1,1,0,0,1,0,0,0,0,0,0,0,0,0,"D",1594,3980
-0.118899290018861,0.246607772863852,-1.32455106962024,0,1,1,1,0,0,1,0,0,0,0,0,0,0,0,0,"D",2727,3981
-0.00653256315789345,0.156364649247936,-0.615464837312202,0,1,1,1,0,0,1,0,0,0,0,0,0,0,0,0,"D",2960,3982
-0.128251036979202,0.136905377183693,-2.25082376844478,0,1,1,1,0,0,1,0,0,0,0,0,0,0,0,0,"D",3738,3983
-0.0895425037671325,0.223306227718017,-0.681413121042517,0,1,1,1,0,0,1,0,0,0,0,0,0,0,0,0,"D",1567,3984
-0.0904948542748612,0.185036205035012,-1.47735145547787,0,1,1,1,0,0,1,0,0,0,0,0,0,0,0,0,"D",1930,3985
-0.159986778583869,0.146198249527348,-2.96410539477289,0,1,1,1,0,0,1,0,0,0,0,0,0,0,0,0,"D",3714,3986
-0.0737942683801346,0.250298074799192,-0.384130717360138,0,1,1,1,0,0,1,0,0,0,0,0,0,0,0,0,"D",435,3987
-0.0129183141410646,0.101718728832293,-2.48629950822256,0,1,1,1,0,0,1,0,0,0,0,0,0,0,0,0,"D",1461,3988
-0.0363403326086869,0.129813649561204,-1.36808618749652,0,1,1,1,0,0,1,0,0,0,0,0,0,0,0,0,"D",2661,3989
-0.086626105797077,0.162564128828871,-1.89318084279551,0,1,1,1,0,0,1,0,0,0,0,0,0,0,0,0,"D",1967,3990
-0.113722597465109,0.200235912416352,-0.0666465774201299,0,1,1,1,0,0,1,0,0,0,0,0,0,0,0,0,"D",2087,3991
-0.118186342204832,0.107592707436506,-1.85256736525077,0,1,1,1,0,0,1,0,0,0,0,0,0,0,0,0,"D",2137,3992
-0.0975240879929138,0.210288356152102,-1.41246077972118,0,1,1,1,0,0,1,0,0,0,0,0,0,0,0,0,"D",2578,3993
-0.206789326363574,0.165037853509367,-0.931454043560868,0,1,1,1,0,0,1,0,0,0,0,0,0,0,0,0,"D",899,3994
-0.26912005985955,0.2185026921703,-1.06501800746815,0,1,1,1,0,0,1,0,0,0,0,0,0,0,0,0,"D",3030,3995
0.0657730324486903,0.105427771111979,-2.52570215891412,0,1,1,1,0,0,1,0,0,0,0,0,0,0,0,0,"D",2602,3996
-0.0798510842344099,0.142901951799206,-1.21557521820926,0,1,1,1,0,0,1,0,0,0,0,0,0,0,0,0,"D",394,3997
-0.118629913126665,0.141275783580335,-2.37860853365476,0,1,1,1,0,0,1,0,0,0,0,0,0,0,0,0,"D",3326,3998
-0.0722020479366556,0.249580246039622,-1.00682455655458,0,1,1,1,0,0,1,0,0,0,0,0,0,0,0,0,"D",2240,3999
-0.0964358947655869,0.0787493489452026,0.72625977076495,0,0,1,1,1,0,1,0,0,0,0,0,0,0,0,0,"C",491,4000
-0.103369425081084,0.0611818035580595,0.864199843896856,0,0,1,1,1,0,1,0,0,0,0,0,0,0,0,0,"C",3721,4001
-0.10473711161757,0.0906406372019506,0.296899376331894,0,0,1,1,1,0,1,0,0,0,0,0,0,0,0,0,"C",3402,4002
-0.0847038987924808,0.0697446465313343,1.05581465363056,0,0,1,1,1,0,1,0,0,0,0,0,0,0,0,0,"C",368,4003
-0.0995555368860955,0.0687139005916862,0.722105908286237,0,0,1,1,1,0,1,0,0,0,0,0,0,0,0,0,"C",1484,4004
-0.0838552041132518,0.0623879021729009,0.45303428639823,0,0,1,1,1,0,1,0,0,0,0,0,0,0,0,0,"C",2487,4005
-0.12131024039947,0.0810469933907085,0.645997401828558,0,0,1,1,1,0,1,0,0,0,0,0,0,0,0,0,"C",1608,4006
-0.114545205918873,0.101933736054789,0.691372802665363,0,0,1,1,1,0,1,0,0,0,0,0,0,0,0,0,"C",1462,4007
-0.0961254954572459,0.0658998738771952,0.0721093768236004,0,0,1,1,1,0,1,0,0,0,0,0,0,0,0,0,"C",3495,4008
-0.0724118284078184,0.067096845573099,1.06276664919342,0,0,1,1,1,0,1,0,0,0,0,0,0,0,0,0,"C",3583,4009
-0.116668091645772,0.112175300366848,0.43289242410149,0,0,1,1,1,0,1,0,0,0,0,0,0,0,0,0,"C",1747,4010
-0.0865019434064524,0.0590287915690648,0.421777904849059,0,0,1,1,1,0,1,0,0,0,0,0,0,0,0,0,"C",344,4011
-0.0703756092130652,0.0548480321262676,0.85434999370949,0,0,1,1,1,0,1,0,0,0,0,0,0,0,0,0,"C",3343,4012
-0.0875553051775202,0.055995501403955,0.70213641761449,0,0,1,1,1,0,1,0,0,0,0,0,0,0,0,0,"C",2191,4013
-0.0437544037765763,0.0455381629979278,0.185484973529478,0,0,1,1,1,0,1,0,0,0,0,0,0,0,0,0,"C",2986,4014
-0.116683206954267,0.0714452605335259,0.536394013651037,0,0,1,1,1,0,1,0,0,0,0,0,0,0,0,0,"C",3527,4015
-0.0927146156637778,0.0723317906653584,0.754105998342192,0,0,1,1,1,0,1,0,0,0,0,0,0,0,0,0,"C",3748,4016
-0.0725686983535447,0.0547146644592101,0.0131338676813367,0,0,1,1,1,0,1,0,0,0,0,0,0,0,0,0,"C",930,4017
-0.114445381536629,0.0643305703755207,1.21275980011993,0,0,1,1,1,0,1,0,0,0,0,0,0,0,0,0,"C",1560,4018
-0.0828496912983697,0.0537855338965856,0.982860092040028,0,0,1,1,1,0,1,0,0,0,0,0,0,0,0,0,"C",1549,4019
-0.116441577224372,0.074709050804886,0.760662890231675,0,0,1,1,1,0,1,0,0,0,0,0,0,0,0,0,"C",3423,4020
-0.0690724504591165,0.0422970371644548,0.217987789644106,0,0,1,1,1,0,1,0,0,0,0,0,0,0,0,0,"C",3464,4021
-0.0932341976755721,0.0807739621847293,0.680059454865165,0,0,1,1,1,0,1,0,0,0,0,0,0,0,0,0,"C",1646,4022
-0.0738851722260772,0.0735213383445979,0.721029000191787,0,0,1,1,1,0,1,0,0,0,0,0,0,0,0,0,"C",2823,4023
-0.0980266798137743,0.0744028647979324,0.59716782514206,0,0,1,1,1,0,1,0,0,0,0,0,0,0,0,0,"C",2022,4024
-0.135526532870754,0.0746878873162963,0.716166529466956,0,0,1,1,1,0,1,0,0,0,0,0,0,0,0,0,"C",1255,4025
-0.113555455427869,0.10772218593848,0.852912532617123,0,0,1,1,1,0,1,0,0,0,0,0,0,0,0,0,"C",1691,4026
-0.108615468404486,0.0781988594864449,0.986877873731374,0,0,1,1,1,0,1,0,0,0,0,0,0,0,0,0,"C",3414,4027
-0.107883535281881,0.0873951712915107,1.1637253209855,0,0,1,1,1,0,1,0,0,0,0,0,0,0,0,0,"C",1362,4028
-0.0960996791079914,0.0838188220069881,1.45182571914502,0,0,1,1,1,0,1,0,0,0,0,0,0,0,0,0,"C",2845,4029
-0.0984422141722891,0.0622779115919635,-0.129845343449287,0,0,1,1,1,0,1,0,0,0,0,0,0,0,0,0,"C",2333,4030
-0.0865274174099316,0.0682432811114485,1.30382899764305,0,0,1,1,1,0,1,0,0,0,0,0,0,0,0,0,"C",2005,4031
-0.0918977936106016,0.0658847709131318,1.49802624296452,0,0,1,1,1,0,1,0,0,0,0,0,0,0,0,0,"C",2937,4032
-0.0826300812228591,0.0458804336150374,-0.130561597699491,0,0,1,1,1,0,1,0,0,0,0,0,0,0,0,0,"C",1628,4033
-0.106716943639061,0.0553020015893871,1.03770236041532,0,0,1,1,1,0,1,0,0,0,0,0,0,0,0,0,"C",3122,4034
-0.0957246875866398,0.0962493683836235,1.04208135012369,0,0,1,1,1,0,1,0,0,0,0,0,0,0,0,0,"C",666,4035
-0.0841497864029326,0.0619926521435476,1.11723853093938,0,0,1,1,1,0,1,0,0,0,0,0,0,0,0,0,"C",1125,4036
-0.0905628694356286,0.059074366281742,0.577916252660779,0,0,1,1,1,0,1,0,0,0,0,0,0,0,0,0,"C",33,4037
-0.125276583374517,0.0768118301066971,0.475033302217824,0,0,1,1,1,0,1,0,0,0,0,0,0,0,0,0,"C",1671,4038
-0.0964567818186916,0.0737368802061886,0.921305780920429,0,0,1,1,1,0,1,0,0,0,0,0,0,0,0,0,"C",2714,4039
-0.0663448951488038,0.0510673198904282,0.481623757007526,0,0,1,1,1,0,1,0,0,0,0,0,0,0,0,0,"C",946,4040
-0.0653791356260919,0.0541625048978948,0.986215743343181,0,0,1,1,1,0,1,0,0,0,0,0,0,0,0,0,"C",2718,4041
-0.0974775267422994,0.0874229351871758,0.740815022446052,0,0,1,1,1,0,1,0,0,0,0,0,0,0,0,0,"C",2372,4042
-0.0649008744887186,0.0459374071442591,0.406842491396527,0,0,1,1,1,0,1,0,0,0,0,0,0,0,0,0,"C",1117,4043
-0.116353040561278,0.102730096253491,0.716933020375711,0,0,1,1,1,0,1,0,0,0,0,0,0,0,0,0,"C",3186,4044
-0.0656705459896465,0.0594500812026353,0.985832156230824,0,0,1,1,1,0,1,0,0,0,0,0,0,0,0,0,"C",2648,4045
-0.0833432614621315,0.0486366932221873,0.531004903995456,0,0,1,1,1,0,1,0,0,0,0,0,0,0,0,0,"C",3379,4046
-0.0801946229140154,0.0613849557925187,1.35889640851472,0,0,1,1,1,0,1,0,0,0,0,0,0,0,0,0,"C",2742,4047
-0.103942918216082,0.0745937769968475,0.290917485227614,0,0,1,1,1,0,1,0,0,0,0,0,0,0,0,0,"C",2336,4048
-0.111413549156611,0.0987016912156515,1.31432643240424,0,0,1,1,1,0,1,0,0,0,0,0,0,0,0,0,"C",267,4049
-0.0629374983060314,0.0402752971035708,0.373155371585719,0,0,1,1,1,0,1,0,0,0,0,0,0,0,0,0,"C",1359,4050
-0.105228204363702,0.0946723307597055,0.875798484644041,0,0,1,1,1,0,1,0,0,0,0,0,0,0,0,0,"C",1441,4051
-0.070693148930419,0.0755732659730427,0.582873099056259,0,0,1,1,1,0,1,0,0,0,0,0,0,0,0,0,"C",1962,4052
-0.0738075995046702,0.0715865602409486,0.510720848113484,0,0,1,1,1,0,1,0,0,0,0,0,0,0,0,0,"C",3717,4053
-0.0895831076688059,0.080754669890317,0.336894116501365,0,0,1,1,1,0,1,0,0,0,0,0,0,0,0,0,"C",347,4054
-0.0868184653087673,0.0819537016402923,0.31802685231358,0,0,1,1,1,0,1,0,0,0,0,0,0,0,0,0,"C",2090,4055
-0.104684416464858,0.084202743819083,1.23112978323673,0,0,1,1,1,0,1,0,0,0,0,0,0,0,0,0,"C",3406,4056
-0.0824397889783275,0.0728799625549692,0.371372331896531,0,0,1,1,1,0,1,0,0,0,0,0,0,0,0,0,"C",2061,4057
-0.126889098829554,0.11589464752956,0.865677338670319,0,0,1,1,1,0,1,0,0,0,0,0,0,0,0,0,"C",3699,4058
-0.0979951558487707,0.067523024613028,0.829806540010168,0,0,1,1,1,0,1,0,0,0,0,0,0,0,0,0,"C",1385,4059
-0.0847395019034702,0.0449126488415587,-0.218864208081835,0,0,1,1,1,0,1,0,0,0,0,0,0,0,0,0,"C",729,4060
-0.0439351901004807,0.0546305183862957,0.428292503089761,0,0,1,1,1,0,1,0,0,0,0,0,0,0,0,0,"C",712,4061
-0.102925683731875,0.0649269437422139,0.464023555007656,0,0,1,1,1,0,1,0,0,0,0,0,0,0,0,0,"C",656,4062
-0.0785061206258354,0.0763939998663781,0.90175936723162,0,0,1,1,1,0,1,0,0,0,0,0,0,0,0,0,"C",1397,4063
-0.0987811509516782,0.054423089128136,1.11337886266385,0,0,1,1,1,0,1,0,0,0,0,0,0,0,0,0,"C",2074,4064
-0.0526475943457806,0.0633720852506487,0.619189463615413,0,0,1,1,1,0,1,0,0,0,0,0,0,0,0,0,"C",857,4065
-0.0853094986627508,0.06208256705848,0.0688430839425846,0,0,1,1,1,0,1,0,0,0,0,0,0,0,0,0,"C",2257,4066
-0.0627573931159718,0.0541538737756428,0.224931507875627,0,0,1,1,1,0,1,0,0,0,0,0,0,0,0,0,"C",1072,4067
-0.076215159622329,0.0767934863735673,0.456792859344391,0,0,1,1,1,0,1,0,0,0,0,0,0,0,0,0,"C",1687,4068
-0.105243806229337,0.0601086724278456,0.453367177754244,0,0,1,1,1,0,1,0,0,0,0,0,0,0,0,0,"C",2575,4069
-0.0982362309951042,0.0897754095997569,1.13667656508223,0,0,1,1,1,0,1,0,0,0,0,0,0,0,0,0,"C",3006,4070
-0.0962550834687798,0.0507306384309232,0.992754212692303,0,0,1,1,1,0,1,0,0,0,0,0,0,0,0,0,"C",3732,4071
-0.083185927274535,0.07983203008633,1.31381331412028,0,0,1,1,1,0,1,0,0,0,0,0,0,0,0,0,"C",482,4072
-0.0600870361049222,0.0474777859254474,1.53526847308462,0,0,1,1,1,0,1,0,0,0,0,0,0,0,0,0,"C",1341,4073
-0.0854548198772325,0.0649676270783031,0.543683781352857,0,0,1,1,1,0,1,0,0,0,0,0,0,0,0,0,"C",3204,4074
-0.0835376366267923,0.0719330035571313,0.881059926011964,0,0,1,1,1,0,1,0,0,0,0,0,0,0,0,0,"C",1763,4075
-0.112161464005074,0.0857423388130084,1.01663475608438,0,0,1,1,1,0,1,0,0,0,0,0,0,0,0,0,"C",2318,4076
-0.0852067546725211,0.0586828646904718,0.275158595478059,0,0,1,1,1,0,1,0,0,0,0,0,0,0,0,0,"C",1059,4077
-0.0947182908350492,0.0806395056347149,0.616182756255219,0,0,1,1,1,0,1,0,0,0,0,0,0,0,0,0,"C",1290,4078
-0.10865431924164,0.0891730539542961,0.995933490229675,0,0,1,1,1,0,1,0,0,0,0,0,0,0,0,0,"C",3146,4079
-0.108784647703027,0.0868989362180088,1.1561728240423,0,0,1,1,1,0,1,0,0,0,0,0,0,0,0,0,"C",1594,4080
-0.0964939294113341,0.0959525266602557,0.956758732846348,0,0,1,1,1,0,1,0,0,0,0,0,0,0,0,0,"C",2727,4081
-0.0925350888716392,0.0669981238132488,-0.0268715758320819,0,0,1,1,1,0,1,0,0,0,0,0,0,0,0,0,"C",2960,4082
-0.0584543286350764,0.0338126836118849,1.23179854762617,0,0,1,1,1,0,1,0,0,0,0,0,0,0,0,0,"C",3738,4083
-0.0911120459719646,0.0551290541177745,0.0277665046691716,0,0,1,1,1,0,1,0,0,0,0,0,0,0,0,0,"C",1567,4084
-0.0774781438499243,0.0486023024823415,0.810678410177396,0,0,1,1,1,0,1,0,0,0,0,0,0,0,0,0,"C",1930,4085
-0.0693986749229197,0.0562283837540308,0.308439266243028,0,0,1,1,1,0,1,0,0,0,0,0,0,0,0,0,"C",3714,4086
-0.089318494803842,0.076440219872699,0.379687639478764,0,0,1,1,1,0,1,0,0,0,0,0,0,0,0,0,"C",435,4087
-0.0862829397615071,0.0576551063066386,0.037095303042751,0,0,1,1,1,0,1,0,0,0,0,0,0,0,0,0,"C",1461,4088
-0.0742089493451747,0.0523107277955282,0.680940560490263,0,0,1,1,1,0,1,0,0,0,0,0,0,0,0,0,"C",2661,4089
-0.112175910982029,0.0797013199991405,0.70876946087244,0,0,1,1,1,0,1,0,0,0,0,0,0,0,0,0,"C",1967,4090
-0.10495654705965,0.0616410466858026,0.536120573180574,0,0,1,1,1,0,1,0,0,0,0,0,0,0,0,0,"C",2087,4091
-0.0887023534468156,0.0710326689509395,0.72940409754155,0,0,1,1,1,0,1,0,0,0,0,0,0,0,0,0,"C",2137,4092
-0.0526211647820861,0.055897707684236,1.10292630443013,0,0,1,1,1,0,1,0,0,0,0,0,0,0,0,0,"C",2578,4093
-0.113008232640629,0.0742454097391895,1.05169016446495,0,0,1,1,1,0,1,0,0,0,0,0,0,0,0,0,"C",899,4094
-0.0624650125693074,0.0547884988129067,1.2721176273076,0,0,1,1,1,0,1,0,0,0,0,0,0,0,0,0,"C",3030,4095
-0.109106638993203,0.056287969303548,0.742249579671883,0,0,1,1,1,0,1,0,0,0,0,0,0,0,0,0,"C",2602,4096
-0.125545129906691,0.0905250038820763,1.3833038086683,0,0,1,1,1,0,1,0,0,0,0,0,0,0,0,0,"C",394,4097
-0.0634287016675948,0.0391223197727669,0.347124898886519,0,0,1,1,1,0,1,0,0,0,0,0,0,0,0,0,"C",3326,4098
-0.112246324562448,0.0635798497952514,0.436839330018893,0,0,1,1,1,0,1,0,0,0,0,0,0,0,0,0,"C",2240,4099
-0.101982965686609,0.0792868739484059,1.31694642090471,0,0,1,1,1,0,1,0,0,0,0,0,0,0,0,0,"D",491,4100
-0.133129348373594,0.0862286258957531,1.17008246595897,0,0,1,1,1,0,1,0,0,0,0,0,0,0,0,0,"D",3721,4101
-0.115130421347887,0.0938963780734189,1.33789971786488,0,0,1,1,1,0,1,0,0,0,0,0,0,0,0,0,"D",3402,4102
-0.139725839767899,0.103733165790199,0.897810253171872,0,0,1,1,1,0,1,0,0,0,0,0,0,0,0,0,"D",368,4103
-0.130584150497214,0.128234968630229,1.33791955563187,0,0,1,1,1,0,1,0,0,0,0,0,0,0,0,0,"D",1484,4104
-0.0897355844327878,0.0665174903280732,1.15916377289122,0,0,1,1,1,0,1,0,0,0,0,0,0,0,0,0,"D",2487,4105
-0.137349472366022,0.125041226875815,1.27336761163995,0,0,1,1,1,0,1,0,0,0,0,0,0,0,0,0,"D",1608,4106
-0.114202981610218,0.0927811776495617,1.01599311981263,0,0,1,1,1,0,1,0,0,0,0,0,0,0,0,0,"D",1462,4107
-0.103833243118236,0.0846557305374007,1.99250459109149,0,0,1,1,1,0,1,0,0,0,0,0,0,0,0,0,"D",3495,4108
-0.107862990655881,0.0840125080674177,1.09568545119087,0,0,1,1,1,0,1,0,0,0,0,0,0,0,0,0,"D",3583,4109
-0.128296831596407,0.115397756968363,1.66248419080423,0,0,1,1,1,0,1,0,0,0,0,0,0,0,0,0,"D",1747,4110
-0.109419312364816,0.0556384874293072,0.854619489243058,0,0,1,1,1,0,1,0,0,0,0,0,0,0,0,0,"D",344,4111
-0.122099892234502,0.0964292711852184,1.05714264222937,0,0,1,1,1,0,1,0,0,0,0,0,0,0,0,0,"D",3343,4112
-0.130132248041485,0.104579153767652,1.01222234149558,0,0,1,1,1,0,1,0,0,0,0,0,0,0,0,0,"D",2191,4113
-0.124185885713478,0.117114511524798,1.56351007155417,0,0,1,1,1,0,1,0,0,0,0,0,0,0,0,0,"D",2986,4114
-0.0918456912395623,0.0904917659047116,1.5928849867613,0,0,1,1,1,0,1,0,0,0,0,0,0,0,0,0,"D",3527,4115
-0.136652986557479,0.109864051098992,1.10501270799137,0,0,1,1,1,0,1,0,0,0,0,0,0,0,0,0,"D",3748,4116
-0.0835837787414281,0.0598394139138598,-0.0351704413227826,0,0,1,1,1,0,1,0,0,0,0,0,0,0,0,0,"D",930,4117
-0.118858860176491,0.0958199087735652,1.05949993665297,0,0,1,1,1,0,1,0,0,0,0,0,0,0,0,0,"D",1560,4118
-0.121163300607917,0.0876066580023682,1.17836810637444,0,0,1,1,1,0,1,0,0,0,0,0,0,0,0,0,"D",1549,4119
-0.139512944632847,0.117769083962924,1.94426845977315,0,0,1,1,1,0,1,0,0,0,0,0,0,0,0,0,"D",3423,4120
-0.124230847681378,0.112847444009994,1.66817393863195,0,0,1,1,1,0,1,0,0,0,0,0,0,0,0,0,"D",3464,4121
-0.11996644930945,0.103899691551269,1.02582722754269,0,0,1,1,1,0,1,0,0,0,0,0,0,0,0,0,"D",1646,4122
-0.144459400068756,0.124385247557626,1.76739839389677,0,0,1,1,1,0,1,0,0,0,0,0,0,0,0,0,"D",2823,4123
-0.12116009394061,0.115630695527469,1.81669398665754,0,0,1,1,1,0,1,0,0,0,0,0,0,0,0,0,"D",2022,4124
-0.102964337402235,0.0547704545930485,0.670207233430158,0,0,1,1,1,0,1,0,0,0,0,0,0,0,0,0,"D",1255,4125
-0.126511274542981,0.100425802098239,1.37605290245792,0,0,1,1,1,0,1,0,0,0,0,0,0,0,0,0,"D",1691,4126
-0.126321503200343,0.0951052896480753,0.71552054514503,0,0,1,1,1,0,1,0,0,0,0,0,0,0,0,0,"D",3414,4127
-0.158360510941312,0.11917290067088,1.18909604263215,0,0,1,1,1,0,1,0,0,0,0,0,0,0,0,0,"D",1362,4128
-0.14101536684885,0.106959063832559,1.6941964646968,0,0,1,1,1,0,1,0,0,0,0,0,0,0,0,0,"D",2845,4129
-0.156885281594653,0.116396166429164,1.04558366082306,0,0,1,1,1,0,1,0,0,0,0,0,0,0,0,0,"D",2333,4130
-0.123626684483354,0.12314861508886,1.42662208101436,0,0,1,1,1,0,1,0,0,0,0,0,0,0,0,0,"D",2005,4131
-0.149199011120877,0.126541596848286,1.65129263754588,0,0,1,1,1,0,1,0,0,0,0,0,0,0,0,0,"D",2937,4132
-0.129929082484209,0.120398525941334,1.53896525201864,0,0,1,1,1,0,1,0,0,0,0,0,0,0,0,0,"D",1628,4133
-0.118558538440987,0.114575477736632,1.01134068674338,0,0,1,1,1,0,1,0,0,0,0,0,0,0,0,0,"D",3122,4134
-0.140841392918352,0.10198659938758,0.907962832282422,0,0,1,1,1,0,1,0,0,0,0,0,0,0,0,0,"D",666,4135
-0.102579064257704,0.092877982995471,1.05917928238903,0,0,1,1,1,0,1,0,0,0,0,0,0,0,0,0,"D",1125,4136
-0.0936504630221724,0.0926257863630943,1.4484295073625,0,0,1,1,1,0,1,0,0,0,0,0,0,0,0,0,"D",33,4137
-0.100455331449337,0.0944635054347104,0.782362049734252,0,0,1,1,1,0,1,0,0,0,0,0,0,0,0,0,"D",1671,4138
-0.10110521001409,0.0633100779423473,0.420257212629205,0,0,1,1,1,0,1,0,0,0,0,0,0,0,0,0,"D",2714,4139
-0.144061520537809,0.102508077516836,1.35436205468727,0,0,1,1,1,0,1,0,0,0,0,0,0,0,0,0,"D",946,4140
-0.135172311628792,0.113164320022088,1.06934205193664,0,0,1,1,1,0,1,0,0,0,0,0,0,0,0,0,"D",2718,4141
-0.125577220771616,0.0915362815463052,1.19748061046554,0,0,1,1,1,0,1,0,0,0,0,0,0,0,0,0,"D",2372,4142
-0.105008633398541,0.108368505974409,0.95736083458938,0,0,1,1,1,0,1,0,0,0,0,0,0,0,0,0,"D",1117,4143
-0.11662809077118,0.0952020435471234,2.12764363270647,0,0,1,1,1,0,1,0,0,0,0,0,0,0,0,0,"D",3186,4144
-0.120171577422564,0.100658743380946,2.32254640922788,0,0,1,1,1,0,1,0,0,0,0,0,0,0,0,0,"D",2648,4145
-0.146351996591243,0.112446758165289,1.35983398524641,0,0,1,1,1,0,1,0,0,0,0,0,0,0,0,0,"D",3379,4146
-0.111227078035709,0.0924945048611746,1.49967122049554,0,0,1,1,1,0,1,0,0,0,0,0,0,0,0,0,"D",2742,4147
-0.125457310156472,0.105585632614131,1.13500902249669,0,0,1,1,1,0,1,0,0,0,0,0,0,0,0,0,"D",2336,4148
-0.144946053742245,0.118735612351424,1.28806852225218,0,0,1,1,1,0,1,0,0,0,0,0,0,0,0,0,"D",267,4149
-0.118778127739157,0.0887100186565761,0.733921628611872,0,0,1,1,1,0,1,0,0,0,0,0,0,0,0,0,"D",1359,4150
-0.119280995759585,0.0643943124761569,0.636440956452806,0,0,1,1,1,0,1,0,0,0,0,0,0,0,0,0,"D",1441,4151
-0.127055138550119,0.116284014742527,1.42200087212709,0,0,1,1,1,0,1,0,0,0,0,0,0,0,0,0,"D",1962,4152
-0.150874870632322,0.101874693964167,1.91400383769418,0,0,1,1,1,0,1,0,0,0,0,0,0,0,0,0,"D",3717,4153
-0.117611616489686,0.105925641109055,1.34616456109576,0,0,1,1,1,0,1,0,0,0,0,0,0,0,0,0,"D",347,4154
-0.103419144817155,0.096078881636238,1.42044349785823,0,0,1,1,1,0,1,0,0,0,0,0,0,0,0,0,"D",2090,4155
-0.096251514202771,0.068765220742271,1.06485629545913,0,0,1,1,1,0,1,0,0,0,0,0,0,0,0,0,"D",3406,4156
-0.130625903177785,0.0863166235110249,0.875914440605566,0,0,1,1,1,0,1,0,0,0,0,0,0,0,0,0,"D",2061,4157
-0.107965343155388,0.0955783039035027,1.1654524279021,0,0,1,1,1,0,1,0,0,0,0,0,0,0,0,0,"D",3699,4158
-0.160879218934677,0.109940116274376,1.19967838655372,0,0,1,1,1,0,1,0,0,0,0,0,0,0,0,0,"D",1385,4159
-0.103980255205016,0.100085497402838,1.38227591187337,0,0,1,1,1,0,1,0,0,0,0,0,0,0,0,0,"D",729,4160
-0.118630710719738,0.0873186298485204,0.76879282704912,0,0,1,1,1,0,1,0,0,0,0,0,0,0,0,0,"D",712,4161
-0.126994595175489,0.0710050069012415,1.22919547816586,0,0,1,1,1,0,1,0,0,0,0,0,0,0,0,0,"D",656,4162
-0.112900648076795,0.0889374422396305,1.63087541991239,0,0,1,1,1,0,1,0,0,0,0,0,0,0,0,0,"D",1397,4163
-0.133124178468282,0.110967574196856,1.00709729296363,0,0,1,1,1,0,1,0,0,0,0,0,0,0,0,0,"D",2074,4164
-0.133211895665021,0.0746977446758023,1.40794131503772,0,0,1,1,1,0,1,0,0,0,0,0,0,0,0,0,"D",857,4165
-0.126759318086939,0.10235824954211,1.04224735041191,0,0,1,1,1,0,1,0,0,0,0,0,0,0,0,0,"D",2257,4166
-0.132944310964758,0.0974337279021352,2.02746241594118,0,0,1,1,1,0,1,0,0,0,0,0,0,0,0,0,"D",1072,4167
-0.0957501602075838,0.0932384701696591,1.60403002994555,0,0,1,1,1,0,1,0,0,0,0,0,0,0,0,0,"D",1687,4168
-0.131344436169983,0.101106840360388,1.55560895694245,0,0,1,1,1,0,1,0,0,0,0,0,0,0,0,0,"D",2575,4169
-0.142568230039982,0.124501365966725,1.52260816936277,0,0,1,1,1,0,1,0,0,0,0,0,0,0,0,0,"D",3006,4170
-0.134491638460729,0.121611106403737,1.49521417763029,0,0,1,1,1,0,1,0,0,0,0,0,0,0,0,0,"D",3732,4171
-0.150955631119936,0.122376590938164,2.19451637740415,0,0,1,1,1,0,1,0,0,0,0,0,0,0,0,0,"D",482,4172
-0.131616748764433,0.0951674351021483,0.624854461110398,0,0,1,1,1,0,1,0,0,0,0,0,0,0,0,0,"D",1341,4173
-0.115019962819185,0.0904653387367217,1.96952391202762,0,0,1,1,1,0,1,0,0,0,0,0,0,0,0,0,"D",3204,4174
-0.125600473842461,0.0996676706655351,1.85236715524641,0,0,1,1,1,0,1,0,0,0,0,0,0,0,0,0,"D",1763,4175
-0.0930715556155404,0.0902782742603042,0.659227254446416,0,0,1,1,1,0,1,0,0,0,0,0,0,0,0,0,"D",2318,4176
-0.118582576705587,0.0956185367924466,1.09589786051543,0,0,1,1,1,0,1,0,0,0,0,0,0,0,0,0,"D",1059,4177
-0.094821221116647,0.0831331269182614,0.594899927428174,0,0,1,1,1,0,1,0,0,0,0,0,0,0,0,0,"D",1290,4178
-0.0957049571864893,0.0967563491606461,0.761303003281591,0,0,1,1,1,0,1,0,0,0,0,0,0,0,0,0,"D",3146,4179
-0.122806575801804,0.087531725842902,1.1925467492587,0,0,1,1,1,0,1,0,0,0,0,0,0,0,0,0,"D",1594,4180
-0.102527821354766,0.0973218376680485,1.03702678077799,0,0,1,1,1,0,1,0,0,0,0,0,0,0,0,0,"D",2727,4181
-0.11791703124537,0.095354273087354,1.03634449332318,0,0,1,1,1,0,1,0,0,0,0,0,0,0,0,0,"D",2960,4182
-0.11634962516582,0.104632998267315,0.719791531355266,0,0,1,1,1,0,1,0,0,0,0,0,0,0,0,0,"D",3738,4183
-0.0863217436913272,0.0867606241581322,0.940581094098403,0,0,1,1,1,0,1,0,0,0,0,0,0,0,0,0,"D",1567,4184
-0.116575549697458,0.093320466745424,1.52847459713774,0,0,1,1,1,0,1,0,0,0,0,0,0,0,0,0,"D",1930,4185
-0.125924833386604,0.10905860725846,1.83350714060642,0,0,1,1,1,0,1,0,0,0,0,0,0,0,0,0,"D",3714,4186
-0.125692125613742,0.0866545874044201,1.01989241680262,0,0,1,1,1,0,1,0,0,0,0,0,0,0,0,0,"D",435,4187
-0.141236263128315,0.0923713677318764,0.939590405763637,0,0,1,1,1,0,1,0,0,0,0,0,0,0,0,0,"D",1461,4188
-0.113802009744435,0.0933913730545729,0.843472607126048,0,0,1,1,1,0,1,0,0,0,0,0,0,0,0,0,"D",2661,4189
-0.125959586055126,0.118191944285754,2.08363128328351,0,0,1,1,1,0,1,0,0,0,0,0,0,0,0,0,"D",1967,4190
-0.128334042679634,0.094200550977496,1.4275998468725,0,0,1,1,1,0,1,0,0,0,0,0,0,0,0,0,"D",2087,4191
-0.118069466358059,0.0877844663399215,1.55162526974312,0,0,1,1,1,0,1,0,0,0,0,0,0,0,0,0,"D",2137,4192
-0.106519952357498,0.123489494743111,1.49643053080304,0,0,1,1,1,0,1,0,0,0,0,0,0,0,0,0,"D",2578,4193
-0.139734196601792,0.101173947312342,1.4804415313241,0,0,1,1,1,0,1,0,0,0,0,0,0,0,0,0,"D",899,4194
-0.133344466428495,0.113226805965274,1.4578489712608,0,0,1,1,1,0,1,0,0,0,0,0,0,0,0,0,"D",3030,4195
-0.165374899776282,0.107340843538171,1.17110881048347,0,0,1,1,1,0,1,0,0,0,0,0,0,0,0,0,"D",2602,4196
-0.124073055932237,0.10640401340919,1.2816318037696,0,0,1,1,1,0,1,0,0,0,0,0,0,0,0,0,"D",394,4197
-0.126598357316735,0.109631447807039,1.2558536880148,0,0,1,1,1,0,1,0,0,0,0,0,0,0,0,0,"D",3326,4198
-0.123708217162878,0.107390155067523,1.29907203249472,0,0,1,1,1,0,1,0,0,0,0,0,0,0,0,0,"D",2240,4199
-0.113591439929775,0.0911201651197091,0.641604316759411,0,0,1,1,0,0,1,0,1,0,0,0,0,0,0,0,"C",491,4200
-0.16919317857717,0.0822443433004868,0.315923761780995,0,0,1,1,0,0,1,0,1,0,0,0,0,0,0,0,"C",3721,4201
-0.131702985348751,0.0894368131932021,-0.0216340990023898,0,0,1,1,0,0,1,0,1,0,0,0,0,0,0,0,"C",3402,4202
-0.0948029739117297,0.0497576822024346,0.669312505258486,0,0,1,1,0,0,1,0,1,0,0,0,0,0,0,0,"C",368,4203
-0.129721509915143,0.0790238408366555,0.752303883009091,0,0,1,1,0,0,1,0,1,0,0,0,0,0,0,0,"C",1484,4204
-0.154939657955528,0.103948045696714,0.749817491264929,0,0,1,1,0,0,1,0,1,0,0,0,0,0,0,0,"C",2487,4205
-0.131648338128516,0.111124415099539,0.613594156382075,0,0,1,1,0,0,1,0,1,0,0,0,0,0,0,0,"C",1608,4206
-0.139964555064487,0.0778845978966066,0.806718530808055,0,0,1,1,0,0,1,0,1,0,0,0,0,0,0,0,"C",1462,4207
-0.135401744409486,0.0895617045761598,0.709218326640298,0,0,1,1,0,0,1,0,1,0,0,0,0,0,0,0,"C",3495,4208
-0.138206761753765,0.0994961291453788,0.669403120701477,0,0,1,1,0,0,1,0,1,0,0,0,0,0,0,0,"C",3583,4209
-0.152814303514829,0.112107037257781,0.735800222383946,0,0,1,1,0,0,1,0,1,0,0,0,0,0,0,0,"C",1747,4210
-0.145274027669717,0.107057064261781,0.468122614286959,0,0,1,1,0,0,1,0,1,0,0,0,0,0,0,0,"C",344,4211
-0.13932537312433,0.0795840933454904,0.37437814478347,0,0,1,1,0,0,1,0,1,0,0,0,0,0,0,0,"C",3343,4212
-0.132032550469529,0.0730013342448711,0.497913963442315,0,0,1,1,0,0,1,0,1,0,0,0,0,0,0,0,"C",2191,4213
-0.116358866129365,0.0964583789476994,1.25943312456533,0,0,1,1,0,0,1,0,1,0,0,0,0,0,0,0,"C",2986,4214
-0.133635907173127,0.0747709329027795,0.397269127995481,0,0,1,1,0,0,1,0,1,0,0,0,0,0,0,0,"C",3527,4215
-0.118471498873152,0.0789344638886781,0.909533013754118,0,0,1,1,0,0,1,0,1,0,0,0,0,0,0,0,"C",3748,4216
-0.134507866506439,0.0765106998983316,0.493204826773556,0,0,1,1,0,0,1,0,1,0,0,0,0,0,0,0,"C",930,4217
-0.120606692539762,0.0545278096089002,0.40842705111295,0,0,1,1,0,0,1,0,1,0,0,0,0,0,0,0,"C",1560,4218
-0.104250936913937,0.0241522371033784,0.352665721321675,0,0,1,1,0,0,1,0,1,0,0,0,0,0,0,0,"C",1549,4219
-0.176958412191564,0.12388591847496,0.438437604153935,0,0,1,1,0,0,1,0,1,0,0,0,0,0,0,0,"C",3423,4220
-0.112275514220306,0.074796563130687,0.720031317374723,0,0,1,1,0,0,1,0,1,0,0,0,0,0,0,0,"C",3464,4221
-0.135620307801853,0.0883433336792061,0.146800432698414,0,0,1,1,0,0,1,0,1,0,0,0,0,0,0,0,"C",1646,4222
-0.114814509138049,0.0797271443646675,0.25176743679261,0,0,1,1,0,0,1,0,1,0,0,0,0,0,0,0,"C",2823,4223
-0.126612256691254,0.0723313920053567,0.415159202893826,0,0,1,1,0,0,1,0,1,0,0,0,0,0,0,0,"C",2022,4224
-0.144476215535242,0.0737806444331485,0.608006205614242,0,0,1,1,0,0,1,0,1,0,0,0,0,0,0,0,"C",1255,4225
-0.17111828841624,0.132997134034073,0.369425980549751,0,0,1,1,0,0,1,0,1,0,0,0,0,0,0,0,"C",1691,4226
-0.179807705631338,0.0942984555289118,0.434570671255629,0,0,1,1,0,0,1,0,1,0,0,0,0,0,0,0,"C",3414,4227
-0.141275871894815,0.105234691428211,0.981142615556628,0,0,1,1,0,0,1,0,1,0,0,0,0,0,0,0,"C",1362,4228
-0.130756180272658,0.0754651373740659,0.246613349492339,0,0,1,1,0,0,1,0,1,0,0,0,0,0,0,0,"C",2845,4229
-0.13353573750222,0.0913499875909763,0.364015393299914,0,0,1,1,0,0,1,0,1,0,0,0,0,0,0,0,"C",2333,4230
-0.126947496775967,0.0716705807544271,0.556336596753247,0,0,1,1,0,0,1,0,1,0,0,0,0,0,0,0,"C",2005,4231
-0.0851477785431493,0.0326751722469975,0.94660453067399,0,0,1,1,0,0,1,0,1,0,0,0,0,0,0,0,"C",2937,4232
-0.164188622572372,0.1087131070303,0.519693318187147,0,0,1,1,0,0,1,0,1,0,0,0,0,0,0,0,"C",1628,4233
-0.125540321151878,0.0487797003795268,0.261259913126974,0,0,1,1,0,0,1,0,1,0,0,0,0,0,0,0,"C",3122,4234
-0.144993713373723,0.11878343191508,0.746358925903688,0,0,1,1,0,0,1,0,1,0,0,0,0,0,0,0,"C",666,4235
-0.127764960192981,0.0683829259793199,0.66887767056507,0,0,1,1,0,0,1,0,1,0,0,0,0,0,0,0,"C",1125,4236
-0.139783833865241,0.0834269705232249,0.246307406549398,0,0,1,1,0,0,1,0,1,0,0,0,0,0,0,0,"C",33,4237
-0.135468695127138,0.0753761849570018,-0.499993621102198,0,0,1,1,0,0,1,0,1,0,0,0,0,0,0,0,"C",1671,4238
-0.129203119590801,0.0893837632005443,0.415531837791088,0,0,1,1,0,0,1,0,1,0,0,0,0,0,0,0,"C",2714,4239
-0.0960572221327062,0.0312439278719177,0.29454381834022,0,0,1,1,0,0,1,0,1,0,0,0,0,0,0,0,"C",946,4240
-0.0998282032980522,0.0652218689355635,1.42650240371634,0,0,1,1,0,0,1,0,1,0,0,0,0,0,0,0,"C",2718,4241
-0.134291690578238,0.0990157215652383,0.212089953979297,0,0,1,1,0,0,1,0,1,0,0,0,0,0,0,0,"C",2372,4242
-0.148279466589391,0.075882942011959,-0.237204904322329,0,0,1,1,0,0,1,0,1,0,0,0,0,0,0,0,"C",1117,4243
-0.111238998801405,0.0776925997198312,0.521676818570316,0,0,1,1,0,0,1,0,1,0,0,0,0,0,0,0,"C",3186,4244
-0.104498340965313,0.0639349037534525,0.0110411661423916,0,0,1,1,0,0,1,0,1,0,0,0,0,0,0,0,"C",2648,4245
-0.105562719191783,0.059654795658213,0.290769847882789,0,0,1,1,0,0,1,0,1,0,0,0,0,0,0,0,"C",3379,4246
-0.10041947214161,0.0704825798342148,0.66548577978499,0,0,1,1,0,0,1,0,1,0,0,0,0,0,0,0,"C",2742,4247
-0.154330637146581,0.100300078763021,0.83350211969464,0,0,1,1,0,0,1,0,1,0,0,0,0,0,0,0,"C",2336,4248
-0.146486478793138,0.104486581515517,0.789087949357076,0,0,1,1,0,0,1,0,1,0,0,0,0,0,0,0,"C",267,4249
-0.13611147112333,0.0906783195262609,0.643861866932564,0,0,1,1,0,0,1,0,1,0,0,0,0,0,0,0,"C",1359,4250
-0.133332235548529,0.102664503768098,0.590135213884367,0,0,1,1,0,0,1,0,1,0,0,0,0,0,0,0,"C",1441,4251
-0.0824070030004182,0.0483341330844948,-0.395664094417183,0,0,1,1,0,0,1,0,1,0,0,0,0,0,0,0,"C",1962,4252
-0.12053103950288,0.0812679709257957,0.481259826277012,0,0,1,1,0,0,1,0,1,0,0,0,0,0,0,0,"C",3717,4253
-0.149659222893548,0.091691990400412,0.816338917125695,0,0,1,1,0,0,1,0,1,0,0,0,0,0,0,0,"C",347,4254
-0.134769984607537,0.104737264236907,0.750443734175082,0,0,1,1,0,0,1,0,1,0,0,0,0,0,0,0,"C",2090,4255
-0.142676418456765,0.107560566879086,0.524107402383901,0,0,1,1,0,0,1,0,1,0,0,0,0,0,0,0,"C",3406,4256
-0.129349962284721,0.098122274999868,0.316296993909413,0,0,1,1,0,0,1,0,1,0,0,0,0,0,0,0,"C",2061,4257
-0.134076958206366,0.0910212373324571,0.683950545005447,0,0,1,1,0,0,1,0,1,0,0,0,0,0,0,0,"C",3699,4258
-0.111540846198936,0.0780858471230821,1.07292828079933,0,0,1,1,0,0,1,0,1,0,0,0,0,0,0,0,"C",1385,4259
-0.138210358132315,0.0757429501658994,0.98882176108023,0,0,1,1,0,0,1,0,1,0,0,0,0,0,0,0,"C",729,4260
-0.122459544285366,0.0852231691644368,0.923329201059299,0,0,1,1,0,0,1,0,1,0,0,0,0,0,0,0,"C",712,4261
-0.131007670425093,0.0632514155457103,0.745956457528691,0,0,1,1,0,0,1,0,1,0,0,0,0,0,0,0,"C",656,4262
-0.122890387159998,0.0822562557859301,0.99804681786236,0,0,1,1,0,0,1,0,1,0,0,0,0,0,0,0,"C",1397,4263
-0.127999774183643,0.056928250439344,0.439219036394982,0,0,1,1,0,0,1,0,1,0,0,0,0,0,0,0,"C",2074,4264
-0.113485567681976,0.0998447141630276,1.32050971575496,0,0,1,1,0,0,1,0,1,0,0,0,0,0,0,0,"C",857,4265
-0.142282581837646,0.0764058571750988,0.633751281083941,0,0,1,1,0,0,1,0,1,0,0,0,0,0,0,0,"C",2257,4266
-0.161540351890087,0.131049987526195,1.12556873188253,0,0,1,1,0,0,1,0,1,0,0,0,0,0,0,0,"C",1072,4267
-0.131342487478867,0.107760240853302,0.873919183530413,0,0,1,1,0,0,1,0,1,0,0,0,0,0,0,0,"C",1687,4268
-0.158217356884898,0.0789919784174968,0.378420971994176,0,0,1,1,0,0,1,0,1,0,0,0,0,0,0,0,"C",2575,4269
-0.107008849154255,0.0856531820387397,0.680820521999333,0,0,1,1,0,0,1,0,1,0,0,0,0,0,0,0,"C",3006,4270
-0.139772924191775,0.080720079177442,0.521378861309154,0,0,1,1,0,0,1,0,1,0,0,0,0,0,0,0,"C",3732,4271
-0.114864388819474,0.0713851212674992,-0.171406292254026,0,0,1,1,0,0,1,0,1,0,0,0,0,0,0,0,"C",482,4272
-0.0912617570334181,0.0669454165559039,0.804280026664645,0,0,1,1,0,0,1,0,1,0,0,0,0,0,0,0,"C",1341,4273
-0.138702771431582,0.0883326210975322,0.477102157623137,0,0,1,1,0,0,1,0,1,0,0,0,0,0,0,0,"C",3204,4274
-0.114653861424397,0.0704859521293588,0.207201235167175,0,0,1,1,0,0,1,0,1,0,0,0,0,0,0,0,"C",1763,4275
-0.173086965386263,0.118334269681872,0.725899435381087,0,0,1,1,0,0,1,0,1,0,0,0,0,0,0,0,"C",2318,4276
-0.141115147303368,0.0734312834728352,1.16437271243426,0,0,1,1,0,0,1,0,1,0,0,0,0,0,0,0,"C",1059,4277
-0.129371204622483,0.103226640688378,0.606517899446466,0,0,1,1,0,0,1,0,1,0,0,0,0,0,0,0,"C",1290,4278
-0.16490868272431,0.114183383551248,0.809080494957855,0,0,1,1,0,0,1,0,1,0,0,0,0,0,0,0,"C",3146,4279
-0.102962714885501,0.0731830623007326,1.50309766224033,0,0,1,1,0,0,1,0,1,0,0,0,0,0,0,0,"C",1594,4280
-0.14044098666798,0.110002098289284,0.943475647579976,0,0,1,1,0,0,1,0,1,0,0,0,0,0,0,0,"C",2727,4281
-0.143127405777209,0.0807854347343847,0.249943004775742,0,0,1,1,0,0,1,0,1,0,0,0,0,0,0,0,"C",2960,4282
-0.113813891414538,0.0734732836456049,1.08191237150368,0,0,1,1,0,0,1,0,1,0,0,0,0,0,0,0,"C",3738,4283
-0.16283434375213,0.086690957107078,0.306042622248167,0,0,1,1,0,0,1,0,1,0,0,0,0,0,0,0,"C",1567,4284
-0.09575322322552,0.0563194179539394,1.68533345753899,0,0,1,1,0,0,1,0,1,0,0,0,0,0,0,0,"C",1930,4285
-0.114734316846272,0.0774585016170577,0.656775022240636,0,0,1,1,0,0,1,0,1,0,0,0,0,0,0,0,"C",3714,4286
-0.136467330515689,0.0872135055711049,0.846138857437287,0,0,1,1,0,0,1,0,1,0,0,0,0,0,0,0,"C",435,4287
-0.168438228032231,0.104819810833385,0.201067490544245,0,0,1,1,0,0,1,0,1,0,0,0,0,0,0,0,"C",1461,4288
-0.12843402898724,0.0614511577544064,0.266986256254782,0,0,1,1,0,0,1,0,1,0,0,0,0,0,0,0,"C",2661,4289
-0.131275327493951,0.0925481836963946,1.18672096216479,0,0,1,1,0,0,1,0,1,0,0,0,0,0,0,0,"C",1967,4290
-0.160313023534397,0.0703228680347185,-0.210184043441073,0,0,1,1,0,0,1,0,1,0,0,0,0,0,0,0,"C",2087,4291
-0.149968311693215,0.105853928937483,1.0795198764381,0,0,1,1,0,0,1,0,1,0,0,0,0,0,0,0,"C",2137,4292
-0.122872966981338,0.0883348538027385,1.02815396587073,0,0,1,1,0,0,1,0,1,0,0,0,0,0,0,0,"C",2578,4293
-0.15282025204517,0.0935917400172969,0.829087736691319,0,0,1,1,0,0,1,0,1,0,0,0,0,0,0,0,"C",899,4294
-0.107138026939463,0.0887354913670955,1.38526395530715,0,0,1,1,0,0,1,0,1,0,0,0,0,0,0,0,"C",3030,4295
-0.161188282646879,0.0855113954318598,0.0607194289054658,0,0,1,1,0,0,1,0,1,0,0,0,0,0,0,0,"C",2602,4296
-0.120170880730324,0.0863874217579351,0.626019759258353,0,0,1,1,0,0,1,0,1,0,0,0,0,0,0,0,"C",394,4297
-0.128616480883573,0.0720202442500451,1.00979583376298,0,0,1,1,0,0,1,0,1,0,0,0,0,0,0,0,"C",3326,4298
-0.157109274753508,0.0850351139516706,0.725781215289874,0,0,1,1,0,0,1,0,1,0,0,0,0,0,0,0,"C",2240,4299
-0.0707792617129265,0.0288087942447797,0.598525385734759,0,0,1,1,0,0,1,0,1,0,0,0,0,0,0,0,"D",491,4300
-0.142532551563784,0.058663467241172,1.30157666793803,0,0,1,1,0,0,1,0,1,0,0,0,0,0,0,0,"D",3721,4301
-0.140759612270566,0.0762230853501293,0.939744815456642,0,0,1,1,0,0,1,0,1,0,0,0,0,0,0,0,"D",3402,4302
-0.14320522729759,0.0658952776682961,0.894597157805262,0,0,1,1,0,0,1,0,1,0,0,0,0,0,0,0,"D",368,4303
-0.126077921072361,0.0910264262913561,1.41449716065548,0,0,1,1,0,0,1,0,1,0,0,0,0,0,0,0,"D",1484,4304
-0.137371368196697,0.0491403196798075,0.780078356916064,0,0,1,1,0,0,1,0,1,0,0,0,0,0,0,0,"D",2487,4305
-0.126477326019391,0.0616205372999351,1.09380444864421,0,0,1,1,0,0,1,0,1,0,0,0,0,0,0,0,"D",1608,4306
-0.121253808284647,0.0583890515287376,0.612893096742425,0,0,1,1,0,0,1,0,1,0,0,0,0,0,0,0,"D",1462,4307
-0.142162346428558,0.101279909457934,1.59159800757231,0,0,1,1,0,0,1,0,1,0,0,0,0,0,0,0,"D",3495,4308
-0.102530513185501,0.0603659602565598,-0.106637083423927,0,0,1,1,0,0,1,0,1,0,0,0,0,0,0,0,"D",3583,4309
-0.147514167281624,0.0804756996460621,1.39965013775906,0,0,1,1,0,0,1,0,1,0,0,0,0,0,0,0,"D",1747,4310
-0.125614202518783,0.0530100537493648,0.996879571634272,0,0,1,1,0,0,1,0,1,0,0,0,0,0,0,0,"D",344,4311
-0.126622457924854,0.0823620227379972,1.89463258122604,0,0,1,1,0,0,1,0,1,0,0,0,0,0,0,0,"D",3343,4312
-0.131742189657918,0.0801892504231496,1.59326689114151,0,0,1,1,0,0,1,0,1,0,0,0,0,0,0,0,"D",2191,4313
-0.123770490718256,0.0689132779242359,1.12168984058203,0,0,1,1,0,0,1,0,1,0,0,0,0,0,0,0,"D",2986,4314
-0.152844767724892,0.0702100579187479,1.43191174765924,0,0,1,1,0,0,1,0,1,0,0,0,0,0,0,0,"D",3527,4315
-0.11499793906173,0.0421456723016911,1.27533153602964,0,0,1,1,0,0,1,0,1,0,0,0,0,0,0,0,"D",3748,4316
-0.132166978538381,0.0442271209040877,0.115446495566557,0,0,1,1,0,0,1,0,1,0,0,0,0,0,0,0,"D",930,4317
-0.136382698807555,0.0603262841965771,0.659031576496103,0,0,1,1,0,0,1,0,1,0,0,0,0,0,0,0,"D",1560,4318
-0.118398120035256,0.0427471502578487,0.701296771631673,0,0,1,1,0,0,1,0,1,0,0,0,0,0,0,0,"D",1549,4319
-0.122770765739544,0.0588148309916851,1.76278206075076,0,0,1,1,0,0,1,0,1,0,0,0,0,0,0,0,"D",3423,4320
-0.123449146252149,0.0685565434430729,0.581476645124978,0,0,1,1,0,0,1,0,1,0,0,0,0,0,0,0,"D",3464,4321
-0.103382086781318,0.0434630250294084,1.44541026832278,0,0,1,1,0,0,1,0,1,0,0,0,0,0,0,0,"D",1646,4322
-0.147429236989154,0.102704105859126,1.20579101326403,0,0,1,1,0,0,1,0,1,0,0,0,0,0,0,0,"D",2823,4323
-0.130840467772036,0.079066748355718,1.57290231560531,0,0,1,1,0,0,1,0,1,0,0,0,0,0,0,0,"D",2022,4324
-0.138163011249631,0.0374616577096855,0.74756752536235,0,0,1,1,0,0,1,0,1,0,0,0,0,0,0,0,"D",1255,4325
-0.120046592569518,0.0508034631799091,1.0457907317203,0,0,1,1,0,0,1,0,1,0,0,0,0,0,0,0,"D",1691,4326
-0.127296990019254,0.077002719810831,1.3046607416512,0,0,1,1,0,0,1,0,1,0,0,0,0,0,0,0,"D",3414,4327
-0.147139508784804,0.0903412333092964,1.92525277356564,0,0,1,1,0,0,1,0,1,0,0,0,0,0,0,0,"D",1362,4328
-0.131958171336837,0.0572715101472069,0.499100566991347,0,0,1,1,0,0,1,0,1,0,0,0,0,0,0,0,"D",2845,4329
-0.155919482137361,0.0795865325232973,1.16042310102499,0,0,1,1,0,0,1,0,1,0,0,0,0,0,0,0,"D",2333,4330
-0.116078384378917,0.0608693112499248,1.89634423622788,0,0,1,1,0,0,1,0,1,0,0,0,0,0,0,0,"D",2005,4331
-0.150609164760274,0.112634679419323,2.01125725049669,0,0,1,1,0,0,1,0,1,0,0,0,0,0,0,0,"D",2937,4332
-0.132402698544099,0.0673384392007429,1.53592848295159,0,0,1,1,0,0,1,0,1,0,0,0,0,0,0,0,"D",1628,4333
-0.114416005943595,0.0475084879995204,1.45637897379063,0,0,1,1,0,0,1,0,1,0,0,0,0,0,0,0,"D",3122,4334
-0.128955647942137,0.0727876562614464,1.75456815689806,0,0,1,1,0,0,1,0,1,0,0,0,0,0,0,0,"D",666,4335
-0.108880663383593,0.0741529988399873,1.19483278670514,0,0,1,1,0,0,1,0,1,0,0,0,0,0,0,0,"D",1125,4336
-0.0964833655545823,0.04803953952507,1.21525148588007,0,0,1,1,0,0,1,0,1,0,0,0,0,0,0,0,"D",33,4337
-0.140690823301666,0.0740652536450659,1.0784473121973,0,0,1,1,0,0,1,0,1,0,0,0,0,0,0,0,"D",1671,4338
-0.137420815885598,0.0708641927393472,1.56547910693289,0,0,1,1,0,0,1,0,1,0,0,0,0,0,0,0,"D",2714,4339
-0.113393979408925,0.0735259694585008,1.90430626416307,0,0,1,1,0,0,1,0,1,0,0,0,0,0,0,0,"D",946,4340
-0.142276446887288,0.0598954469079547,1.74936504597918,0,0,1,1,0,0,1,0,1,0,0,0,0,0,0,0,"D",2718,4341
-0.151494030322012,0.0674559266371453,2.32469353482225,0,0,1,1,0,0,1,0,1,0,0,0,0,0,0,0,"D",2372,4342
-0.158543244911045,0.069063936801794,1.54763333159449,0,0,1,1,0,0,1,0,1,0,0,0,0,0,0,0,"D",1117,4343
-0.144734217555122,0.0788095621624109,2.0237464238795,0,0,1,1,0,0,1,0,1,0,0,0,0,0,0,0,"D",3186,4344
-0.123193158339914,0.0578775784306012,1.413191128646,0,0,1,1,0,0,1,0,1,0,0,0,0,0,0,0,"D",2648,4345
-0.143894987059421,0.0824591493643678,1.94810237944414,0,0,1,1,0,0,1,0,1,0,0,0,0,0,0,0,"D",3379,4346
-0.144552398584622,0.0725912579549358,1.89516551955629,0,0,1,1,0,0,1,0,1,0,0,0,0,0,0,0,"D",2742,4347
-0.120304430037314,0.0511817524769127,2.16452845640936,0,0,1,1,0,0,1,0,1,0,0,0,0,0,0,0,"D",2336,4348
-0.137003709456613,0.0693655996897672,1.19023842166178,0,0,1,1,0,0,1,0,1,0,0,0,0,0,0,0,"D",267,4349
-0.147573849244963,0.0858302104300063,2.20907634553646,0,0,1,1,0,0,1,0,1,0,0,0,0,0,0,0,"D",1359,4350
-0.15647161485544,0.063225614618341,0.706471147471453,0,0,1,1,0,0,1,0,1,0,0,0,0,0,0,0,"D",1441,4351
-0.140297762845097,0.0861115132087129,2.29405474544703,0,0,1,1,0,0,1,0,1,0,0,0,0,0,0,0,"D",1962,4352
-0.1293537187256,0.0465255202766337,1.42935594439277,0,0,1,1,0,0,1,0,1,0,0,0,0,0,0,0,"D",3717,4353
-0.12152544738675,0.0492471373679007,1.66833667616674,0,0,1,1,0,0,1,0,1,0,0,0,0,0,0,0,"D",347,4354
-0.14480657224574,0.05822619238177,0.999678944711026,0,0,1,1,0,0,1,0,1,0,0,0,0,0,0,0,"D",2090,4355
-0.0885809628028313,0.0367616644883011,0.570008350250333,0,0,1,1,0,0,1,0,1,0,0,0,0,0,0,0,"D",3406,4356
-0.0934558243355647,0.0310441821895036,-0.421917000018078,0,0,1,1,0,0,1,0,1,0,0,0,0,0,0,0,"D",2061,4357
-0.108447884565432,0.0424440868468684,1.81880179831562,0,0,1,1,0,0,1,0,1,0,0,0,0,0,0,0,"D",3699,4358
-0.131076475216823,0.0637783627990058,2.04691321113424,0,0,1,1,0,0,1,0,1,0,0,0,0,0,0,0,"D",1385,4359
-0.116747654643812,0.0455803637989426,0.472423752528301,0,0,1,1,0,0,1,0,1,0,0,0,0,0,0,0,"D",729,4360
-0.120138083339612,0.058442342517108,1.68669743117347,0,0,1,1,0,0,1,0,1,0,0,0,0,0,0,0,"D",712,4361
-0.161083096862738,0.067965090780582,2.33627293274784,0,0,1,1,0,0,1,0,1,0,0,0,0,0,0,0,"D",656,4362
-0.122506414382391,0.030698106907006,0.608112931513284,0,0,1,1,0,0,1,0,1,0,0,0,0,0,0,0,"D",1397,4363
-0.1106733709492,0.08005709415852,1.64332063199127,0,0,1,1,0,0,1,0,1,0,0,0,0,0,0,0,"D",2074,4364
-0.131069340847468,0.0573254974194591,0.837930158349734,0,0,1,1,0,0,1,0,1,0,0,0,0,0,0,0,"D",857,4365
-0.141497392385042,0.0579901944384051,1.91952140901644,0,0,1,1,0,0,1,0,1,0,0,0,0,0,0,0,"D",2257,4366
-0.101017033367063,0.0382467422731859,1.36989281464071,0,0,1,1,0,0,1,0,1,0,0,0,0,0,0,0,"D",1072,4367
-0.134527062973428,0.0728239783494799,0.488630371984948,0,0,1,1,0,0,1,0,1,0,0,0,0,0,0,0,"D",1687,4368
-0.132777125999384,0.0560896114058471,2.03440670091448,0,0,1,1,0,0,1,0,1,0,0,0,0,0,0,0,"D",2575,4369
-0.109143305794168,0.0512123271117927,0.964898547812968,0,0,1,1,0,0,1,0,1,0,0,0,0,0,0,0,"D",3006,4370
-0.161878644803001,0.0828443725183992,1.54542456717675,0,0,1,1,0,0,1,0,1,0,0,0,0,0,0,0,"D",3732,4371
-0.1371813907042,0.0488770059719261,2.0409341966011,0,0,1,1,0,0,1,0,1,0,0,0,0,0,0,0,"D",482,4372
-0.133691930621052,0.0745707781113782,1.41342211005131,0,0,1,1,0,0,1,0,1,0,0,0,0,0,0,0,"D",1341,4373
-0.117188270407618,0.0830532592315653,0.889006658604973,0,0,1,1,0,0,1,0,1,0,0,0,0,0,0,0,"D",3204,4374
-0.103649116097641,0.0258917836763681,0.356022854119221,0,0,1,1,0,0,1,0,1,0,0,0,0,0,0,0,"D",1763,4375
-0.123377465126932,0.0829295889611617,1.59590399322054,0,0,1,1,0,0,1,0,1,0,0,0,0,0,0,0,"D",2318,4376
-0.113263150671176,0.0448837537936515,1.22387643012424,0,0,1,1,0,0,1,0,1,0,0,0,0,0,0,0,"D",1059,4377
-0.0705273333406197,0.0242918996015556,-0.310709378340214,0,0,1,1,0,0,1,0,1,0,0,0,0,0,0,0,"D",1290,4378
-0.153708530307222,0.0769289484376997,1.77203429356099,0,0,1,1,0,0,1,0,1,0,0,0,0,0,0,0,"D",3146,4379
-0.150100775032955,0.06571074996734,1.26983026772003,0,0,1,1,0,0,1,0,1,0,0,0,0,0,0,0,"D",1594,4380
-0.166289989445287,0.104415022242327,1.78953864150101,0,0,1,1,0,0,1,0,1,0,0,0,0,0,0,0,"D",2727,4381
-0.131205263222468,0.0730878873884356,1.83486235920172,0,0,1,1,0,0,1,0,1,0,0,0,0,0,0,0,"D",2960,4382
-0.150271967977757,0.0667936122162668,1.18557158124339,0,0,1,1,0,0,1,0,1,0,0,0,0,0,0,0,"D",3738,4383
-0.0990129962226112,0.0487109879727863,0.644316733388454,0,0,1,1,0,0,1,0,1,0,0,0,0,0,0,0,"D",1567,4384
-0.109794102968693,0.0480403356195683,0.521482976398348,0,0,1,1,0,0,1,0,1,0,0,0,0,0,0,0,"D",1930,4385
-0.0842216473393924,0.0364311025746138,0.018813740122668,0,0,1,1,0,0,1,0,1,0,0,0,0,0,0,0,"D",3714,4386
-0.156361190763524,0.04679124841323,0.842312325982766,0,0,1,1,0,0,1,0,1,0,0,0,0,0,0,0,"D",435,4387
-0.135810706182953,0.059325026591399,2.0912564676859,0,0,1,1,0,0,1,0,1,0,0,0,0,0,0,0,"D",1461,4388
-0.114407078691889,0.0719852005700204,1.43336587229385,0,0,1,1,0,0,1,0,1,0,0,0,0,0,0,0,"D",2661,4389
-0.106015882022294,0.0369995686060427,0.529349772021368,0,0,1,1,0,0,1,0,1,0,0,0,0,0,0,0,"D",1967,4390
-0.167213363155133,0.0925741909636732,1.36263503288625,0,0,1,1,0,0,1,0,1,0,0,0,0,0,0,0,"D",2087,4391
-0.131722507045593,0.0822584433439765,1.41952366798863,0,0,1,1,0,0,1,0,1,0,0,0,0,0,0,0,"D",2137,4392
-0.117924541099524,0.0513928146642059,1.06382727301261,0,0,1,1,0,0,1,0,1,0,0,0,0,0,0,0,"D",2578,4393
-0.119365360569967,0.0231729342417612,1.29436006425399,0,0,1,1,0,0,1,0,1,0,0,0,0,0,0,0,"D",899,4394
-0.134866134388458,0.0555195960613585,1.25649595418095,0,0,1,1,0,0,1,0,1,0,0,0,0,0,0,0,"D",3030,4395
-0.183090984397718,0.080337456364347,2.16427171393979,0,0,1,1,0,0,1,0,1,0,0,0,0,0,0,0,"D",2602,4396
-0.118975334332915,0.0550855388647361,2.01536171834844,0,0,1,1,0,0,1,0,1,0,0,0,0,0,0,0,"D",394,4397
-0.126443062412298,0.032943183370648,-0.57975617322027,0,0,1,1,0,0,1,0,1,0,0,0,0,0,0,0,"D",3326,4398
-0.112419500045396,0.0694516569541487,2.00101801377684,0,0,1,1,0,0,1,0,1,0,0,0,0,0,0,0,"D",2240,4399
-0.164505477105227,0.133584016133008,0.715902788092967,0,0,1,1,0,0,1,0,0,1,0,0,0,0,0,0,"C",491,4400
-0.141838841589402,0.0392160282252175,-0.0417665772871148,0,0,1,1,0,0,1,0,0,1,0,0,0,0,0,0,"C",3721,4401
-0.129484105322714,0.13046657255176,0.386593649658901,0,0,1,1,0,0,1,0,0,1,0,0,0,0,0,0,"C",3402,4402
-0.171550618280214,0.130504677389597,0.610664523005827,0,0,1,1,0,0,1,0,0,1,0,0,0,0,0,0,"C",368,4403
-0.159527038281495,0.0949789031441415,0.979641455748409,0,0,1,1,0,0,1,0,0,1,0,0,0,0,0,0,"C",1484,4404
-0.0919270735886048,0.0646300866816596,-0.126389207720712,0,0,1,1,0,0,1,0,0,1,0,0,0,0,0,0,"C",2487,4405
-0.120860488331413,0.117358126004482,0.42117665673663,0,0,1,1,0,0,1,0,0,1,0,0,0,0,0,0,"C",1608,4406
-0.138307292941978,0.130675782567955,1.85862525745741,0,0,1,1,0,0,1,0,0,1,0,0,0,0,0,0,"C",1462,4407
-0.237497358784192,0.174792912358177,-1.74775137473589,0,0,1,1,0,0,1,0,0,1,0,0,0,0,0,0,"C",3495,4408
-0.144268760582847,0.12338494793696,2.26757788392966,0,0,1,1,0,0,1,0,0,1,0,0,0,0,0,0,"C",3583,4409
-0.112680416868056,0.0445564335857508,0.0325730203918863,0,0,1,1,0,0,1,0,0,1,0,0,0,0,0,0,"C",1747,4410
-0.201707953344929,0.161170843583631,0.771996110864409,0,0,1,1,0,0,1,0,0,1,0,0,0,0,0,0,"C",344,4411
-0.118420318495892,0.0278445738126605,-0.499384501693107,0,0,1,1,0,0,1,0,0,1,0,0,0,0,0,0,"C",3343,4412
-0.078696527958176,0.0428952144958254,-0.162277308470766,0,0,1,1,0,0,1,0,0,1,0,0,0,0,0,0,"C",2191,4413
-0.0965596149180241,0.121812188317716,1.24783847004508,0,0,1,1,0,0,1,0,0,1,0,0,0,0,0,0,"C",2986,4414
-0.186686761045531,0.135266102968329,0.525567524713936,0,0,1,1,0,0,1,0,0,1,0,0,0,0,0,0,"C",3527,4415
-0.215108522770831,0.205567023737604,1.34494049632371,0,0,1,1,0,0,1,0,0,1,0,0,0,0,0,0,"C",3748,4416
-0.232601947503651,0.158530673241021,2.19546991943662,0,0,1,1,0,0,1,0,0,1,0,0,0,0,0,0,"C",930,4417
-0.132744012105696,0.0688897400173193,0.550658798527602,0,0,1,1,0,0,1,0,0,1,0,0,0,0,0,0,"C",1560,4418
-0.115211463308644,0.0484224194381032,0.671921203261524,0,0,1,1,0,0,1,0,0,1,0,0,0,0,0,0,"C",1549,4419
-0.151402311904505,0.124286912109184,0.438210517656293,0,0,1,1,0,0,1,0,0,1,0,0,0,0,0,0,"C",3423,4420
-0.155201850095225,0.106786190976939,0.128594609777135,0,0,1,1,0,0,1,0,0,1,0,0,0,0,0,0,"C",3464,4421
-0.134020314192321,0.115425327340291,1.9705740200977,0,0,1,1,0,0,1,0,0,1,0,0,0,0,0,0,"C",1646,4422
-0.116070579280429,0.0349562085701434,-0.687255820703059,0,0,1,1,0,0,1,0,0,1,0,0,0,0,0,0,"C",2823,4423
-0.172718748545392,0.163935550352286,1.43860948485768,0,0,1,1,0,0,1,0,0,1,0,0,0,0,0,0,"C",2022,4424
-0.206278457980469,0.18994518871318,1.73739010052945,0,0,1,1,0,0,1,0,0,1,0,0,0,0,0,0,"C",1255,4425
-0.136572698071774,0.114310810964616,1.1952245995019,0,0,1,1,0,0,1,0,0,1,0,0,0,0,0,0,"C",1691,4426
-0.192891543502455,0.12610728986694,0.481039514626158,0,0,1,1,0,0,1,0,0,1,0,0,0,0,0,0,"C",3414,4427
-0.151375355051015,0.0921015032969611,0.289632393696521,0,0,1,1,0,0,1,0,0,1,0,0,0,0,0,0,"C",1362,4428
-0.140313955657645,0.0934834614990262,1.51660270535898,0,0,1,1,0,0,1,0,0,1,0,0,0,0,0,0,"C",2845,4429
-0.17797568432959,0.0933647648515597,0.453458918797353,0,0,1,1,0,0,1,0,0,1,0,0,0,0,0,0,"C",2333,4430
-0.177682451104654,0.109581996128712,-0.179734488577627,0,0,1,1,0,0,1,0,0,1,0,0,0,0,0,0,"C",2005,4431
-0.193951227479319,0.150747324675155,1.59375662864148,0,0,1,1,0,0,1,0,0,1,0,0,0,0,0,0,"C",2937,4432
-0.106622169470212,0.095801208989264,1.60310119361493,0,0,1,1,0,0,1,0,0,1,0,0,0,0,0,0,"C",1628,4433
-0.127063125448522,0.0657817517029603,0.563280696931983,0,0,1,1,0,0,1,0,0,1,0,0,0,0,0,0,"C",3122,4434
-0.165407057768856,0.11804995747266,0.554895690883753,0,0,1,1,0,0,1,0,0,1,0,0,0,0,0,0,"C",666,4435
-0.207613899374444,0.164463433825808,1.0229316179874,0,0,1,1,0,0,1,0,0,1,0,0,0,0,0,0,"C",1125,4436
-0.179943028721718,0.0958050109470606,0.410248645683042,0,0,1,1,0,0,1,0,0,1,0,0,0,0,0,0,"C",33,4437
-0.219839902700566,0.0926271263447426,0.79349533216279,0,0,1,1,0,0,1,0,0,1,0,0,0,0,0,0,"C",1671,4438
-0.120068273069683,0.124773330868424,-0.608341098729024,0,0,1,1,0,0,1,0,0,1,0,0,0,0,0,0,"C",2714,4439
-0.144197134902163,0.0530725536026781,0.0770356281723969,0,0,1,1,0,0,1,0,0,1,0,0,0,0,0,0,"C",946,4440
-0.150588743798591,0.109095904154667,0.673788813809734,0,0,1,1,0,0,1,0,0,1,0,0,0,0,0,0,"C",2718,4441
-0.217107095688278,0.130505615178787,0.849799982953435,0,0,1,1,0,0,1,0,0,1,0,0,0,0,0,0,"C",2372,4442
-0.147868076905543,0.0893922328480916,0.102295389190997,0,0,1,1,0,0,1,0,0,1,0,0,0,0,0,0,"C",1117,4443
-0.0743060766360747,0.0455527897689521,-0.552654837253583,0,0,1,1,0,0,1,0,0,1,0,0,0,0,0,0,"C",3186,4444
-0.0815978176960707,0.0302590532441089,-0.166798177626002,0,0,1,1,0,0,1,0,0,1,0,0,0,0,0,0,"C",2648,4445
-0.166980604654234,0.113471356261165,0.693113042709078,0,0,1,1,0,0,1,0,0,1,0,0,0,0,0,0,"C",3379,4446
-0.19376453166943,0.132057342956786,1.3230728872189,0,0,1,1,0,0,1,0,0,1,0,0,0,0,0,0,"C",2742,4447
-0.176223410043329,0.141706392636344,0.243796341685139,0,0,1,1,0,0,1,0,0,1,0,0,0,0,0,0,"C",2336,4448
-0.0876437967391528,0.0837009772759516,0.811136193194089,0,0,1,1,0,0,1,0,0,1,0,0,0,0,0,0,"C",267,4449
-0.248179990558852,0.175025391845944,0.946957670736212,0,0,1,1,0,0,1,0,0,1,0,0,0,0,0,0,"C",1359,4450
-0.0950570850191068,0.0725213000496815,0.817792007557549,0,0,1,1,0,0,1,0,0,1,0,0,0,0,0,0,"C",1441,4451
-0.122603114777632,0.086259100972777,0.294193968445045,0,0,1,1,0,0,1,0,0,1,0,0,0,0,0,0,"C",1962,4452
-0.167493179064767,0.117749251147329,1.66803884833868,0,0,1,1,0,0,1,0,0,1,0,0,0,0,0,0,"C",3717,4453
-0.132078551273758,0.100443855025752,1.13020572054495,0,0,1,1,0,0,1,0,0,1,0,0,0,0,0,0,"C",347,4454
-0.218365892579013,0.188707437762883,2.00699483132976,0,0,1,1,0,0,1,0,0,1,0,0,0,0,0,0,"C",2090,4455
-0.216540573165377,0.178674098613999,1.61525013595094,0,0,1,1,0,0,1,0,0,1,0,0,0,0,0,0,"C",3406,4456
-0.113920974486935,0.0990869686686126,1.71988419268845,0,0,1,1,0,0,1,0,0,1,0,0,0,0,0,0,"C",2061,4457
-0.086092214690197,0.0908385697523772,-0.00586662778709379,0,0,1,1,0,0,1,0,0,1,0,0,0,0,0,0,"C",3699,4458
-0.133459970566424,0.0891599602270185,-0.0209037936291286,0,0,1,1,0,0,1,0,0,1,0,0,0,0,0,0,"C",1385,4459
-0.138733161376727,0.0893680158927182,1.54355350380429,0,0,1,1,0,0,1,0,0,1,0,0,0,0,0,0,"C",729,4460
-0.0952853904837993,0.0892427573098226,2.13663224097171,0,0,1,1,0,0,1,0,0,1,0,0,0,0,0,0,"C",712,4461
-0.199927761176976,0.142543483030005,2.17208319739691,0,0,1,1,0,0,1,0,0,1,0,0,0,0,0,0,"C",656,4462
-0.164757570492309,0.136754779781164,0.531095388135762,0,0,1,1,0,0,1,0,0,1,0,0,0,0,0,0,"C",1397,4463
-0.184745263471301,0.130378949489863,0.990056512943833,0,0,1,1,0,0,1,0,0,1,0,0,0,0,0,0,"C",2074,4464
-0.178732800885563,0.11387517782025,0.438021232885857,0,0,1,1,0,0,1,0,0,1,0,0,0,0,0,0,"C",857,4465
-0.201298686383799,0.108809281651771,0.550625213117345,0,0,1,1,0,0,1,0,0,1,0,0,0,0,0,0,"C",2257,4466
-0.109911661086002,0.059105154893392,0.234129406541309,0,0,1,1,0,0,1,0,0,1,0,0,0,0,0,0,"C",1072,4467
-0.189217456700402,0.129027072969151,1.0694670985533,0,0,1,1,0,0,1,0,0,1,0,0,0,0,0,0,"C",1687,4468
-0.225676397055455,0.180014147525917,1.79839932628109,0,0,1,1,0,0,1,0,0,1,0,0,0,0,0,0,"C",2575,4469
-0.13062113207202,0.151243537913079,1.29222686446379,0,0,1,1,0,0,1,0,0,1,0,0,0,0,0,0,"C",3006,4470
-0.102963360176216,0.0719392207956962,0.924410417866032,0,0,1,1,0,0,1,0,0,1,0,0,0,0,0,0,"C",3732,4471
-0.0833652280038282,0.0807840336313958,0.473247015834727,0,0,1,1,0,0,1,0,0,1,0,0,0,0,0,0,"C",482,4472
-0.115899903941065,0.0973516856696359,1.60696042098473,0,0,1,1,0,0,1,0,0,1,0,0,0,0,0,0,"C",1341,4473
-0.153212658958154,0.106340924100754,1.31499390978942,0,0,1,1,0,0,1,0,0,1,0,0,0,0,0,0,"C",3204,4474
-0.0469982871289144,0.0341890743260641,-0.234029753218039,0,0,1,1,0,0,1,0,0,1,0,0,0,0,0,0,"C",1763,4475
-0.156740219519362,0.100004329421711,2.04729837450559,0,0,1,1,0,0,1,0,0,1,0,0,0,0,0,0,"C",2318,4476
-0.0916191649898437,0.105872252107853,0.852857344261979,0,0,1,1,0,0,1,0,0,1,0,0,0,0,0,0,"C",1059,4477
-0.127254744098151,0.0520718314997116,-0.215854704991344,0,0,1,1,0,0,1,0,0,1,0,0,0,0,0,0,"C",1290,4478
-0.125282615043224,0.101257320265146,0.222298405976881,0,0,1,1,0,0,1,0,0,1,0,0,0,0,0,0,"C",3146,4479
-0.207636365474886,0.155895973753699,1.27523724806296,0,0,1,1,0,0,1,0,0,1,0,0,0,0,0,0,"C",1594,4480
-0.138867735352066,0.161119216195469,1.14471737527951,0,0,1,1,0,0,1,0,0,1,0,0,0,0,0,0,"C",2727,4481
-0.145282268810333,0.0748602113953639,0.313444009279221,0,0,1,1,0,0,1,0,0,1,0,0,0,0,0,0,"C",2960,4482
-0.168945678657867,0.0637799864740176,0.918651369940655,0,0,1,1,0,0,1,0,0,1,0,0,0,0,0,0,"C",3738,4483
-0.178953889778786,0.107225553849813,1.61804289753108,0,0,1,1,0,0,1,0,0,1,0,0,0,0,0,0,"C",1567,4484
-0.213067932300687,0.128946884295092,1.44157838404118,0,0,1,1,0,0,1,0,0,1,0,0,0,0,0,0,"C",1930,4485
-0.164620180774371,0.152206091050099,0.624847787047955,0,0,1,1,0,0,1,0,0,1,0,0,0,0,0,0,"C",3714,4486
-0.16840567088002,0.111888652858777,0.766921964558545,0,0,1,1,0,0,1,0,0,1,0,0,0,0,0,0,"C",435,4487
-0.183195672455561,0.113149521698785,0.330289030984927,0,0,1,1,0,0,1,0,0,1,0,0,0,0,0,0,"C",1461,4488
-0.144128652388135,0.0856514359494543,2.09333315095358,0,0,1,1,0,0,1,0,0,1,0,0,0,0,0,0,"C",2661,4489
-0.190437134107842,0.114314404478698,0.411442425630974,0,0,1,1,0,0,1,0,0,1,0,0,0,0,0,0,"C",1967,4490
-0.151383792714714,0.1071294542285,1.46880171890108,0,0,1,1,0,0,1,0,0,1,0,0,0,0,0,0,"C",2087,4491
-0.132761887429598,0.0755933001154315,-1.46473694896619,0,0,1,1,0,0,1,0,0,1,0,0,0,0,0,0,"C",2137,4492
-0.102094184476713,0.0621928217477983,-0.166625084203816,0,0,1,1,0,0,1,0,0,1,0,0,0,0,0,0,"C",2578,4493
-0.146669010055391,0.0799015600861349,0.289252761513753,0,0,1,1,0,0,1,0,0,1,0,0,0,0,0,0,"C",899,4494
-0.0751481758703362,0.0359007777924199,0.730790031614327,0,0,1,1,0,0,1,0,0,1,0,0,0,0,0,0,"C",3030,4495
-0.146506649803258,0.0825172239782942,1.74559316347538,0,0,1,1,0,0,1,0,0,1,0,0,0,0,0,0,"C",2602,4496
-0.122433032663749,0.123382382511861,2.26477217543532,0,0,1,1,0,0,1,0,0,1,0,0,0,0,0,0,"C",394,4497
-0.151048362181294,0.136359053826217,1.588502506598,0,0,1,1,0,0,1,0,0,1,0,0,0,0,0,0,"C",3326,4498
-0.158514665373474,0.0830904252919873,1.45085337909454,0,0,1,1,0,0,1,0,0,1,0,0,0,0,0,0,"C",2240,4499
-0.1356939587036,0.104488283280096,-0.220817303787837,0,0,1,1,0,0,1,0,0,1,0,0,0,0,0,0,"D",491,4500
-0.155916212994318,0.126612787039485,-1.50945240297771,0,0,1,1,0,0,1,0,0,1,0,0,0,0,0,0,"D",3721,4501
-0.0720491241832406,0.0450327999728685,0.952723672322403,0,0,1,1,0,0,1,0,0,1,0,0,0,0,0,0,"D",3402,4502
-0.121672571481894,0.0238557326157978,-0.846132483590726,0,0,1,1,0,0,1,0,0,1,0,0,0,0,0,0,"D",368,4503
-0.0606476055616986,0.0535272422386455,-1.8868679756363,0,0,1,1,0,0,1,0,0,1,0,0,0,0,0,0,"D",1484,4504
-0.0570609899180529,0.0396294389416577,-0.0178353588720839,0,0,1,1,0,0,1,0,0,1,0,0,0,0,0,0,"D",2487,4505
-0.155545500920979,0.124132970722365,-2.75797440073716,0,0,1,1,0,0,1,0,0,1,0,0,0,0,0,0,"D",1608,4506
-0.236990277115639,0.204542690126369,-2.67479340131686,0,0,1,1,0,0,1,0,0,1,0,0,0,0,0,0,"D",1462,4507
-0.17892944834097,0.201393111822595,-2.36386159551477,0,0,1,1,0,0,1,0,0,1,0,0,0,0,0,0,"D",3495,4508
-0.119397705556951,0.117337780936557,2.00235096386654,0,0,1,1,0,0,1,0,0,1,0,0,0,0,0,0,"D",3583,4509
-0.0568130253151959,0.0214652895562229,-0.136319565264917,0,0,1,1,0,0,1,0,0,1,0,0,0,0,0,0,"D",1747,4510
-0.191533712312898,0.156314473031274,-2.23344737071572,0,0,1,1,0,0,1,0,0,1,0,0,0,0,0,0,"D",344,4511
-0.0699266941745473,0.0137121074530032,-0.690012148535123,0,0,1,1,0,0,1,0,0,1,0,0,0,0,0,0,"D",3343,4512
-0.0865516928081165,0.0649157704597353,-1.72089611924151,0,0,1,1,0,0,1,0,0,1,0,0,0,0,0,0,"D",2191,4513
-0.11847978073999,0.129731522856183,-2.92674343983078,0,0,1,1,0,0,1,0,0,1,0,0,0,0,0,0,"D",2986,4514
-0.071096268499674,0.0809430978234611,-2.75844910303348,0,0,1,1,0,0,1,0,0,1,0,0,0,0,0,0,"D",3527,4515
-0.141442512082357,0.101402647209588,-1.46502923065556,0,0,1,1,0,0,1,0,0,1,0,0,0,0,0,0,"D",3748,4516
-0.205610838025336,0.135274425618238,-0.849774170766249,0,0,1,1,0,0,1,0,0,1,0,0,0,0,0,0,"D",930,4517
-0.105825449909402,0.0784890219378789,0.161610637166796,0,0,1,1,0,0,1,0,0,1,0,0,0,0,0,0,"D",1560,4518
-0.189502498139821,0.143077097005424,-0.470548093959364,0,0,1,1,0,0,1,0,0,1,0,0,0,0,0,0,"D",1549,4519
-0.168375983373651,0.113395994362725,-1.61273444247487,0,0,1,1,0,0,1,0,0,1,0,0,0,0,0,0,"D",3423,4520
-0.122299830802895,0.0973049770862578,-1.49716001092291,0,0,1,1,0,0,1,0,0,1,0,0,0,0,0,0,"D",3464,4521
-0.20883102516414,0.145377516691142,-0.633895830000726,0,0,1,1,0,0,1,0,0,1,0,0,0,0,0,0,"D",1646,4522
-0.0582871540908605,0.0407712348544159,-0.0245525644782776,0,0,1,1,0,0,1,0,0,1,0,0,0,0,0,0,"D",2823,4523
-0.156473298120777,0.142823375401094,-1.82206216822747,0,0,1,1,0,0,1,0,0,1,0,0,0,0,0,0,"D",2022,4524
-0.202528340407829,0.188138636805065,-1.64621634815502,0,0,1,1,0,0,1,0,0,1,0,0,0,0,0,0,"D",1255,4525
-0.105142334938055,0.0800940928498515,-1.40039056709715,0,0,1,1,0,0,1,0,0,1,0,0,0,0,0,0,"D",1691,4526
-0.255074389067412,0.225064142516216,-1.40323123189132,0,0,1,1,0,0,1,0,0,1,0,0,0,0,0,0,"D",3414,4527
-0.17406833796408,0.0989336264400839,-2.20936768686459,0,0,1,1,0,0,1,0,0,1,0,0,0,0,0,0,"D",1362,4528
-0.0775562628533667,0.0578832360919958,-1.36894538412491,0,0,1,1,0,0,1,0,0,1,0,0,0,0,0,0,"D",2845,4529
-0.0866329070337476,0.0929221241107218,-1.86189049994158,0,0,1,1,0,0,1,0,0,1,0,0,0,0,0,0,"D",2333,4530
-0.130863452835229,0.154269576134175,-0.588600954402457,0,0,1,1,0,0,1,0,0,1,0,0,0,0,0,0,"D",2005,4531
-0.163101982813103,0.102820067498752,-1.6799033754168,0,0,1,1,0,0,1,0,0,1,0,0,0,0,0,0,"D",2937,4532
-0.20834370150958,0.177460517557176,-1.30389413612073,0,0,1,1,0,0,1,0,0,1,0,0,0,0,0,0,"D",1628,4533
-0.202661310945022,0.153294008241068,-2.84304203192262,0,0,1,1,0,0,1,0,0,1,0,0,0,0,0,0,"D",3122,4534
-0.141337317838362,0.11614248756018,-2.22419753527881,0,0,1,1,0,0,1,0,0,1,0,0,0,0,0,0,"D",666,4535
-0.111882932255117,0.0902434127751223,0.385297441778008,0,0,1,1,0,0,1,0,0,1,0,0,0,0,0,0,"D",1125,4536
-0.0432673121318539,0.0353881332655604,0.172734613511615,0,0,1,1,0,0,1,0,0,1,0,0,0,0,0,0,"D",33,4537
-0.0625037826897449,0.0137165518894204,-0.124159729594129,0,0,1,1,0,0,1,0,0,1,0,0,0,0,0,0,"D",1671,4538
-0.131845798259464,0.073108442365901,-1.78621235932231,0,0,1,1,0,0,1,0,0,1,0,0,0,0,0,0,"D",2714,4539
-0.211252275122702,0.205609811820474,-1.58602634416603,0,0,1,1,0,0,1,0,0,1,0,0,0,0,0,0,"D",946,4540
-0.132752697274482,0.115958952848086,-2.32006373135243,0,0,1,1,0,0,1,0,0,1,0,0,0,0,0,0,"D",2718,4541
-0.0971451602699616,0.0669390993432069,-1.44114272968205,0,0,1,1,0,0,1,0,0,1,0,0,0,0,0,0,"D",2372,4542
-0.0659704948808037,0.0495122257329392,-1.11055410041253,0,0,1,1,0,0,1,0,0,1,0,0,0,0,0,0,"D",1117,4543
-0.140778965113435,0.134617890419098,-2.39792276440702,0,0,1,1,0,0,1,0,0,1,0,0,0,0,0,0,"D",3186,4544
-0.0948510699551615,0.110172727447357,-1.37931610426901,0,0,1,1,0,0,1,0,0,1,0,0,0,0,0,0,"D",2648,4545
-0.0852767182683475,0.0366579702676147,0.385282646652734,0,0,1,1,0,0,1,0,0,1,0,0,0,0,0,0,"D",3379,4546
-0.182389246568426,0.176610349579215,-2.6145247246482,0,0,1,1,0,0,1,0,0,1,0,0,0,0,0,0,"D",2742,4547
-0.25293661318591,0.259364238215437,-1.92829970036086,0,0,1,1,0,0,1,0,0,1,0,0,0,0,0,0,"D",2336,4548
-0.117626389874611,0.0317110248545978,-0.569256229428689,0,0,1,1,0,0,1,0,0,1,0,0,0,0,0,0,"D",267,4549
-0.129242210600373,0.0700880064419591,2.32039404973089,0,0,1,1,0,0,1,0,0,1,0,0,0,0,0,0,"D",1359,4550
-0.113214070265132,0.0706558593818791,-1.02003005151401,0,0,1,1,0,0,1,0,0,1,0,0,0,0,0,0,"D",1441,4551
-0.1533276053816,0.144387051871499,-2.29282546688201,0,0,1,1,0,0,1,0,0,1,0,0,0,0,0,0,"D",1962,4552
-0.149043824875717,0.09211647685408,-2.2572983815138,0,0,1,1,0,0,1,0,0,1,0,0,0,0,0,0,"D",3717,4553
-0.134017744203214,0.104814023701888,-1.0546696636617,0,0,1,1,0,0,1,0,0,1,0,0,0,0,0,0,"D",347,4554
-0.195463128268522,0.155182362685377,-2.53528665809219,0,0,1,1,0,0,1,0,0,1,0,0,0,0,0,0,"D",2090,4555
-0.132308651689848,0.108060544161085,-1.89952273556785,0,0,1,1,0,0,1,0,0,1,0,0,0,0,0,0,"D",3406,4556
-0.188066283956104,0.0864588183610438,-0.85727672570098,0,0,1,1,0,0,1,0,0,1,0,0,0,0,0,0,"D",2061,4557
-0.178639044609609,0.10980994788449,2.07935820928385,0,0,1,1,0,0,1,0,0,1,0,0,0,0,0,0,"D",3699,4558
-0.128577585873923,0.107647118383351,-2.7774194467538,0,0,1,1,0,0,1,0,0,1,0,0,0,0,0,0,"D",1385,4559
-0.123580595220672,0.152390711276538,1.47315162684236,0,0,1,1,0,0,1,0,0,1,0,0,0,0,0,0,"D",729,4560
-0.0949364918604302,0.0822511821177589,2.60432299580858,0,0,1,1,0,0,1,0,0,1,0,0,0,0,0,0,"D",712,4561
-0.146414315133946,0.0640890625360871,-1.24832985846979,0,0,1,1,0,0,1,0,0,1,0,0,0,0,0,0,"D",656,4562
-0.173803747373269,0.158044089557078,-1.57798225226149,0,0,1,1,0,0,1,0,0,1,0,0,0,0,0,0,"D",1397,4563
-0.16978107820183,0.109485626727624,-1.55299822094068,0,0,1,1,0,0,1,0,0,1,0,0,0,0,0,0,"D",2074,4564
-0.0561753936242963,0.05566330277058,0.00490171525120612,0,0,1,1,0,0,1,0,0,1,0,0,0,0,0,0,"D",857,4565
-0.147618884008945,0.134405497052895,1.21272296692239,0,0,1,1,0,0,1,0,0,1,0,0,0,0,0,0,"D",2257,4566
-0.139237944023339,0.114879271337027,-2.54187287494154,0,0,1,1,0,0,1,0,0,1,0,0,0,0,0,0,"D",1072,4567
-0.126895149566572,0.108970472078481,-1.55683990818875,0,0,1,1,0,0,1,0,0,1,0,0,0,0,0,0,"D",1687,4568
-0.0625323366194121,0.0126863773989354,-0.925203092289843,0,0,1,1,0,0,1,0,0,1,0,0,0,0,0,0,"D",2575,4569
-0.203401462476902,0.133431285129141,-1.37171943980443,0,0,1,1,0,0,1,0,0,1,0,0,0,0,0,0,"D",3006,4570
-0.16290340193213,0.149340192335466,-2.34845330570118,0,0,1,1,0,0,1,0,0,1,0,0,0,0,0,0,"D",3732,4571
-0.0582076940575684,0.0557026060601607,-1.12936531130725,0,0,1,1,0,0,1,0,0,1,0,0,0,0,0,0,"D",482,4572
-0.134982032663059,0.138380971603452,-2.40828746196914,0,0,1,1,0,0,1,0,0,1,0,0,0,0,0,0,"D",1341,4573
-0.103491339066893,0.103730880218272,-0.375756006790067,0,0,1,1,0,0,1,0,0,1,0,0,0,0,0,0,"D",3204,4574
-0.0849911559787683,0.0466435012626349,1.34546924723392,0,0,1,1,0,0,1,0,0,1,0,0,0,0,0,0,"D",1763,4575
-0.0456653973929674,0.0721161657786396,0.94395888650296,0,0,1,1,0,0,1,0,0,1,0,0,0,0,0,0,"D",2318,4576
-0.0963643083785918,0.103214882760166,-1.16006873281634,0,0,1,1,0,0,1,0,0,1,0,0,0,0,0,0,"D",1059,4577
-0.186251285667795,0.151517298609649,-1.13677304659434,0,0,1,1,0,0,1,0,0,1,0,0,0,0,0,0,"D",1290,4578
-0.21428258794773,0.198745558366932,-2.47879704331004,0,0,1,1,0,0,1,0,0,1,0,0,0,0,0,0,"D",3146,4579
-0.0581808236211477,0.0408569713842155,-0.717678286423233,0,0,1,1,0,0,1,0,0,1,0,0,0,0,0,0,"D",1594,4580
-0.277285982787161,0.256506608588549,-2.04809774560427,0,0,1,1,0,0,1,0,0,1,0,0,0,0,0,0,"D",2727,4581
-0.122644583096992,0.0750360924996475,-2.80771118156201,0,0,1,1,0,0,1,0,0,1,0,0,0,0,0,0,"D",2960,4582
-0.0576361037156325,0.035243913308507,-1.70713032270558,0,0,1,1,0,0,1,0,0,1,0,0,0,0,0,0,"D",3738,4583
-0.239760662231471,0.214630232570305,1.25290145216091,0,0,1,1,0,0,1,0,0,1,0,0,0,0,0,0,"D",1567,4584
-0.0595645830870603,0.0318699935793756,-0.749643761850942,0,0,1,1,0,0,1,0,0,1,0,0,0,0,0,0,"D",1930,4585
-0.103838420124897,0.0568740501154189,-1.02261493932011,0,0,1,1,0,0,1,0,0,1,0,0,0,0,0,0,"D",3714,4586
-0.093721531717368,0.0512849503633053,0.901453056349375,0,0,1,1,0,0,1,0,0,1,0,0,0,0,0,0,"D",435,4587
-0.073813988205292,0.0400059344449704,-1.17990658523875,0,0,1,1,0,0,1,0,0,1,0,0,0,0,0,0,"D",1461,4588
-0.175303880198918,0.149846111370988,-1.5965628756784,0,0,1,1,0,0,1,0,0,1,0,0,0,0,0,0,"D",2661,4589
-0.0628581954797135,0.0477289378452851,-0.956563831800764,0,0,1,1,0,0,1,0,0,1,0,0,0,0,0,0,"D",1967,4590
-0.170765150127079,0.131638354308827,-1.35095107370962,0,0,1,1,0,0,1,0,0,1,0,0,0,0,0,0,"D",2087,4591
-0.0828811493120618,0.088863192109913,-1.57934373905555,0,0,1,1,0,0,1,0,0,1,0,0,0,0,0,0,"D",2137,4592
-0.188846467276623,0.203032706581839,1.51453325438968,0,0,1,1,0,0,1,0,0,1,0,0,0,0,0,0,"D",2578,4593
-0.13158711000039,0.0802298831274872,-1.32084117781213,0,0,1,1,0,0,1,0,0,1,0,0,0,0,0,0,"D",899,4594
-0.236726260605521,0.189772148177314,-2.41395683414238,0,0,1,1,0,0,1,0,0,1,0,0,0,0,0,0,"D",3030,4595
-0.206962183779206,0.16970710801642,2.14429806316386,0,0,1,1,0,0,1,0,0,1,0,0,0,0,0,0,"D",2602,4596
-0.0856590462637768,0.042608632584895,-0.157432289269979,0,0,1,1,0,0,1,0,0,1,0,0,0,0,0,0,"D",394,4597
-0.0843917968059985,0.0783388454054038,1.48399264259006,0,0,1,1,0,0,1,0,0,1,0,0,0,0,0,0,"D",3326,4598
-0.163239193672615,0.13992412264459,-2.54995852440424,0,0,1,1,0,0,1,0,0,1,0,0,0,0,0,0,"D",2240,4599
-0.0877070996517132,0.0660525751445022,0.770245462723195,0,0,1,1,0,0,1,0,0,0,0,0,1,0,0,0,"C",491,4600
-0.149291209981235,0.0770257504761242,1.14574306836396,0,0,1,1,0,0,1,0,0,0,0,0,1,0,0,0,"C",3721,4601
-0.117594661951443,0.0797269582952731,1.55885304293905,0,0,1,1,0,0,1,0,0,0,0,0,1,0,0,0,"C",3402,4602
-0.125967144969796,0.0990006110152344,1.19123855735004,0,0,1,1,0,0,1,0,0,0,0,0,1,0,0,0,"C",368,4603
-0.185629368355371,0.126239253590676,0.725192824131228,0,0,1,1,0,0,1,0,0,0,0,0,1,0,0,0,"C",1484,4604
-0.268314119006971,0.235845371009459,1.65249812414603,0,0,1,1,0,0,1,0,0,0,0,0,1,0,0,0,"C",2487,4605
-0.155888455426066,0.115242433497916,0.567797819861597,0,0,1,1,0,0,1,0,0,0,0,0,1,0,0,0,"C",1608,4606
-0.138119250138244,0.0991577639977229,0.731516638166694,0,0,1,1,0,0,1,0,0,0,0,0,1,0,0,0,"C",1462,4607
-0.157215732668678,0.111755383766741,0.904272147258307,0,0,1,1,0,0,1,0,0,0,0,0,1,0,0,0,"C",3495,4608
-0.155898958235698,0.128563225622272,2.10442922402507,0,0,1,1,0,0,1,0,0,0,0,0,1,0,0,0,"C",3583,4609
-0.203517093049698,0.174228135049091,1.44476597177179,0,0,1,1,0,0,1,0,0,0,0,0,1,0,0,0,"C",1747,4610
-0.158572407170299,0.0909946116202868,0.860917559795593,0,0,1,1,0,0,1,0,0,0,0,0,1,0,0,0,"C",344,4611
-0.19165649212527,0.158957765474391,0.704775968017893,0,0,1,1,0,0,1,0,0,0,0,0,1,0,0,0,"C",3343,4612
-0.0952749964075599,0.011458923475834,-0.0775047105330059,0,0,1,1,0,0,1,0,0,0,0,0,1,0,0,0,"C",2191,4613
-0.152432439499612,0.115950528309869,2.25504138413681,0,0,1,1,0,0,1,0,0,0,0,0,1,0,0,0,"C",2986,4614
-0.102245088366257,0.0420211681928106,0.747300090033429,0,0,1,1,0,0,1,0,0,0,0,0,1,0,0,0,"C",3527,4615
-0.137042858024317,0.122675019553869,1.0923287825247,0,0,1,1,0,0,1,0,0,0,0,0,1,0,0,0,"C",3748,4616
-0.185682450912574,0.172785069274517,0.928622421136961,0,0,1,1,0,0,1,0,0,0,0,0,1,0,0,0,"C",930,4617
-0.114660030385329,0.0751507317064754,0.751385010261187,0,0,1,1,0,0,1,0,0,0,0,0,1,0,0,0,"C",1560,4618
-0.1746689703943,0.128693257529042,0.138610005688982,0,0,1,1,0,0,1,0,0,0,0,0,1,0,0,0,"C",1549,4619
-0.110073990022321,0.0620296660304536,0.087118063322139,0,0,1,1,0,0,1,0,0,0,0,0,1,0,0,0,"C",3423,4620
-0.146685222625522,0.0988698243437029,0.590864273943167,0,0,1,1,0,0,1,0,0,0,0,0,1,0,0,0,"C",3464,4621
-0.0587163064912505,0.0172681988266299,0.279898480455569,0,0,1,1,0,0,1,0,0,0,0,0,1,0,0,0,"C",1646,4622
-0.141301238063094,0.102095178991101,1.45048430079537,0,0,1,1,0,0,1,0,0,0,0,0,1,0,0,0,"C",2823,4623
-0.108124356948925,0.0641520468906554,0.31508831959268,0,0,1,1,0,0,1,0,0,0,0,0,1,0,0,0,"C",2022,4624
-0.211174728272387,0.177730008975799,0.898268870082771,0,0,1,1,0,0,1,0,0,0,0,0,1,0,0,0,"C",1255,4625
-0.15431638176112,0.147953215826341,1.34718099209915,0,0,1,1,0,0,1,0,0,0,0,0,1,0,0,0,"C",1691,4626
-0.158090895856099,0.0950613258133284,0.266027929009249,0,0,1,1,0,0,1,0,0,0,0,0,1,0,0,0,"C",3414,4627
-0.170667389458348,0.138030212164989,1.58966459274385,0,0,1,1,0,0,1,0,0,0,0,0,1,0,0,0,"C",1362,4628
-0.175686727466561,0.128189796910698,-0.331598081302947,0,0,1,1,0,0,1,0,0,0,0,0,1,0,0,0,"C",2845,4629
-0.178489344010686,0.138846367059744,0.605379712089625,0,0,1,1,0,0,1,0,0,0,0,0,1,0,0,0,"C",2333,4630
-0.159642127529493,0.114661441483973,0.74913839058821,0,0,1,1,0,0,1,0,0,0,0,0,1,0,0,0,"C",2005,4631
-0.0999417862773209,0.0619748618022741,1.32038770040025,0,0,1,1,0,0,1,0,0,0,0,0,1,0,0,0,"C",2937,4632
-0.146036226134202,0.10336727482192,0.747800490146478,0,0,1,1,0,0,1,0,0,0,0,0,1,0,0,0,"C",1628,4633
-0.118036915505229,0.0488817655796975,1.76076268880552,0,0,1,1,0,0,1,0,0,0,0,0,1,0,0,0,"C",3122,4634
-0.100723891817218,0.0842570802368031,1.34970716104187,0,0,1,1,0,0,1,0,0,0,0,0,1,0,0,0,"C",666,4635
-0.1832067764272,0.132044278602484,1.56417978998446,0,0,1,1,0,0,1,0,0,0,0,0,1,0,0,0,"C",1125,4636
-0.168283848058839,0.109387129278491,1.31746095445424,0,0,1,1,0,0,1,0,0,0,0,0,1,0,0,0,"C",33,4637
-0.213181101595457,0.156984661869483,0.526580528706902,0,0,1,1,0,0,1,0,0,0,0,0,1,0,0,0,"C",1671,4638
-0.0939813909998243,0.0556407818765274,-1.30112543789016,0,0,1,1,0,0,1,0,0,0,0,0,1,0,0,0,"C",2714,4639
-0.191374288407285,0.140809551953973,1.31091739572914,0,0,1,1,0,0,1,0,0,0,0,0,1,0,0,0,"C",946,4640
-0.120913927313835,0.107298988135421,0.871067313115594,0,0,1,1,0,0,1,0,0,0,0,0,1,0,0,0,"C",2718,4641
-0.160790659619356,0.125672589856863,-0.461420770669116,0,0,1,1,0,0,1,0,0,0,0,0,1,0,0,0,"C",2372,4642
-0.105615099990954,0.0750865105404446,-1.33690201156835,0,0,1,1,0,0,1,0,0,0,0,0,1,0,0,0,"C",1117,4643
-0.14925630502697,0.118022311766848,2.36750035803784,0,0,1,1,0,0,1,0,0,0,0,0,1,0,0,0,"C",3186,4644
-0.0577140941446292,0.0315256239708115,-0.865596822216937,0,0,1,1,0,0,1,0,0,0,0,0,1,0,0,0,"C",2648,4645
-0.155657433200569,0.0979451310843719,1.05825837049061,0,0,1,1,0,0,1,0,0,0,0,0,1,0,0,0,"C",3379,4646
-0.16072137072856,0.123124146218072,2.09631585138363,0,0,1,1,0,0,1,0,0,0,0,0,1,0,0,0,"C",2742,4647
-0.239419885537434,0.185237105373849,1.24782181071917,0,0,1,1,0,0,1,0,0,0,0,0,1,0,0,0,"C",2336,4648
-0.20571859150584,0.166079681685701,0.949315844103498,0,0,1,1,0,0,1,0,0,0,0,0,1,0,0,0,"C",267,4649
-0.161386315724997,0.112983040967438,1.39768705990642,0,0,1,1,0,0,1,0,0,0,0,0,1,0,0,0,"C",1359,4650
-0.197703405220504,0.164777465579514,0.809829727035047,0,0,1,1,0,0,1,0,0,0,0,0,1,0,0,0,"C",1441,4651
-0.25351098031056,0.220454083685279,1.41146224214206,0,0,1,1,0,0,1,0,0,0,0,0,1,0,0,0,"C",1962,4652
-0.138787131549603,0.111052399030392,0.520647622758559,0,0,1,1,0,0,1,0,0,0,0,0,1,0,0,0,"C",3717,4653
-0.169461187845434,0.116302235547136,1.40189563186923,0,0,1,1,0,0,1,0,0,0,0,0,1,0,0,0,"C",347,4654
-0.189273597705817,0.158205468955498,2.25225696995331,0,0,1,1,0,0,1,0,0,0,0,0,1,0,0,0,"C",2090,4655
-0.170539308234895,0.125373601221173,1.44066062323568,0,0,1,1,0,0,1,0,0,0,0,0,1,0,0,0,"C",3406,4656
-0.127784088432745,0.109964609500817,1.3507678850287,0,0,1,1,0,0,1,0,0,0,0,0,1,0,0,0,"C",2061,4657
-0.194108992348929,0.16304442557755,0.801795735683674,0,0,1,1,0,0,1,0,0,0,0,0,1,0,0,0,"C",3699,4658
-0.130625466493711,0.0841956314814543,1.88071306225661,0,0,1,1,0,0,1,0,0,0,0,0,1,0,0,0,"C",1385,4659
-0.255688272365307,0.192720578342524,-2.45658885477838,0,0,1,1,0,0,1,0,0,0,0,0,1,0,0,0,"C",729,4660
-0.153547946122239,0.126961340046819,0.893896998704192,0,0,1,1,0,0,1,0,0,0,0,0,1,0,0,0,"C",712,4661
-0.187711310248351,0.11865258489353,0.125680041743726,0,0,1,1,0,0,1,0,0,0,0,0,1,0,0,0,"C",656,4662
-0.149155406448226,0.129122655886833,2.38311959300381,0,0,1,1,0,0,1,0,0,0,0,0,1,0,0,0,"C",1397,4663
-0.173529397823311,0.118106330596645,0.787527810166974,0,0,1,1,0,0,1,0,0,0,0,0,1,0,0,0,"C",2074,4664
-0.115887609043582,0.0934274417299751,2.38369239441972,0,0,1,1,0,0,1,0,0,0,0,0,1,0,0,0,"C",857,4665
-0.123856704355005,0.0686826679808206,1.24282152415705,0,0,1,1,0,0,1,0,0,0,0,0,1,0,0,0,"C",2257,4666
-0.0861677667945238,0.0529755603180758,-1.52699085411091,0,0,1,1,0,0,1,0,0,0,0,0,1,0,0,0,"C",1072,4667
-0.169589676405408,0.116798599972921,0.254183084627164,0,0,1,1,0,0,1,0,0,0,0,0,1,0,0,0,"C",1687,4668
-0.155077228095228,0.0811472857128632,1.66134338370763,0,0,1,1,0,0,1,0,0,0,0,0,1,0,0,0,"C",2575,4669
-0.114083680818061,0.0828271651900046,2.35642840557039,0,0,1,1,0,0,1,0,0,0,0,0,1,0,0,0,"C",3006,4670
-0.178121922621919,0.123752942228428,1.43868405976356,0,0,1,1,0,0,1,0,0,0,0,0,1,0,0,0,"C",3732,4671
-0.185515747219671,0.146847093472398,1.22000838883967,0,0,1,1,0,0,1,0,0,0,0,0,1,0,0,0,"C",482,4672
-0.133578724941822,0.0979259261652487,2.4167631182667,0,0,1,1,0,0,1,0,0,0,0,0,1,0,0,0,"C",1341,4673
-0.0993532052757464,0.0659155057941105,-2.06779230080509,0,0,1,1,0,0,1,0,0,0,0,0,1,0,0,0,"C",3204,4674
-0.144425893617229,0.109410561970543,1.25012120149375,0,0,1,1,0,0,1,0,0,0,0,0,1,0,0,0,"C",1763,4675
-0.121050827117763,0.0788063631714439,1.08794316348092,0,0,1,1,0,0,1,0,0,0,0,0,1,0,0,0,"C",2318,4676
-0.107897588708204,0.0523962128371779,1.90567342202768,0,0,1,1,0,0,1,0,0,0,0,0,1,0,0,0,"C",1059,4677
-0.159869718552449,0.113702726527845,1.81875311962381,0,0,1,1,0,0,1,0,0,0,0,0,1,0,0,0,"C",1290,4678
-0.163730332838031,0.149116586246111,0.680524561434027,0,0,1,1,0,0,1,0,0,0,0,0,1,0,0,0,"C",3146,4679
-0.147113329973872,0.132363788257534,2.76183580831724,0,0,1,1,0,0,1,0,0,0,0,0,1,0,0,0,"C",1594,4680
-0.129288916442853,0.113296141978871,1.70188618303177,0,0,1,1,0,0,1,0,0,0,0,0,1,0,0,0,"C",2727,4681
-0.169340214496765,0.117360819139153,1.42943119430706,0,0,1,1,0,0,1,0,0,0,0,0,1,0,0,0,"C",2960,4682
-0.186681458041096,0.148799627976954,-1.63704023160836,0,0,1,1,0,0,1,0,0,0,0,0,1,0,0,0,"C",3738,4683
-0.283241765277299,0.206177319442582,0.119147052476906,0,0,1,1,0,0,1,0,0,0,0,0,1,0,0,0,"C",1567,4684
-0.148090121458698,0.107835422808289,1.67354696319043,0,0,1,1,0,0,1,0,0,0,0,0,1,0,0,0,"C",1930,4685
-0.093663346688935,0.0588794170647353,0.216578674915312,0,0,1,1,0,0,1,0,0,0,0,0,1,0,0,0,"C",3714,4686
-0.123823377026137,0.0760670120344361,1.04959430791383,0,0,1,1,0,0,1,0,0,0,0,0,1,0,0,0,"C",435,4687
-0.16956505551696,0.122593104004934,1.44720505578726,0,0,1,1,0,0,1,0,0,0,0,0,1,0,0,0,"C",1461,4688
-0.131123086879057,0.0758304685487229,1.07860494323866,0,0,1,1,0,0,1,0,0,0,0,0,1,0,0,0,"C",2661,4689
-0.115371387920353,0.0872793863127049,0.636816834654337,0,0,1,1,0,0,1,0,0,0,0,0,1,0,0,0,"C",1967,4690
-0.126775296108714,0.0611484901640416,0.255949073236859,0,0,1,1,0,0,1,0,0,0,0,0,1,0,0,0,"C",2087,4691
-0.0563775896244452,0.0224812972327613,0.249613300371734,0,0,1,1,0,0,1,0,0,0,0,0,1,0,0,0,"C",2137,4692
-0.116317320773059,0.0938735662700814,1.55049553722209,0,0,1,1,0,0,1,0,0,0,0,0,1,0,0,0,"C",2578,4693
-0.155877444682475,0.106420321915795,0.983749570595352,0,0,1,1,0,0,1,0,0,0,0,0,1,0,0,0,"C",899,4694
-0.180081430135954,0.15909274855257,2.31028681756661,0,0,1,1,0,0,1,0,0,0,0,0,1,0,0,0,"C",3030,4695
-0.186081133629018,0.133259914709079,2.23609609487393,0,0,1,1,0,0,1,0,0,0,0,0,1,0,0,0,"C",2602,4696
-0.0995300418843769,0.053983635929536,0.205919465189678,0,0,1,1,0,0,1,0,0,0,0,0,1,0,0,0,"C",394,4697
-0.140908354858821,0.0981773104401756,1.87203756550044,0,0,1,1,0,0,1,0,0,0,0,0,1,0,0,0,"C",3326,4698
-0.130049906233241,0.0788158797966847,1.49065010006982,0,0,1,1,0,0,1,0,0,0,0,0,1,0,0,0,"C",2240,4699
-0.0803979928395361,0.138513448180175,0.54065942115084,0,0,1,1,0,0,1,0,0,0,0,0,1,0,0,0,"D",491,4700
-0.0253304940389767,0.124478717262025,-0.164015795914912,0,0,1,1,0,0,1,0,0,0,0,0,1,0,0,0,"D",3721,4701
-0.229850228954148,0.303816002290653,-1.59379567067538,0,0,1,1,0,0,1,0,0,0,0,0,1,0,0,0,"D",3402,4702
-0.160640898769775,0.255301407830398,1.64831216910753,0,0,1,1,0,0,1,0,0,0,0,0,1,0,0,0,"D",368,4703
-0.105834225439847,0.23515733017807,0.0692176749258745,0,0,1,1,0,0,1,0,0,0,0,0,1,0,0,0,"D",1484,4704
-0.104639206844881,0.186595959990769,1.73718008379622,0,0,1,1,0,0,1,0,0,0,0,0,1,0,0,0,"D",2487,4705
-0.114876476204616,0.191193634956332,1.74915598990692,0,0,1,1,0,0,1,0,0,0,0,0,1,0,0,0,"D",1608,4706
0.058350695129693,0.0178575880355379,0.258129387613974,0,0,1,1,0,0,1,0,0,0,0,0,1,0,0,0,"D",1462,4707
-0.0777285334831917,0.155131236104281,1.85385461607527,0,0,1,1,0,0,1,0,0,0,0,0,1,0,0,0,"D",3495,4708
-0.11589213548715,0.1960923813469,2.3529579742883,0,0,1,1,0,0,1,0,0,0,0,0,1,0,0,0,"D",3583,4709
-0.265068475978223,0.342766035685756,-0.900761775274497,0,0,1,1,0,0,1,0,0,0,0,0,1,0,0,0,"D",1747,4710
-0.190829244785717,0.232174173427808,1.99375808748903,0,0,1,1,0,0,1,0,0,0,0,0,1,0,0,0,"D",344,4711
-0.0463669552539102,0.138813681602444,1.70742344027351,0,0,1,1,0,0,1,0,0,0,0,0,1,0,0,0,"D",3343,4712
-0.122222834472658,0.207950423120862,2.74418229849005,0,0,1,1,0,0,1,0,0,0,0,0,1,0,0,0,"D",2191,4713
-0.156835119501689,0.220691084582611,-1.12786138572574,0,0,1,1,0,0,1,0,0,0,0,0,1,0,0,0,"D",2986,4714
-0.102360047911278,0.165313602806042,0.951203165070503,0,0,1,1,0,0,1,0,0,0,0,0,1,0,0,0,"D",3527,4715
-0.108084892445214,0.168612492955056,2.47097062624741,0,0,1,1,0,0,1,0,0,0,0,0,1,0,0,0,"D",3748,4716
-0.221510264355078,0.270118508464783,-2.36985122673114,0,0,1,1,0,0,1,0,0,0,0,0,1,0,0,0,"D",930,4717
-0.0420733926091383,0.133036218080586,0.806499526699422,0,0,1,1,0,0,1,0,0,0,0,0,1,0,0,0,"D",1560,4718
-0.0580682373232788,0.0989994189222055,0.426476084352118,0,0,1,1,0,0,1,0,0,0,0,0,1,0,0,0,"D",1549,4719
-0.0750165746032325,0.170071402116479,1.45897028220928,0,0,1,1,0,0,1,0,0,0,0,0,1,0,0,0,"D",3423,4720
0.0253059430193259,0.0764500866817399,1.22660666244946,0,0,1,1,0,0,1,0,0,0,0,0,1,0,0,0,"D",3464,4721
-0.124427563454309,0.169153892498392,1.92594235919244,0,0,1,1,0,0,1,0,0,0,0,0,1,0,0,0,"D",1646,4722
-0.173681661703905,0.257348491824237,-0.940995351521634,0,0,1,1,0,0,1,0,0,0,0,0,1,0,0,0,"D",2823,4723
-0.143232767514777,0.209410075602274,1.49420667047442,0,0,1,1,0,0,1,0,0,0,0,0,1,0,0,0,"D",2022,4724
-0.0999322015083275,0.170799395280627,1.10588900926358,0,0,1,1,0,0,1,0,0,0,0,0,1,0,0,0,"D",1255,4725
-0.0315160226701143,0.160403894288917,1.21797330655821,0,0,1,1,0,0,1,0,0,0,0,0,1,0,0,0,"D",1691,4726
-0.161221128228473,0.250004664387012,1.79149902480371,0,0,1,1,0,0,1,0,0,0,0,0,1,0,0,0,"D",3414,4727
-0.164837026725196,0.236013705459244,-1.96684151165042,0,0,1,1,0,0,1,0,0,0,0,0,1,0,0,0,"D",1362,4728
-0.00671821627532903,0.071347426695866,1.0449011004631,0,0,1,1,0,0,1,0,0,0,0,0,1,0,0,0,"D",2845,4729
-0.0194241415929763,0.161634105030373,0.872756505841074,0,0,1,1,0,0,1,0,0,0,0,0,1,0,0,0,"D",2333,4730
-0.0762412058252303,0.167091203124498,1.51845084003821,0,0,1,1,0,0,1,0,0,0,0,0,1,0,0,0,"D",2005,4731
-0.114363340354513,0.221200648175533,1.75056329165485,0,0,1,1,0,0,1,0,0,0,0,0,1,0,0,0,"D",2937,4732
-0.136988985671542,0.215597675653043,-0.114872046717956,0,0,1,1,0,0,1,0,0,0,0,0,1,0,0,0,"D",1628,4733
-0.0610252937151286,0.120789209688199,2.49632050478043,0,0,1,1,0,0,1,0,0,0,0,0,1,0,0,0,"D",3122,4734
-0.0415126764248727,0.121392305212646,1.38334846820374,0,0,1,1,0,0,1,0,0,0,0,0,1,0,0,0,"D",666,4735
-0.0284451294411715,0.136338409716679,1.70502124965371,0,0,1,1,0,0,1,0,0,0,0,0,1,0,0,0,"D",1125,4736
-0.0967737766135248,0.193109029512177,-0.247900599430097,0,0,1,1,0,0,1,0,0,0,0,0,1,0,0,0,"D",33,4737
-0.125510045066597,0.206492701901169,-2.49672487844143,0,0,1,1,0,0,1,0,0,0,0,0,1,0,0,0,"D",1671,4738
-0.0874556851969846,0.146664690329631,2.01120351609458,0,0,1,1,0,0,1,0,0,0,0,0,1,0,0,0,"D",2714,4739
-0.112730162765616,0.180261610875248,1.10255503175288,0,0,1,1,0,0,1,0,0,0,0,0,1,0,0,0,"D",946,4740
-0.0400103775511499,0.165157965023032,0.642487180451352,0,0,1,1,0,0,1,0,0,0,0,0,1,0,0,0,"D",2718,4741
-0.199057164306972,0.265814607826827,1.16709090942299,0,0,1,1,0,0,1,0,0,0,0,0,1,0,0,0,"D",2372,4742
-0.0355533246371401,0.153355227118394,1.7280633073442,0,0,1,1,0,0,1,0,0,0,0,0,1,0,0,0,"D",1117,4743
-0.320392846666628,0.346819431808928,1.40306744255387,0,0,1,1,0,0,1,0,0,0,0,0,1,0,0,0,"D",3186,4744
-0.103866062537028,0.164515760378486,-0.744639791580029,0,0,1,1,0,0,1,0,0,0,0,0,1,0,0,0,"D",2648,4745
-0.111987868643995,0.213760975863645,1.24139415853203,0,0,1,1,0,0,1,0,0,0,0,0,1,0,0,0,"D",3379,4746
-0.121371985066835,0.18853250219516,0.0214202540799074,0,0,1,1,0,0,1,0,0,0,0,0,1,0,0,0,"D",2742,4747
-0.0743894169568397,0.138761926158146,2.48829481804764,0,0,1,1,0,0,1,0,0,0,0,0,1,0,0,0,"D",2336,4748
-0.148996472802173,0.230317231380096,-1.89715753932326,0,0,1,1,0,0,1,0,0,0,0,0,1,0,0,0,"D",267,4749
-0.152862701823849,0.213395337746882,0.348328085142631,0,0,1,1,0,0,1,0,0,0,0,0,1,0,0,0,"D",1359,4750
0.0107051028941057,0.0495386727149106,-1.17845776447508,0,0,1,1,0,0,1,0,0,0,0,0,1,0,0,0,"D",1441,4751
-0.21927444532616,0.314457668496883,1.34260337996277,0,0,1,1,0,0,1,0,0,0,0,0,1,0,0,0,"D",1962,4752
-0.140881845111546,0.186443288742936,1.78883315233591,0,0,1,1,0,0,1,0,0,0,0,0,1,0,0,0,"D",3717,4753
-0.117252440091197,0.169942212925599,1.68286279052747,0,0,1,1,0,0,1,0,0,0,0,0,1,0,0,0,"D",347,4754
-0.108358448430185,0.228328811610815,1.26166509717687,0,0,1,1,0,0,1,0,0,0,0,0,1,0,0,0,"D",2090,4755
-0.0746376813029094,0.127037411332728,1.38694658852257,0,0,1,1,0,0,1,0,0,0,0,0,1,0,0,0,"D",3406,4756
-0.0155016049768983,0.110671624107808,1.4391812277727,0,0,1,1,0,0,1,0,0,0,0,0,1,0,0,0,"D",2061,4757
-0.190014625724099,0.265899713728702,-2.02072627513951,0,0,1,1,0,0,1,0,0,0,0,0,1,0,0,0,"D",3699,4758
-0.126007503965906,0.163111764292989,-1.54671768680429,0,0,1,1,0,0,1,0,0,0,0,0,1,0,0,0,"D",1385,4759
-0.115588424226239,0.190033988417739,-0.819609893076598,0,0,1,1,0,0,1,0,0,0,0,0,1,0,0,0,"D",729,4760
-0.156337948808881,0.228914053075118,1.47905642555821,0,0,1,1,0,0,1,0,0,0,0,0,1,0,0,0,"D",712,4761
-0.154738650219798,0.205142999728735,1.95830303158963,0,0,1,1,0,0,1,0,0,0,0,0,1,0,0,0,"D",656,4762
-0.130907772057604,0.1941682499258,1.22228821675688,0,0,1,1,0,0,1,0,0,0,0,0,1,0,0,0,"D",1397,4763
-0.119212909817818,0.175608784119577,-2.21551226743064,0,0,1,1,0,0,1,0,0,0,0,0,1,0,0,0,"D",2074,4764
-0.102253448702903,0.199839484140896,1.76242543748842,0,0,1,1,0,0,1,0,0,0,0,0,1,0,0,0,"D",857,4765
-0.129594840124368,0.205711104351458,-0.193997153849585,0,0,1,1,0,0,1,0,0,0,0,0,1,0,0,0,"D",2257,4766
-0.108048728751132,0.177957480622809,-1.24062684480902,0,0,1,1,0,0,1,0,0,0,0,0,1,0,0,0,"D",1072,4767
-0.114238626681756,0.160582665809194,-1.19109512961964,0,0,1,1,0,0,1,0,0,0,0,0,1,0,0,0,"D",1687,4768
-0.0543647214606079,0.109417376786692,0.529989489663241,0,0,1,1,0,0,1,0,0,0,0,0,1,0,0,0,"D",2575,4769
-0.0968034941246267,0.192019481843758,-2.13806987325912,0,0,1,1,0,0,1,0,0,0,0,0,1,0,0,0,"D",3006,4770
-0.166445018880775,0.244925444641171,-1.02766037212614,0,0,1,1,0,0,1,0,0,0,0,0,1,0,0,0,"D",3732,4771
-0.0930659356523094,0.155866767279766,1.20990130327373,0,0,1,1,0,0,1,0,0,0,0,0,1,0,0,0,"D",482,4772
-0.17888978079659,0.202835627976363,-1.08502708298224,0,0,1,1,0,0,1,0,0,0,0,0,1,0,0,0,"D",1341,4773
-0.200867105404846,0.260855590716122,1.31215046496861,0,0,1,1,0,0,1,0,0,0,0,0,1,0,0,0,"D",3204,4774
-0.12946139877649,0.159776329659915,2.15027207555636,0,0,1,1,0,0,1,0,0,0,0,0,1,0,0,0,"D",1763,4775
-0.162445479224347,0.249862285015291,-0.61699066508585,0,0,1,1,0,0,1,0,0,0,0,0,1,0,0,0,"D",2318,4776
-0.234033196241423,0.326452314425416,-1.26819715422437,0,0,1,1,0,0,1,0,0,0,0,0,1,0,0,0,"D",1059,4777
-0.0306969370162663,0.0824987166176356,1.49075865966454,0,0,1,1,0,0,1,0,0,0,0,0,1,0,0,0,"D",1290,4778
-0.0585645988314482,0.190070667253537,1.52278252765755,0,0,1,1,0,0,1,0,0,0,0,0,1,0,0,0,"D",3146,4779
-0.0672927458716562,0.118680109357689,0.729040650652119,0,0,1,1,0,0,1,0,0,0,0,0,1,0,0,0,"D",1594,4780
-0.116549546767349,0.222843651324723,0.287522727716872,0,0,1,1,0,0,1,0,0,0,0,0,1,0,0,0,"D",2727,4781
-0.0953199898425425,0.198403712434283,1.10002007784968,0,0,1,1,0,0,1,0,0,0,0,0,1,0,0,0,"D",2960,4782
-0.200613549407878,0.237981694358127,1.83284930802691,0,0,1,1,0,0,1,0,0,0,0,0,1,0,0,0,"D",3738,4783
-0.155506806902733,0.277972486655766,-1.20337513134154,0,0,1,1,0,0,1,0,0,0,0,0,1,0,0,0,"D",1567,4784
-0.0216412850218536,0.124148585947305,1.52209679325529,0,0,1,1,0,0,1,0,0,0,0,0,1,0,0,0,"D",1930,4785
-0.125053531825072,0.226884827301545,1.19466066755956,0,0,1,1,0,0,1,0,0,0,0,0,1,0,0,0,"D",3714,4786
-0.176521911424484,0.172308018036306,0.950719253185426,0,0,1,1,0,0,1,0,0,0,0,0,1,0,0,0,"D",435,4787
-0.238869664409714,0.308349361277252,-0.722568018400341,0,0,1,1,0,0,1,0,0,0,0,0,1,0,0,0,"D",1461,4788
-0.259787556178924,0.385010375774817,-1.0237812593783,0,0,1,1,0,0,1,0,0,0,0,0,1,0,0,0,"D",2661,4789
-0.0938104861292608,0.144750853765838,-0.445916858170195,0,0,1,1,0,0,1,0,0,0,0,0,1,0,0,0,"D",1967,4790
-0.131344280722784,0.172987542325055,2.19650976490585,0,0,1,1,0,0,1,0,0,0,0,0,1,0,0,0,"D",2087,4791
-0.172128489630266,0.25625733055611,1.07839124290766,0,0,1,1,0,0,1,0,0,0,0,0,1,0,0,0,"D",2137,4792
-0.173940901671849,0.272356510094121,-1.25588883836535,0,0,1,1,0,0,1,0,0,0,0,0,1,0,0,0,"D",2578,4793
-0.0448448985129286,0.0972897994335787,1.6481948760908,0,0,1,1,0,0,1,0,0,0,0,0,1,0,0,0,"D",899,4794
-0.0415992769049347,0.130468714429339,-0.875730216507521,0,0,1,1,0,0,1,0,0,0,0,0,1,0,0,0,"D",3030,4795
-0.0340027360571066,0.0479831459675146,-0.607992659460266,0,0,1,1,0,0,1,0,0,0,0,0,1,0,0,0,"D",2602,4796
-0.118877231002305,0.178273507529033,1.41384046913786,0,0,1,1,0,0,1,0,0,0,0,0,1,0,0,0,"D",394,4797
-0.133176839328119,0.214161608389906,2.24264645029307,0,0,1,1,0,0,1,0,0,0,0,0,1,0,0,0,"D",3326,4798
-0.198698543920564,0.273875766090091,1.58820929790127,0,0,1,1,0,0,1,0,0,0,0,0,1,0,0,0,"D",2240,4799
-0.114285927902042,0.0721997805781766,-1.3736318890861,0,0,1,1,0,0,1,0,0,0,0,0,0,0,0,1,"C",491,4800
-0.0922594984633239,0.0352334368228937,-0.583617439823702,0,0,1,1,0,0,1,0,0,0,0,0,0,0,0,1,"C",3721,4801
-0.11390196467292,0.067062459729331,-1.37297162833325,0,0,1,1,0,0,1,0,0,0,0,0,0,0,0,1,"C",3402,4802
-0.0781725184360312,0.0537775117434418,-0.706616885302834,0,0,1,1,0,0,1,0,0,0,0,0,0,0,0,1,"C",368,4803
-0.120055804027969,0.0470488498555402,-2.13479762010112,0,0,1,1,0,0,1,0,0,0,0,0,0,0,0,1,"C",1484,4804
-0.0947943952835282,0.0442165860885623,-0.0352329711882276,0,0,1,1,0,0,1,0,0,0,0,0,0,0,0,1,"C",2487,4805
-0.104330523675197,0.0605182426045813,0.00599665158309158,0,0,1,1,0,0,1,0,0,0,0,0,0,0,0,1,"C",1608,4806
-0.0923479319442316,0.0474768950707368,-1.32374722883616,0,0,1,1,0,0,1,0,0,0,0,0,0,0,0,1,"C",1462,4807
-0.112567640182405,0.0596386619313324,-1.79311048809122,0,0,1,1,0,0,1,0,0,0,0,0,0,0,0,1,"C",3495,4808
-0.0673663106145275,0.0329990011150322,-1.04680333983169,0,0,1,1,0,0,1,0,0,0,0,0,0,0,0,1,"C",3583,4809
-0.111115423613887,0.0731221589093403,-0.863236023138197,0,0,1,1,0,0,1,0,0,0,0,0,0,0,0,1,"C",1747,4810
-0.110163903353708,0.0384730927129349,-0.222619426982734,0,0,1,1,0,0,1,0,0,0,0,0,0,0,0,1,"C",344,4811
-0.0828963775371639,0.020939721281655,-0.524135791741023,0,0,1,1,0,0,1,0,0,0,0,0,0,0,0,1,"C",3343,4812
-0.109089188457577,0.0358379961818661,-1.14070911661413,0,0,1,1,0,0,1,0,0,0,0,0,0,0,0,1,"C",2191,4813
-0.095753056671643,0.061745134653393,-1.4305199616098,0,0,1,1,0,0,1,0,0,0,0,0,0,0,0,1,"C",2986,4814
-0.11444556633257,0.0617349654792841,-0.879547841701407,0,0,1,1,0,0,1,0,0,0,0,0,0,0,0,1,"C",3527,4815
-0.0809947449285417,0.0460735972244819,0.390168791042427,0,0,1,1,0,0,1,0,0,0,0,0,0,0,0,1,"C",3748,4816
-0.0802604804063122,0.0462543121931927,-1.33179454978754,0,0,1,1,0,0,1,0,0,0,0,0,0,0,0,1,"C",930,4817
-0.11061151782166,0.0642346392718156,-0.735506454166761,0,0,1,1,0,0,1,0,0,0,0,0,0,0,0,1,"C",1560,4818
-0.0434397431156524,-0.0191978734686188,1.34087322432289,0,0,1,1,0,0,1,0,0,0,0,0,0,0,0,1,"C",1549,4819
-0.0991986041923537,0.041793608258863,0.233327912437246,0,0,1,1,0,0,1,0,0,0,0,0,0,0,0,1,"C",3423,4820
-0.11514383880194,0.0597003375044153,-1.69030603176791,0,0,1,1,0,0,1,0,0,0,0,0,0,0,0,1,"C",3464,4821
-0.113713832487984,0.0664914522626348,-2.03103818360806,0,0,1,1,0,0,1,0,0,0,0,0,0,0,0,1,"C",1646,4822
-0.0763884487076309,0.0409675367767408,-0.0942859445919441,0,0,1,1,0,0,1,0,0,0,0,0,0,0,0,1,"C",2823,4823
-0.128629991737039,0.0833145006015662,-1.30161119277042,0,0,1,1,0,0,1,0,0,0,0,0,0,0,0,1,"C",2022,4824
-0.118661742184836,0.0379792218305735,-0.306947066629062,0,0,1,1,0,0,1,0,0,0,0,0,0,0,0,1,"C",1255,4825
-0.111627302010463,0.0963811030353403,-0.619951122047212,0,0,1,1,0,0,1,0,0,0,0,0,0,0,0,1,"C",1691,4826
-0.139910366184102,0.0761078897271649,-0.897217065004132,0,0,1,1,0,0,1,0,0,0,0,0,0,0,0,1,"C",3414,4827
-0.100695187789481,0.0625672663445129,-0.655970554086721,0,0,1,1,0,0,1,0,0,0,0,0,0,0,0,1,"C",1362,4828
-0.0589489604241865,0.0092592801211089,0.0836073904199712,0,0,1,1,0,0,1,0,0,0,0,0,0,0,0,1,"C",2845,4829
-0.167823119189593,0.104928963851846,-1.884153701087,0,0,1,1,0,0,1,0,0,0,0,0,0,0,0,1,"C",2333,4830
-0.0672115167701138,0.0153744909288241,0.336599763111252,0,0,1,1,0,0,1,0,0,0,0,0,0,0,0,1,"C",2005,4831
-0.0801002301170196,0.0374100045433781,-1.4017522205385,0,0,1,1,0,0,1,0,0,0,0,0,0,0,0,1,"C",2937,4832
-0.0930822397679829,0.0358936533817987,-0.901226058766691,0,0,1,1,0,0,1,0,0,0,0,0,0,0,0,1,"C",1628,4833
-0.0774977256623662,0.0122228183018308,-0.224206013065364,0,0,1,1,0,0,1,0,0,0,0,0,0,0,0,1,"C",3122,4834
-0.154828846254449,0.0909648112081806,-1.85697460031975,0,0,1,1,0,0,1,0,0,0,0,0,0,0,0,1,"C",666,4835
-0.106697281321506,0.0445157827842479,-1.90077680686759,0,0,1,1,0,0,1,0,0,0,0,0,0,0,0,1,"C",1125,4836
-0.0980306548128032,0.0154058877775804,-0.144405410879007,0,0,1,1,0,0,1,0,0,0,0,0,0,0,0,1,"C",33,4837
-0.140367455697226,0.069214311720591,-0.727830139465702,0,0,1,1,0,0,1,0,0,0,0,0,0,0,0,1,"C",1671,4838
-0.127648837595408,0.0645995999316148,-2.27132009475789,0,0,1,1,0,0,1,0,0,0,0,0,0,0,0,1,"C",2714,4839
-0.113608203406966,0.0424231106018016,-0.413682830398215,0,0,1,1,0,0,1,0,0,0,0,0,0,0,0,1,"C",946,4840
-0.0871991699614358,0.0463892781197103,-2.3286231750224,0,0,1,1,0,0,1,0,0,0,0,0,0,0,0,1,"C",2718,4841
-0.0970962987480852,0.0238933811333874,-0.0641401692024787,0,0,1,1,0,0,1,0,0,0,0,0,0,0,0,1,"C",2372,4842
-0.0922803908690995,0.0516975452647329,-1.02632476303136,0,0,1,1,0,0,1,0,0,0,0,0,0,0,0,1,"C",1117,4843
-0.128247644627466,0.0814405024016455,-1.27395160059822,0,0,1,1,0,0,1,0,0,0,0,0,0,0,0,1,"C",3186,4844
-0.077972668636601,0.0463752566179042,-0.551685949721209,0,0,1,1,0,0,1,0,0,0,0,0,0,0,0,1,"C",2648,4845
-0.101591377342765,0.0339054132953534,-0.959364488983523,0,0,1,1,0,0,1,0,0,0,0,0,0,0,0,1,"C",3379,4846
-0.0695261889592395,0.0345926606309987,-0.526324280955297,0,0,1,1,0,0,1,0,0,0,0,0,0,0,0,1,"C",2742,4847
-0.114678495396729,0.043693649341979,-0.407292951930401,0,0,1,1,0,0,1,0,0,0,0,0,0,0,0,1,"C",2336,4848
-0.0658196795881787,0.0218108893089892,-0.776501335633612,0,0,1,1,0,0,1,0,0,0,0,0,0,0,0,1,"C",267,4849
-0.0808008716689024,0.058700385608227,-1.92784012257822,0,0,1,1,0,0,1,0,0,0,0,0,0,0,0,1,"C",1359,4850
-0.127911946133573,0.0798167792244964,-1.19138314150202,0,0,1,1,0,0,1,0,0,0,0,0,0,0,0,1,"C",1441,4851
-0.0816179317765501,0.0427667278865257,-1.57046204554216,0,0,1,1,0,0,1,0,0,0,0,0,0,0,0,1,"C",1962,4852
-0.10913356918412,0.0593976414436836,-0.514869886198928,0,0,1,1,0,0,1,0,0,0,0,0,0,0,0,1,"C",3717,4853
-0.0931186520342496,0.0562867286128623,-1.58582863200677,0,0,1,1,0,0,1,0,0,0,0,0,0,0,0,1,"C",347,4854
-0.0781415390305179,0.0372619770115275,-0.328208766787059,0,0,1,1,0,0,1,0,0,0,0,0,0,0,0,1,"C",2090,4855
-0.0891590918307096,0.0341860878136417,0.266574997857431,0,0,1,1,0,0,1,0,0,0,0,0,0,0,0,1,"C",3406,4856
-0.0834923790064744,0.0752706933316677,-1.80754155348937,0,0,1,1,0,0,1,0,0,0,0,0,0,0,0,1,"C",2061,4857
-0.0973479868970048,0.0761877455880092,-0.902382410569769,0,0,1,1,0,0,1,0,0,0,0,0,0,0,0,1,"C",3699,4858
-0.0913464981320782,0.0504473236669326,-1.64636045677117,0,0,1,1,0,0,1,0,0,0,0,0,0,0,0,1,"C",1385,4859
-0.118146559615365,0.0419687208998974,-1.70986306026119,0,0,1,1,0,0,1,0,0,0,0,0,0,0,0,1,"C",729,4860
-0.0767126368700822,0.0418185358525673,-1.80335908819134,0,0,1,1,0,0,1,0,0,0,0,0,0,0,0,1,"C",712,4861
-0.120142869250753,0.0573087544321591,-0.539205692730893,0,0,1,1,0,0,1,0,0,0,0,0,0,0,0,1,"C",656,4862
-0.118391787575179,0.0751805909540834,-1.1777543161537,0,0,1,1,0,0,1,0,0,0,0,0,0,0,0,1,"C",1397,4863
-0.111313509545431,0.0435340325801793,-1.28189036755101,0,0,1,1,0,0,1,0,0,0,0,0,0,0,0,1,"C",2074,4864
-0.0507150447488829,0.0125303735482485,-0.27374302581801,0,0,1,1,0,0,1,0,0,0,0,0,0,0,0,1,"C",857,4865
-0.111872160777785,0.043431653015718,-0.471811689477092,0,0,1,1,0,0,1,0,0,0,0,0,0,0,0,1,"C",2257,4866
-0.0919008812367295,0.060556486139766,-2.09479253447145,0,0,1,1,0,0,1,0,0,0,0,0,0,0,0,1,"C",1072,4867
-0.074424990257096,0.0485538676685324,-0.572756782848998,0,0,1,1,0,0,1,0,0,0,0,0,0,0,0,1,"C",1687,4868
-0.135643322164656,0.0772250269172552,-1.33276766223781,0,0,1,1,0,0,1,0,0,0,0,0,0,0,0,1,"C",2575,4869
-0.0561443710913643,0.0265257696933962,-0.292008595986117,0,0,1,1,0,0,1,0,0,0,0,0,0,0,0,1,"C",3006,4870
-0.0787738410064775,0.0309421592280651,-0.604432360866237,0,0,1,1,0,0,1,0,0,0,0,0,0,0,0,1,"C",3732,4871
-0.123597165479007,0.0852685459430969,-1.04734075437559,0,0,1,1,0,0,1,0,0,0,0,0,0,0,0,1,"C",482,4872
-0.0388165309323167,-0.00276057128495491,0.0197215268415128,0,0,1,1,0,0,1,0,0,0,0,0,0,0,0,1,"C",1341,4873
-0.094027065993473,0.0439512724379969,-0.901389182481578,0,0,1,1,0,0,1,0,0,0,0,0,0,0,0,1,"C",3204,4874
-0.0789622219999085,0.0203757960372949,-0.0886606057009471,0,0,1,1,0,0,1,0,0,0,0,0,0,0,0,1,"C",1763,4875
-0.102869711641954,0.0584514010230429,-0.869589303106453,0,0,1,1,0,0,1,0,0,0,0,0,0,0,0,1,"C",2318,4876
-0.1373616012257,0.0880396960546648,-1.65841575398085,0,0,1,1,0,0,1,0,0,0,0,0,0,0,0,1,"C",1059,4877
-0.0827833871378708,0.0316893606737348,-0.589497310015343,0,0,1,1,0,0,1,0,0,0,0,0,0,0,0,1,"C",1290,4878
-0.0624266176927777,0.026517767874288,0.213826281562408,0,0,1,1,0,0,1,0,0,0,0,0,0,0,0,1,"C",3146,4879
-0.0754989853924659,0.0560478539343074,-0.92919082384438,0,0,1,1,0,0,1,0,0,0,0,0,0,0,0,1,"C",1594,4880
-0.0559126432027,0.0357054074136265,0.78891311421271,0,0,1,1,0,0,1,0,0,0,0,0,0,0,0,1,"C",2727,4881
-0.121637459881007,0.0622118743203362,-0.596889394489365,0,0,1,1,0,0,1,0,0,0,0,0,0,0,0,1,"C",2960,4882
-0.0662724396604456,0.0149047994855568,-1.02015536132396,0,0,1,1,0,0,1,0,0,0,0,0,0,0,0,1,"C",3738,4883
-0.113690132299007,0.0470150095910894,-0.943283391129899,0,0,1,1,0,0,1,0,0,0,0,0,0,0,0,1,"C",1567,4884
-0.0672049863393753,0.0264059557860926,-1.10943585312624,0,0,1,1,0,0,1,0,0,0,0,0,0,0,0,1,"C",1930,4885
-0.0959540626633618,0.0442699879654611,-1.01530253107163,0,0,1,1,0,0,1,0,0,0,0,0,0,0,0,1,"C",3714,4886
-0.0829516710337807,0.0406733593322585,-0.230584469995526,0,0,1,1,0,0,1,0,0,0,0,0,0,0,0,1,"C",435,4887
-0.112167365745997,0.0686460518331737,-1.73662164600699,0,0,1,1,0,0,1,0,0,0,0,0,0,0,0,1,"C",1461,4888
-0.0896389180340906,0.0503048934012708,-1.66365271279945,0,0,1,1,0,0,1,0,0,0,0,0,0,0,0,1,"C",2661,4889
-0.0883477915991013,0.0381737135540075,-0.114348115801557,0,0,1,1,0,0,1,0,0,0,0,0,0,0,0,1,"C",1967,4890
-0.154711982951837,0.0820607017211939,-1.96459071748043,0,0,1,1,0,0,1,0,0,0,0,0,0,0,0,1,"C",2087,4891
-0.0900811556743124,0.0470474062878669,-1.79637090763284,0,0,1,1,0,0,1,0,0,0,0,0,0,0,0,1,"C",2137,4892
-0.063625898301985,0.0371201226597191,-1.96206373539516,0,0,1,1,0,0,1,0,0,0,0,0,0,0,0,1,"C",2578,4893
-0.09847286977942,0.0232095398079856,0.532972668544342,0,0,1,1,0,0,1,0,0,0,0,0,0,0,0,1,"C",899,4894
-0.0768249780015808,0.0430132032004311,-0.767032968078978,0,0,1,1,0,0,1,0,0,0,0,0,0,0,0,1,"C",3030,4895
-0.0903797498458488,0.0170468736497951,0.584172030129973,0,0,1,1,0,0,1,0,0,0,0,0,0,0,0,1,"C",2602,4896
-0.082626377513297,0.0315091539500373,-1.36047906813762,0,0,1,1,0,0,1,0,0,0,0,0,0,0,0,1,"C",394,4897
-0.0922725537387607,0.0488668310782301,-1.88370762281844,0,0,1,1,0,0,1,0,0,0,0,0,0,0,0,1,"C",3326,4898
-0.105535572601221,0.0315693971364267,0.136404592723516,0,0,1,1,0,0,1,0,0,0,0,0,0,0,0,1,"C",2240,4899
-0.116788044089825,0.0559508891756954,2.44883250021484,0,0,1,1,0,0,1,0,0,0,0,0,0,0,0,1,"D",491,4900
-0.0840793876276338,0.0193371819297778,0.128579332697055,0,0,1,1,0,0,1,0,0,0,0,0,0,0,0,1,"D",3721,4901
-0.112169347671034,0.0654939764660884,2.40092796251149,0,0,1,1,0,0,1,0,0,0,0,0,0,0,0,1,"D",3402,4902
-0.147385438055202,0.0897625099174859,1.8514443863322,0,0,1,1,0,0,1,0,0,0,0,0,0,0,0,1,"D",368,4903
-0.0778936039601113,0.0334542778858266,0.713234737164224,0,0,1,1,0,0,1,0,0,0,0,0,0,0,0,1,"D",1484,4904
-0.118205180445209,0.0727685142505839,0.271512817360493,0,0,1,1,0,0,1,0,0,0,0,0,0,0,0,1,"D",2487,4905
-0.129207336765502,0.0655916174297436,2.39989163043813,0,0,1,1,0,0,1,0,0,0,0,0,0,0,0,1,"D",1608,4906
-0.0798583241350246,0.0264110912320809,1.12307275943841,0,0,1,1,0,0,1,0,0,0,0,0,0,0,0,1,"D",1462,4907
-0.0855594889058979,0.043306675357762,1.48802483878584,0,0,1,1,0,0,1,0,0,0,0,0,0,0,0,1,"D",3495,4908
-0.100786299063903,0.0512628486182261,-1.23249986135529,0,0,1,1,0,0,1,0,0,0,0,0,0,0,0,1,"D",3583,4909
-0.0800267237503641,0.0255189566824706,-0.461794262728339,0,0,1,1,0,0,1,0,0,0,0,0,0,0,0,1,"D",1747,4910
-0.0938303178125375,0.0279600995231555,0.448355728365668,0,0,1,1,0,0,1,0,0,0,0,0,0,0,0,1,"D",344,4911
-0.0833368528540365,0.0374734358702718,1.86649532807739,0,0,1,1,0,0,1,0,0,0,0,0,0,0,0,1,"D",3343,4912
-0.0737187397165786,0.0485771649063998,1.93270831091243,0,0,1,1,0,0,1,0,0,0,0,0,0,0,0,1,"D",2191,4913
-0.0955266950855178,0.0586655914859109,0.792210114781241,0,0,1,1,0,0,1,0,0,0,0,0,0,0,0,1,"D",2986,4914
-0.134177211609831,0.0781282445985056,0.752671145959886,0,0,1,1,0,0,1,0,0,0,0,0,0,0,0,1,"D",3527,4915
-0.0948843328877767,0.0351824978838583,-0.169329352606038,0,0,1,1,0,0,1,0,0,0,0,0,0,0,0,1,"D",3748,4916
-0.110866987513245,0.0540430554480382,1.15480554895749,0,0,1,1,0,0,1,0,0,0,0,0,0,0,0,1,"D",930,4917
-0.0897030353976249,0.0369168636799542,-0.120336243124744,0,0,1,1,0,0,1,0,0,0,0,0,0,0,0,1,"D",1560,4918
-0.0854491197170827,0.0338006840008653,1.05312335403654,0,0,1,1,0,0,1,0,0,0,0,0,0,0,0,1,"D",1549,4919
-0.118162585957288,0.0558615182909322,-0.156008780160354,0,0,1,1,0,0,1,0,0,0,0,0,0,0,0,1,"D",3423,4920
-0.112927758202017,0.0675764844195044,1.94639468445706,0,0,1,1,0,0,1,0,0,0,0,0,0,0,0,1,"D",3464,4921
-0.134362212923295,0.0759632796447125,-0.175116933336764,0,0,1,1,0,0,1,0,0,0,0,0,0,0,0,1,"D",1646,4922
-0.116837892187795,0.0709753533932804,0.0521677856877381,0,0,1,1,0,0,1,0,0,0,0,0,0,0,0,1,"D",2823,4923
-0.0764569183048831,0.0485735880242343,0.635065174157814,0,0,1,1,0,0,1,0,0,0,0,0,0,0,0,1,"D",2022,4924
-0.0886247040190491,0.0176831215652362,-1.34764350157098,0,0,1,1,0,0,1,0,0,0,0,0,0,0,0,1,"D",1255,4925
-0.137892209103191,0.0803323686409418,2.01288776570237,0,0,1,1,0,0,1,0,0,0,0,0,0,0,0,1,"D",1691,4926
-0.0914881425635025,0.0418018545048506,0.135765980904181,0,0,1,1,0,0,1,0,0,0,0,0,0,0,0,1,"D",3414,4927
-0.110897990108451,0.0543841555705035,-1.57847325712452,0,0,1,1,0,0,1,0,0,0,0,0,0,0,0,1,"D",1362,4928
-0.0772674714458565,0.0356645304365245,-0.36102224626726,0,0,1,1,0,0,1,0,0,0,0,0,0,0,0,1,"D",2845,4929
-0.0977643859889212,0.0469536016870158,1.98761007270091,0,0,1,1,0,0,1,0,0,0,0,0,0,0,0,1,"D",2333,4930
-0.122766939367935,0.0815356985400515,1.8920605321762,0,0,1,1,0,0,1,0,0,0,0,0,0,0,0,1,"D",2005,4931
-0.0651789420658754,0.0249157952298241,0.409404102609707,0,0,1,1,0,0,1,0,0,0,0,0,0,0,0,1,"D",2937,4932
-0.115706297336304,0.0612841012950467,1.10341133074365,0,0,1,1,0,0,1,0,0,0,0,0,0,0,0,1,"D",1628,4933
-0.101883714890071,0.064092790589978,-0.0443437522268944,0,0,1,1,0,0,1,0,0,0,0,0,0,0,0,1,"D",3122,4934
-0.0758102405324741,0.0135763808805391,-0.324486187785378,0,0,1,1,0,0,1,0,0,0,0,0,0,0,0,1,"D",666,4935
-0.0750010758242535,0.0503261202140154,-1.31798842759824,0,0,1,1,0,0,1,0,0,0,0,0,0,0,0,1,"D",1125,4936
-0.0716941534469784,0.030027858808332,1.43653498070503,0,0,1,1,0,0,1,0,0,0,0,0,0,0,0,1,"D",33,4937
-0.11589172554227,0.0516852074583138,0.590454592060219,0,0,1,1,0,0,1,0,0,0,0,0,0,0,0,1,"D",1671,4938
-0.151226181414893,0.0808498700527406,2.03255709119613,0,0,1,1,0,0,1,0,0,0,0,0,0,0,0,1,"D",2714,4939
-0.093755726549235,0.0305298199270547,1.87683251748638,0,0,1,1,0,0,1,0,0,0,0,0,0,0,0,1,"D",946,4940
-0.098383443586992,0.0512011323713858,1.78298980350522,0,0,1,1,0,0,1,0,0,0,0,0,0,0,0,1,"D",2718,4941
-0.0813854319341706,0.0260964097115693,0.353865096111917,0,0,1,1,0,0,1,0,0,0,0,0,0,0,0,1,"D",2372,4942
-0.0869455543846539,0.0495574908651558,2.37324086680525,0,0,1,1,0,0,1,0,0,0,0,0,0,0,0,1,"D",1117,4943
-0.111599504961289,0.0750610500911633,-2.12001032786807,0,0,1,1,0,0,1,0,0,0,0,0,0,0,0,1,"D",3186,4944
-0.0908325231656164,0.0479312050199895,1.01521663417985,0,0,1,1,0,0,1,0,0,0,0,0,0,0,0,1,"D",2648,4945
-0.107144660850424,0.0535539657258191,1.56603912847577,0,0,1,1,0,0,1,0,0,0,0,0,0,0,0,1,"D",3379,4946
-0.0742153631942715,0.0140836879890823,0.0620798794273408,0,0,1,1,0,0,1,0,0,0,0,0,0,0,0,1,"D",2742,4947
-0.0654081198514676,0.0139002440966714,-1.16787854399121,0,0,1,1,0,0,1,0,0,0,0,0,0,0,0,1,"D",2336,4948
-0.0910442580503567,0.0186628820165492,-1.43917755779648,0,0,1,1,0,0,1,0,0,0,0,0,0,0,0,1,"D",267,4949
-0.108244846465927,0.0424568164094448,1.02868890326552,0,0,1,1,0,0,1,0,0,0,0,0,0,0,0,1,"D",1359,4950
-0.124785510713231,0.0597866170069646,0.236242272301181,0,0,1,1,0,0,1,0,0,0,0,0,0,0,0,1,"D",1441,4951
-0.0941584435495366,0.0458055682423387,1.72919453624237,0,0,1,1,0,0,1,0,0,0,0,0,0,0,0,1,"D",1962,4952
-0.097196014467197,0.0165292073056848,-0.906428265851151,0,0,1,1,0,0,1,0,0,0,0,0,0,0,0,1,"D",3717,4953
-0.0763356300174758,0.0289250481145472,-0.153802112919219,0,0,1,1,0,0,1,0,0,0,0,0,0,0,0,1,"D",347,4954
-0.105904087938822,0.0620015818658467,-0.0513651002361343,0,0,1,1,0,0,1,0,0,0,0,0,0,0,0,1,"D",2090,4955
-0.103918821777516,0.024904481175085,0.0449903515060104,0,0,1,1,0,0,1,0,0,0,0,0,0,0,0,1,"D",3406,4956
-0.14307644146319,0.0866533924283402,0.892715348906941,0,0,1,1,0,0,1,0,0,0,0,0,0,0,0,1,"D",2061,4957
-0.0966467491630278,0.0700901309439197,0.885599305441282,0,0,1,1,0,0,1,0,0,0,0,0,0,0,0,1,"D",3699,4958
-0.0971950365835852,0.0343270616380359,0.587631498448651,0,0,1,1,0,0,1,0,0,0,0,0,0,0,0,1,"D",1385,4959
-0.0833135184221357,0.0577728489457757,-0.83533246912411,0,0,1,1,0,0,1,0,0,0,0,0,0,0,0,1,"D",729,4960
-0.0710136524864448,0.0322630699501654,1.61448654435882,0,0,1,1,0,0,1,0,0,0,0,0,0,0,0,1,"D",712,4961
-0.132892422481522,0.0544198207348757,0.665249919820137,0,0,1,1,0,0,1,0,0,0,0,0,0,0,0,1,"D",656,4962
-0.127474755009526,0.0662838212337241,1.20702758910199,0,0,1,1,0,0,1,0,0,0,0,0,0,0,0,1,"D",1397,4963
-0.12823396906532,0.0829828436217406,1.82566502698311,0,0,1,1,0,0,1,0,0,0,0,0,0,0,0,1,"D",2074,4964
-0.110835332398698,0.0378242857341573,1.87062778264154,0,0,1,1,0,0,1,0,0,0,0,0,0,0,0,1,"D",857,4965
-0.142890694635927,0.0886885633879043,2.11890532216646,0,0,1,1,0,0,1,0,0,0,0,0,0,0,0,1,"D",2257,4966
-0.0625508383312087,-0.00575364854732839,-0.135399698736116,0,0,1,1,0,0,1,0,0,0,0,0,0,0,0,1,"D",1072,4967
-0.101376222493894,0.0713657477804926,0.883306437126369,0,0,1,1,0,0,1,0,0,0,0,0,0,0,0,1,"D",1687,4968
-0.120284396492083,0.0462452123644278,1.88516672196645,0,0,1,1,0,0,1,0,0,0,0,0,0,0,0,1,"D",2575,4969
-0.110814871004084,0.0447342060059019,-0.674114904652583,0,0,1,1,0,0,1,0,0,0,0,0,0,0,0,1,"D",3006,4970
-0.062846633970662,0.0395857095902479,1.04511706860249,0,0,1,1,0,0,1,0,0,0,0,0,0,0,0,1,"D",3732,4971
-0.117416184784302,0.0589612509232106,-0.759783347207451,0,0,1,1,0,0,1,0,0,0,0,0,0,0,0,1,"D",482,4972
-0.124713390451768,0.0524320551313583,0.688342242813566,0,0,1,1,0,0,1,0,0,0,0,0,0,0,0,1,"D",1341,4973
-0.0962925241885295,0.0602442708105605,1.80519390565794,0,0,1,1,0,0,1,0,0,0,0,0,0,0,0,1,"D",3204,4974
-0.112815139861375,0.0731489641099271,-0.303385651042774,0,0,1,1,0,0,1,0,0,0,0,0,0,0,0,1,"D",1763,4975
-0.0615351143829368,0.016444913434561,-0.75896815090153,0,0,1,1,0,0,1,0,0,0,0,0,0,0,0,1,"D",2318,4976
-0.0740234082286812,0.044811565199251,0.41016600916992,0,0,1,1,0,0,1,0,0,0,0,0,0,0,0,1,"D",1059,4977
-0.142481275932014,0.0718937786454832,1.86000308938469,0,0,1,1,0,0,1,0,0,0,0,0,0,0,0,1,"D",1290,4978
-0.0859182684490913,0.0522044549759956,0.494283057609382,0,0,1,1,0,0,1,0,0,0,0,0,0,0,0,1,"D",3146,4979
-0.0963410808213405,0.0187850601541906,-1.08254559036539,0,0,1,1,0,0,1,0,0,0,0,0,0,0,0,1,"D",1594,4980
-0.0925720616464099,0.0716663233187162,-0.718828393423809,0,0,1,1,0,0,1,0,0,0,0,0,0,0,0,1,"D",2727,4981
-0.140087250570039,0.0861037169725021,0.418504125840029,0,0,1,1,0,0,1,0,0,0,0,0,0,0,0,1,"D",2960,4982
-0.121733326681864,0.0559426612646266,-0.496725710440148,0,0,1,1,0,0,1,0,0,0,0,0,0,0,0,1,"D",3738,4983
-0.0427512029531101,0.0188529406927732,0.0952766881933523,0,0,1,1,0,0,1,0,0,0,0,0,0,0,0,1,"D",1567,4984
-0.0958026357616515,0.0520667254188013,-1.10960702004471,0,0,1,1,0,0,1,0,0,0,0,0,0,0,0,1,"D",1930,4985
-0.100048770710798,0.0493244706081922,0.121898505114592,0,0,1,1,0,0,1,0,0,0,0,0,0,0,0,1,"D",3714,4986
-0.143772528031625,0.0650395895059393,1.00294245599418,0,0,1,1,0,0,1,0,0,0,0,0,0,0,0,1,"D",435,4987
-0.090136555024507,0.0418585297514249,-0.320331837848167,0,0,1,1,0,0,1,0,0,0,0,0,0,0,0,1,"D",1461,4988
-0.115141636372722,0.0574232545470484,2.52560593440609,0,0,1,1,0,0,1,0,0,0,0,0,0,0,0,1,"D",2661,4989
-0.0946875985903411,0.0425551121880427,0.849839621925022,0,0,1,1,0,0,1,0,0,0,0,0,0,0,0,1,"D",1967,4990
-0.0941746361024924,0.0328959657109048,-1.0164325906832,0,0,1,1,0,0,1,0,0,0,0,0,0,0,0,1,"D",2087,4991
-0.085113936008363,0.0101183960207152,-0.661713951415779,0,0,1,1,0,0,1,0,0,0,0,0,0,0,0,1,"D",2137,4992
-0.10684282049202,0.0831483263838975,2.67655043793915,0,0,1,1,0,0,1,0,0,0,0,0,0,0,0,1,"D",2578,4993
-0.113934546898185,0.0436533332269245,-0.782828925758467,0,0,1,1,0,0,1,0,0,0,0,0,0,0,0,1,"D",899,4994
-0.110412928933243,0.0823926596620282,0.871852256168348,0,0,1,1,0,0,1,0,0,0,0,0,0,0,0,1,"D",3030,4995
-0.109730549784739,0.0601247593159054,1.71183285507253,0,0,1,1,0,0,1,0,0,0,0,0,0,0,0,1,"D",2602,4996
-0.121665463385583,0.0510586672891062,-0.97234643756791,0,0,1,1,0,0,1,0,0,0,0,0,0,0,0,1,"D",394,4997
-0.0861193392267835,0.0530580781513061,0.831748194151931,0,0,1,1,0,0,1,0,0,0,0,0,0,0,0,1,"D",3326,4998
-0.0925244170633782,0.0633139146440288,1.19874327582162,0,0,1,1,0,0,1,0,0,0,0,0,0,0,0,1,"D",2240,4999
-0.0781658862068189,0.0437213739011166,0.950576306673775,0,0,1,1,0,0,0,1,0,0,1,0,0,0,0,0,"C",491,5000
-0.0990943060005074,0.0233288191034203,0.17964686401409,0,0,1,1,0,0,0,1,0,0,1,0,0,0,0,0,"C",3721,5001
-0.107053432729817,0.00141992062167595,0.9349458230758,0,0,1,1,0,0,0,1,0,0,1,0,0,0,0,0,"C",3402,5002
-0.0455437265836229,0.0304047747921842,0.640296243856356,0,0,1,1,0,0,0,1,0,0,1,0,0,0,0,0,"C",368,5003
-0.0982498518833745,0.0236673850501889,0.983822432751027,0,0,1,1,0,0,0,1,0,0,1,0,0,0,0,0,"C",1484,5004
-0.101836437549651,0.0201438569069127,0.411462572373825,0,0,1,1,0,0,0,1,0,0,1,0,0,0,0,0,"C",2487,5005
-0.0960246762725251,0.0349951021169227,0.679307572750525,0,0,1,1,0,0,0,1,0,0,1,0,0,0,0,0,"C",1608,5006
-0.0915188883727234,0.0302094108639383,0.441218554488179,0,0,1,1,0,0,0,1,0,0,1,0,0,0,0,0,"C",1462,5007
-0.0860367457419792,0.0187249578463952,0.193702298143592,0,0,1,1,0,0,0,1,0,0,1,0,0,0,0,0,"C",3495,5008
-0.0807424178240069,0.00420313175439352,0.642146760244886,0,0,1,1,0,0,0,1,0,0,1,0,0,0,0,0,"C",3583,5009
-0.109367548441039,0.0181065875117018,0.584744543299552,0,0,1,1,0,0,0,1,0,0,1,0,0,0,0,0,"C",1747,5010
-0.0991378457661465,0.0118007557376933,1.05765397790149,0,0,1,1,0,0,0,1,0,0,1,0,0,0,0,0,"C",344,5011
-0.0877880304380857,0.0103268129432205,0.57664323772089,0,0,1,1,0,0,0,1,0,0,1,0,0,0,0,0,"C",3343,5012
-0.0757302223174302,0.0258578661063646,0.456163911421563,0,0,1,1,0,0,0,1,0,0,1,0,0,0,0,0,"C",2191,5013
-0.0718746984893762,0.00580541431813806,0.469484239913955,0,0,1,1,0,0,0,1,0,0,1,0,0,0,0,0,"C",2986,5014
-0.0925562757153948,0.0202707783774404,0.520784723196094,0,0,1,1,0,0,0,1,0,0,1,0,0,0,0,0,"C",3527,5015
-0.102401009246014,0.023807747877941,1.01072292022503,0,0,1,1,0,0,0,1,0,0,1,0,0,0,0,0,"C",3748,5016
-0.0644300834624517,0.0122433450077937,0.512283781719789,0,0,1,1,0,0,0,1,0,0,1,0,0,0,0,0,"C",930,5017
-0.0864585372156106,0.0154229687868205,0.60763641692005,0,0,1,1,0,0,0,1,0,0,1,0,0,0,0,0,"C",1560,5018
-0.0684010400206217,-0.00098780182491752,0.884695299934758,0,0,1,1,0,0,0,1,0,0,1,0,0,0,0,0,"C",1549,5019
-0.0876326305730819,0.0542000414477707,1.05251802180305,0,0,1,1,0,0,0,1,0,0,1,0,0,0,0,0,"C",3423,5020
-0.0766192253773333,0.0221105002095898,0.446459400784575,0,0,1,1,0,0,0,1,0,0,1,0,0,0,0,0,"C",3464,5021
-0.0935429796607805,0.00196519658958641,1.03466773825455,0,0,1,1,0,0,0,1,0,0,1,0,0,0,0,0,"C",1646,5022
-0.100518555990145,0.0130390645428811,0.720492970761598,0,0,1,1,0,0,0,1,0,0,1,0,0,0,0,0,"C",2823,5023
-0.0958877691020083,0.037593505624243,0.610744127056291,0,0,1,1,0,0,0,1,0,0,1,0,0,0,0,0,"C",2022,5024
-0.0801682453574753,0.0280420456843058,0.493720019574908,0,0,1,1,0,0,0,1,0,0,1,0,0,0,0,0,"C",1255,5025
-0.0875036540749278,0.033425263247286,0.55479278407586,0,0,1,1,0,0,0,1,0,0,1,0,0,0,0,0,"C",1691,5026
-0.0625611967833056,0.0497585501561067,1.9806567196589,0,0,1,1,0,0,0,1,0,0,1,0,0,0,0,0,"C",3414,5027
-0.0898661645173499,0.0247277118957919,0.844647687292401,0,0,1,1,0,0,0,1,0,0,1,0,0,0,0,0,"C",1362,5028
-0.0862893290954085,0.00931345908061814,0.594638715425545,0,0,1,1,0,0,0,1,0,0,1,0,0,0,0,0,"C",2845,5029
-0.102968658650212,0.00652073542687999,1.55957322503447,0,0,1,1,0,0,0,1,0,0,1,0,0,0,0,0,"C",2333,5030
-0.0848351118173249,0.00537720942842393,0.149591946202311,0,0,1,1,0,0,0,1,0,0,1,0,0,0,0,0,"C",2005,5031
-0.0786427395869384,-0.0252690445221522,1.76453150379987,0,0,1,1,0,0,0,1,0,0,1,0,0,0,0,0,"C",2937,5032
-0.074515185215498,0.010797422194019,0.192086421268294,0,0,1,1,0,0,0,1,0,0,1,0,0,0,0,0,"C",1628,5033
-0.0894709515338093,0.00368318041132068,0.254168940941299,0,0,1,1,0,0,0,1,0,0,1,0,0,0,0,0,"C",3122,5034
-0.0779124869485741,0.0340693448781564,0.43967837643338,0,0,1,1,0,0,0,1,0,0,1,0,0,0,0,0,"C",666,5035
-0.0710516397064728,-0.00684474916343867,0.723310968971604,0,0,1,1,0,0,0,1,0,0,1,0,0,0,0,0,"C",1125,5036
-0.0493497110446409,0.0160328261786987,0.296356556783428,0,0,1,1,0,0,0,1,0,0,1,0,0,0,0,0,"C",33,5037
-0.0978938201105263,0.0394135199476039,0.0636744957073429,0,0,1,1,0,0,0,1,0,0,1,0,0,0,0,0,"C",1671,5038
-0.0650898761354217,0.0275485269252319,0.256045443275609,0,0,1,1,0,0,0,1,0,0,1,0,0,0,0,0,"C",2714,5039
-0.0641235049671724,0.0126585116398009,-0.114721674970298,0,0,1,1,0,0,0,1,0,0,1,0,0,0,0,0,"C",946,5040
-0.0695889003056161,-0.0173567227045084,1.15366711259543,0,0,1,1,0,0,0,1,0,0,1,0,0,0,0,0,"C",2718,5041
-0.090671945757275,0.0158516042781495,0.563649318994309,0,0,1,1,0,0,0,1,0,0,1,0,0,0,0,0,"C",2372,5042
-0.0717783951154094,0.0416397996600004,0.646162390816595,0,0,1,1,0,0,0,1,0,0,1,0,0,0,0,0,"C",1117,5043
-0.0574134148423382,0.00774331096349377,0.478701777050733,0,0,1,1,0,0,0,1,0,0,1,0,0,0,0,0,"C",3186,5044
-0.0672920761139684,0.0361260897457046,0.414193512434142,0,0,1,1,0,0,0,1,0,0,1,0,0,0,0,0,"C",2648,5045
-0.0992657322999057,0.025923803813285,0.474802368604885,0,0,1,1,0,0,0,1,0,0,1,0,0,0,0,0,"C",3379,5046
-0.0853427227293645,0.0220002556484916,0.741180296481567,0,0,1,1,0,0,0,1,0,0,1,0,0,0,0,0,"C",2742,5047
-0.0684041038460886,0.023655311257569,1.00337963461865,0,0,1,1,0,0,0,1,0,0,1,0,0,0,0,0,"C",2336,5048
-0.0791149455718745,-0.00410255900416404,-0.353664400828456,0,0,1,1,0,0,0,1,0,0,1,0,0,0,0,0,"C",267,5049
-0.0587903301419182,0.0254103733440843,0.44260571858745,0,0,1,1,0,0,0,1,0,0,1,0,0,0,0,0,"C",1359,5050
-0.102711592727517,0.0340378017670941,0.849686705780393,0,0,1,1,0,0,0,1,0,0,1,0,0,0,0,0,"C",1441,5051
-0.0982770985096172,-0.00163667044992732,0.519978335896185,0,0,1,1,0,0,0,1,0,0,1,0,0,0,0,0,"C",1962,5052
-0.110173078634432,-0.00694085911101065,0.968560265060812,0,0,1,1,0,0,0,1,0,0,1,0,0,0,0,0,"C",3717,5053
-0.0643204716179797,0.0302977292329678,-0.621256029460166,0,0,1,1,0,0,0,1,0,0,1,0,0,0,0,0,"C",347,5054
-0.0637146393004228,0.0528155029237104,0.84028367653836,0,0,1,1,0,0,0,1,0,0,1,0,0,0,0,0,"C",2090,5055
-0.0816530138314743,0.0507922906525886,0.796696794313618,0,0,1,1,0,0,0,1,0,0,1,0,0,0,0,0,"C",3406,5056
-0.0851481645231282,0.0160802066140041,0.266323917368737,0,0,1,1,0,0,0,1,0,0,1,0,0,0,0,0,"C",2061,5057
-0.0896760584987508,0.0301933350740927,0.737984357387701,0,0,1,1,0,0,0,1,0,0,1,0,0,0,0,0,"C",3699,5058
-0.092020111319542,0.001900489877337,0.767023246938451,0,0,1,1,0,0,0,1,0,0,1,0,0,0,0,0,"C",1385,5059
-0.0786180311234447,-0.00150335237950223,1.04702946975803,0,0,1,1,0,0,0,1,0,0,1,0,0,0,0,0,"C",729,5060
-0.0517009642080167,0.0153849427820526,-0.152463371925002,0,0,1,1,0,0,0,1,0,0,1,0,0,0,0,0,"C",712,5061
-0.0725180187265394,0.00907147965778852,0.983892857636449,0,0,1,1,0,0,0,1,0,0,1,0,0,0,0,0,"C",656,5062
-0.0702907759273853,0.0198103795069229,0.609852111907743,0,0,1,1,0,0,0,1,0,0,1,0,0,0,0,0,"C",1397,5063
-0.0789992860239191,0.00320683730865079,0.873267395965942,0,0,1,1,0,0,0,1,0,0,1,0,0,0,0,0,"C",2074,5064
-0.0856098317965485,0.0173143112318687,0.360877499078343,0,0,1,1,0,0,0,1,0,0,1,0,0,0,0,0,"C",857,5065
-0.0889935248485439,0.0228031410091017,0.284462560792635,0,0,1,1,0,0,0,1,0,0,1,0,0,0,0,0,"C",2257,5066
-0.0749141197600692,0.0310797276050839,0.620217828889259,0,0,1,1,0,0,0,1,0,0,1,0,0,0,0,0,"C",1072,5067
-0.059413394533096,0.025500191847916,0.382265218291376,0,0,1,1,0,0,0,1,0,0,1,0,0,0,0,0,"C",1687,5068
-0.0730898165665825,0.0279013620307866,0.501981824687446,0,0,1,1,0,0,0,1,0,0,1,0,0,0,0,0,"C",2575,5069
-0.0983820934707252,0.0016605107472013,1.01873090787341,0,0,1,1,0,0,0,1,0,0,1,0,0,0,0,0,"C",3006,5070
-0.086864459299158,-0.00427982426853237,0.506598022643325,0,0,1,1,0,0,0,1,0,0,1,0,0,0,0,0,"C",3732,5071
-0.0823441241361001,0.020050194510151,0.618486283334061,0,0,1,1,0,0,0,1,0,0,1,0,0,0,0,0,"C",482,5072
-0.0860342588800889,-0.0111065352791892,0.723381385895411,0,0,1,1,0,0,0,1,0,0,1,0,0,0,0,0,"C",1341,5073
-0.0785716504731086,0.0283511313022008,0.57257448236182,0,0,1,1,0,0,0,1,0,0,1,0,0,0,0,0,"C",3204,5074
-0.0579970317327375,0.0255551086557153,0.512985613728068,0,0,1,1,0,0,0,1,0,0,1,0,0,0,0,0,"C",1763,5075
-0.0809703604446269,0.0340101608518568,0.579722854361447,0,0,1,1,0,0,0,1,0,0,1,0,0,0,0,0,"C",2318,5076
-0.0871964284028312,0.00751479415643923,0.444484800609263,0,0,1,1,0,0,0,1,0,0,1,0,0,0,0,0,"C",1059,5077
-0.0987171389859636,-0.00597708144733973,0.824989327534515,0,0,1,1,0,0,0,1,0,0,1,0,0,0,0,0,"C",1290,5078
-0.0838558582133101,0.0182172103239805,0.1562662661,0,0,1,1,0,0,0,1,0,0,1,0,0,0,0,0,"C",3146,5079
-0.0783888440609163,0.0209142076703199,0.208208687727888,0,0,1,1,0,0,0,1,0,0,1,0,0,0,0,0,"C",1594,5080
-0.0873275445756805,0.0210653571844165,0.523666907348711,0,0,1,1,0,0,0,1,0,0,1,0,0,0,0,0,"C",2727,5081
-0.0852468866477695,0.0265563918195123,0.0565398070098325,0,0,1,1,0,0,0,1,0,0,1,0,0,0,0,0,"C",2960,5082
-0.0618429328582783,-0.010184502197838,1.25275300181075,0,0,1,1,0,0,0,1,0,0,1,0,0,0,0,0,"C",3738,5083
-0.0959024037555129,0.02027594396984,0.643649905475916,0,0,1,1,0,0,0,1,0,0,1,0,0,0,0,0,"C",1567,5084
-0.0709446608616416,-0.00851669759457879,1.64923618961777,0,0,1,1,0,0,0,1,0,0,1,0,0,0,0,0,"C",1930,5085
-0.0676542065343041,0.0282533732169672,0.772034219357009,0,0,1,1,0,0,0,1,0,0,1,0,0,0,0,0,"C",3714,5086
-0.0716558919481955,0.0365125859449619,0.741046913019239,0,0,1,1,0,0,0,1,0,0,1,0,0,0,0,0,"C",435,5087
-0.0797029120044895,0.012199015617287,0.59581224520315,0,0,1,1,0,0,0,1,0,0,1,0,0,0,0,0,"C",1461,5088
-0.0684204124288726,0.00732001967787659,0.135569335565741,0,0,1,1,0,0,0,1,0,0,1,0,0,0,0,0,"C",2661,5089
-0.0928981544467988,0.00772157819782739,1.11709219867409,0,0,1,1,0,0,0,1,0,0,1,0,0,0,0,0,"C",1967,5090
-0.0912649103859862,0.0537065710037785,0.0776485209763954,0,0,1,1,0,0,0,1,0,0,1,0,0,0,0,0,"C",2087,5091
-0.0895537184923326,-0.00554200445212412,1.10376781527069,0,0,1,1,0,0,0,1,0,0,1,0,0,0,0,0,"C",2137,5092
-0.0417182129658833,0.0280721831750487,-0.0446861152381855,0,0,1,1,0,0,0,1,0,0,1,0,0,0,0,0,"C",2578,5093
-0.103868264395733,0.0243628363060597,0.470115307174953,0,0,1,1,0,0,0,1,0,0,1,0,0,0,0,0,"C",899,5094
-0.0843064913069653,-0.00095910275557359,0.153511381332765,0,0,1,1,0,0,0,1,0,0,1,0,0,0,0,0,"C",3030,5095
-0.0985029481175824,0.0129668915341496,0.705328049464175,0,0,1,1,0,0,0,1,0,0,1,0,0,0,0,0,"C",2602,5096
-0.0916092811868393,0.00666544593936195,0.76006984829676,0,0,1,1,0,0,0,1,0,0,1,0,0,0,0,0,"C",394,5097
-0.0746435831216522,0.0101427379750889,0.409791099613988,0,0,1,1,0,0,0,1,0,0,1,0,0,0,0,0,"C",3326,5098
-0.0728559070717054,0.0269747173345431,1.09367812162836,0,0,1,1,0,0,0,1,0,0,1,0,0,0,0,0,"C",2240,5099
-0.0631634912711085,0.0100165301056642,0.506070743061849,0,0,1,1,0,0,0,1,0,0,1,0,0,0,0,0,"D",491,5100
-0.0949920810553789,-0.014942155789891,1.05692579238499,0,0,1,1,0,0,0,1,0,0,1,0,0,0,0,0,"D",3721,5101
-0.108569700889162,0.00127009738625119,0.665152657319938,0,0,1,1,0,0,0,1,0,0,1,0,0,0,0,0,"D",3402,5102
-0.0874534252839663,-0.0105514160897333,0.809618983225942,0,0,1,1,0,0,0,1,0,0,1,0,0,0,0,0,"D",368,5103
-0.0836712093650787,-0.0197555250606942,0.68692135740741,0,0,1,1,0,0,0,1,0,0,1,0,0,0,0,0,"D",1484,5104
-0.13288028745645,-0.0142891037910304,0.825557380991148,0,0,1,1,0,0,0,1,0,0,1,0,0,0,0,0,"D",2487,5105
-0.0986681946373428,0.0042585481542283,0.547456504924773,0,0,1,1,0,0,0,1,0,0,1,0,0,0,0,0,"D",1608,5106
-0.118154044459016,-0.0221673642500685,1.25303679476834,0,0,1,1,0,0,0,1,0,0,1,0,0,0,0,0,"D",1462,5107
-0.0994179893356367,-0.00184037657740365,0.628944332479933,0,0,1,1,0,0,0,1,0,0,1,0,0,0,0,0,"D",3495,5108
-0.131167100354632,0.00017869615860459,0.694169387706215,0,0,1,1,0,0,0,1,0,0,1,0,0,0,0,0,"D",3583,5109
-0.147879364238412,-0.0186937991111131,0.993897998162517,0,0,1,1,0,0,0,1,0,0,1,0,0,0,0,0,"D",1747,5110
-0.0957826562574225,-0.0243073995973838,1.46167290942004,0,0,1,1,0,0,0,1,0,0,1,0,0,0,0,0,"D",344,5111
-0.10963278989051,-0.00383469008663038,0.837135785193987,0,0,1,1,0,0,0,1,0,0,1,0,0,0,0,0,"D",3343,5112
-0.101596279871717,-0.0239431897197668,1.09486518047618,0,0,1,1,0,0,0,1,0,0,1,0,0,0,0,0,"D",2191,5113
-0.106167984298488,-0.0205166463171635,1.31023518486473,0,0,1,1,0,0,0,1,0,0,1,0,0,0,0,0,"D",2986,5114
-0.0977534532248651,0.00112695832295547,0.926256878337163,0,0,1,1,0,0,0,1,0,0,1,0,0,0,0,0,"D",3527,5115
-0.0808591409264343,-0.0148764103764396,1.44564660296633,0,0,1,1,0,0,0,1,0,0,1,0,0,0,0,0,"D",3748,5116
-0.105479086399417,-0.0410963645565684,1.21149037827436,0,0,1,1,0,0,0,1,0,0,1,0,0,0,0,0,"D",930,5117
-0.0995993914924692,-0.0398004371847543,1.37889715307053,0,0,1,1,0,0,0,1,0,0,1,0,0,0,0,0,"D",1560,5118
-0.0864482719077187,-0.0331378279390663,0.921223685552536,0,0,1,1,0,0,0,1,0,0,1,0,0,0,0,0,"D",1549,5119
-0.119245724042908,-0.0117487227324442,1.12454887765051,0,0,1,1,0,0,0,1,0,0,1,0,0,0,0,0,"D",3423,5120
-0.0758593623999008,-0.0384969030746231,1.25899733591679,0,0,1,1,0,0,0,1,0,0,1,0,0,0,0,0,"D",3464,5121
-0.0892897127042411,-0.0138860727176487,1.35721316155419,0,0,1,1,0,0,0,1,0,0,1,0,0,0,0,0,"D",1646,5122
-0.142866783117728,0.00680702477235992,0.351988499708995,0,0,1,1,0,0,0,1,0,0,1,0,0,0,0,0,"D",2823,5123
-0.121706390745045,-0.0277348642872215,1.31041396406555,0,0,1,1,0,0,0,1,0,0,1,0,0,0,0,0,"D",2022,5124
-0.0907600198864929,-0.0124071166663368,0.771827596085657,0,0,1,1,0,0,0,1,0,0,1,0,0,0,0,0,"D",1255,5125
-0.108378546816246,-0.0369072251946476,1.36944640544734,0,0,1,1,0,0,0,1,0,0,1,0,0,0,0,0,"D",1691,5126
-0.101823006572929,-0.00602283692226206,0.224407127451344,0,0,1,1,0,0,0,1,0,0,1,0,0,0,0,0,"D",3414,5127
-0.127424339693512,-0.0160353677727874,1.56026811911122,0,0,1,1,0,0,0,1,0,0,1,0,0,0,0,0,"D",1362,5128
-0.112995711484771,0.0136774131176914,0.805845321878529,0,0,1,1,0,0,0,1,0,0,1,0,0,0,0,0,"D",2845,5129
-0.121144521857685,-0.015193577124476,0.986449767782825,0,0,1,1,0,0,0,1,0,0,1,0,0,0,0,0,"D",2333,5130
-0.143464693011717,-0.0126673318136085,1.04126401566433,0,0,1,1,0,0,0,1,0,0,1,0,0,0,0,0,"D",2005,5131
-0.114623543292838,-0.00514032031788884,0.80110325592211,0,0,1,1,0,0,0,1,0,0,1,0,0,0,0,0,"D",2937,5132
-0.137002657041065,0.0169108898045449,0.399237512553117,0,0,1,1,0,0,0,1,0,0,1,0,0,0,0,0,"D",1628,5133
-0.101504773460977,-0.00209035246489853,0.947707148322723,0,0,1,1,0,0,0,1,0,0,1,0,0,0,0,0,"D",3122,5134
-0.103198150553078,-0.0147313203921094,0.93301771262148,0,0,1,1,0,0,0,1,0,0,1,0,0,0,0,0,"D",666,5135
-0.119478348318704,0.0132597025942,0.22559615360234,0,0,1,1,0,0,0,1,0,0,1,0,0,0,0,0,"D",1125,5136
-0.121250742505463,-0.0245023786696293,1.02478300915194,0,0,1,1,0,0,0,1,0,0,1,0,0,0,0,0,"D",33,5137
-0.11854735843993,0.00548710073854007,0.710414066691113,0,0,1,1,0,0,0,1,0,0,1,0,0,0,0,0,"D",1671,5138
-0.097408605040319,-0.0418224813979033,1.2104188382683,0,0,1,1,0,0,0,1,0,0,1,0,0,0,0,0,"D",2714,5139
-0.0977913373451024,-0.014401649056258,0.813131498369766,0,0,1,1,0,0,0,1,0,0,1,0,0,0,0,0,"D",946,5140
-0.135384689834955,-0.012439366224591,0.684933127882834,0,0,1,1,0,0,0,1,0,0,1,0,0,0,0,0,"D",2718,5141
-0.113167255843414,-0.0294725929376609,1.22376005206717,0,0,1,1,0,0,0,1,0,0,1,0,0,0,0,0,"D",2372,5142
-0.0750267423541037,-0.0206938579757277,1.36365524910074,0,0,1,1,0,0,0,1,0,0,1,0,0,0,0,0,"D",1117,5143
-0.129525884220115,-0.0195765652813852,0.892534001216399,0,0,1,1,0,0,0,1,0,0,1,0,0,0,0,0,"D",3186,5144
-0.0934658960770129,0.0171144038017238,0.370571193353767,0,0,1,1,0,0,0,1,0,0,1,0,0,0,0,0,"D",2648,5145
-0.0897182474895431,0.0221659976090207,0.100478105128326,0,0,1,1,0,0,0,1,0,0,1,0,0,0,0,0,"D",3379,5146
-0.119146285342184,-0.027382144565663,1.03860186504789,0,0,1,1,0,0,0,1,0,0,1,0,0,0,0,0,"D",2742,5147
-0.0972858168410139,-0.0368387229156874,1.53935359570347,0,0,1,1,0,0,0,1,0,0,1,0,0,0,0,0,"D",2336,5148
-0.0981432194546032,-0.0323580879399677,1.57334823020317,0,0,1,1,0,0,0,1,0,0,1,0,0,0,0,0,"D",267,5149
-0.123771900506176,0.0112259601465579,0.479349576616744,0,0,1,1,0,0,0,1,0,0,1,0,0,0,0,0,"D",1359,5150
-0.107603001133555,-0.0265037377670584,1.17313111407792,0,0,1,1,0,0,0,1,0,0,1,0,0,0,0,0,"D",1441,5151
-0.124476950371861,-0.0160564610261596,0.850175638561581,0,0,1,1,0,0,0,1,0,0,1,0,0,0,0,0,"D",1962,5152
-0.130056352479533,-0.0225796236278987,0.74249266079552,0,0,1,1,0,0,0,1,0,0,1,0,0,0,0,0,"D",3717,5153
-0.118559904071564,-0.00874020708762343,0.959235617473554,0,0,1,1,0,0,0,1,0,0,1,0,0,0,0,0,"D",347,5154
-0.101087418336578,-0.01316932010112,0.656694930567662,0,0,1,1,0,0,0,1,0,0,1,0,0,0,0,0,"D",2090,5155
-0.0954462339687233,-0.010584579406486,0.26554945604668,0,0,1,1,0,0,0,1,0,0,1,0,0,0,0,0,"D",3406,5156
-0.111123725483666,-0.0121520225196275,1.17723431855559,0,0,1,1,0,0,0,1,0,0,1,0,0,0,0,0,"D",2061,5157
-0.06273051645788,-0.00408361462349704,0.486625610755383,0,0,1,1,0,0,0,1,0,0,1,0,0,0,0,0,"D",3699,5158
-0.102351744444632,-0.00274822109393377,0.917824159904468,0,0,1,1,0,0,0,1,0,0,1,0,0,0,0,0,"D",1385,5159
-0.0914812856107075,-0.00650907707617144,1.04675108445896,0,0,1,1,0,0,0,1,0,0,1,0,0,0,0,0,"D",729,5160
-0.101059207052947,-0.0173811551170849,0.952868913736397,0,0,1,1,0,0,0,1,0,0,1,0,0,0,0,0,"D",712,5161
-0.0716988759830521,-0.0325015500696439,1.44365054775316,0,0,1,1,0,0,0,1,0,0,1,0,0,0,0,0,"D",656,5162
-0.134758599076223,-0.0157873596569289,0.697528942262495,0,0,1,1,0,0,0,1,0,0,1,0,0,0,0,0,"D",1397,5163
-0.0942403948905913,-0.0160812024691081,0.863080492571755,0,0,1,1,0,0,0,1,0,0,1,0,0,0,0,0,"D",2074,5164
-0.11254053339693,-0.00670955830374306,0.872859413161369,0,0,1,1,0,0,0,1,0,0,1,0,0,0,0,0,"D",857,5165
-0.0941625292077645,-0.0167891717218871,1.04356428937156,0,0,1,1,0,0,0,1,0,0,1,0,0,0,0,0,"D",2257,5166
-0.0948716625557565,-0.00510414289978335,0.730922820230108,0,0,1,1,0,0,0,1,0,0,1,0,0,0,0,0,"D",1072,5167
-0.142260004208583,-0.0150898263758373,0.860058052388601,0,0,1,1,0,0,0,1,0,0,1,0,0,0,0,0,"D",1687,5168
-0.0934839345641906,0.0218967270771271,1.28154949939682,0,0,1,1,0,0,0,1,0,0,1,0,0,0,0,0,"D",2575,5169
-0.0771952264164626,0.000100722874668941,1.51659247513879,0,0,1,1,0,0,0,1,0,0,1,0,0,0,0,0,"D",3006,5170
-0.111343990769284,0.00464162134320783,0.528193597298603,0,0,1,1,0,0,0,1,0,0,1,0,0,0,0,0,"D",3732,5171
-0.117474251071195,0.0233912832160429,0.797474265788738,0,0,1,1,0,0,0,1,0,0,1,0,0,0,0,0,"D",482,5172
-0.094864521747956,-0.00453731948617555,0.663604552750497,0,0,1,1,0,0,0,1,0,0,1,0,0,0,0,0,"D",1341,5173
-0.100732488377004,0.0125775696461407,0.519699159911478,0,0,1,1,0,0,0,1,0,0,1,0,0,0,0,0,"D",3204,5174
-0.0802597454906633,-0.0257730309528836,1.45768175570305,0,0,1,1,0,0,0,1,0,0,1,0,0,0,0,0,"D",1763,5175
-0.107630438893064,0.00112143137980619,0.703013835923046,0,0,1,1,0,0,0,1,0,0,1,0,0,0,0,0,"D",2318,5176
-0.117017502268124,0.0022659023392316,0.30950894182912,0,0,1,1,0,0,0,1,0,0,1,0,0,0,0,0,"D",1059,5177
-0.0992258796742734,0.0302187117236126,0.45941883582827,0,0,1,1,0,0,0,1,0,0,1,0,0,0,0,0,"D",1290,5178
-0.0938058905983611,-0.0286156183517612,1.65699582880375,0,0,1,1,0,0,0,1,0,0,1,0,0,0,0,0,"D",3146,5179
-0.11590685072593,-0.0221262137627837,0.682592455596887,0,0,1,1,0,0,0,1,0,0,1,0,0,0,0,0,"D",1594,5180
-0.105542107253004,-0.0259390124356332,0.847532741900183,0,0,1,1,0,0,0,1,0,0,1,0,0,0,0,0,"D",2727,5181
-0.128391306530945,-0.0130735527140507,0.987312944005529,0,0,1,1,0,0,0,1,0,0,1,0,0,0,0,0,"D",2960,5182
-0.121545574315518,0.0119617555504706,0.857899911514779,0,0,1,1,0,0,0,1,0,0,1,0,0,0,0,0,"D",3738,5183
-0.100706786152603,-0.0180130982745973,0.904763240016676,0,0,1,1,0,0,0,1,0,0,1,0,0,0,0,0,"D",1567,5184
-0.0993251571429352,-0.0416138734387759,1.10871318384172,0,0,1,1,0,0,0,1,0,0,1,0,0,0,0,0,"D",1930,5185
-0.0857236836801721,-0.016991995043608,0.969912005476803,0,0,1,1,0,0,0,1,0,0,1,0,0,0,0,0,"D",3714,5186
-0.12441107744515,-0.0173571540206285,0.817784243026376,0,0,1,1,0,0,0,1,0,0,1,0,0,0,0,0,"D",435,5187
-0.0928296232127388,-0.00135621508405398,0.867676944159865,0,0,1,1,0,0,0,1,0,0,1,0,0,0,0,0,"D",1461,5188
-0.115875672442006,-0.054076781740878,1.42162832898452,0,0,1,1,0,0,0,1,0,0,1,0,0,0,0,0,"D",2661,5189
-0.0906701205416027,-0.0157631081149389,1.10087882041532,0,0,1,1,0,0,0,1,0,0,1,0,0,0,0,0,"D",1967,5190
-0.109697261341594,-0.0466747262805302,1.19050962665554,0,0,1,1,0,0,0,1,0,0,1,0,0,0,0,0,"D",2087,5191
-0.0967098775813168,0.0130863095396333,0.180646105953211,0,0,1,1,0,0,0,1,0,0,1,0,0,0,0,0,"D",2137,5192
-0.0983715986295941,-0.0230203730776042,0.860784095253529,0,0,1,1,0,0,0,1,0,0,1,0,0,0,0,0,"D",2578,5193
-0.112515476625977,-0.00801981414953818,1.0014242199106,0,0,1,1,0,0,0,1,0,0,1,0,0,0,0,0,"D",899,5194
-0.086712445777934,-0.0073989261429929,0.512356704256898,0,0,1,1,0,0,0,1,0,0,1,0,0,0,0,0,"D",3030,5195
-0.105090793370047,-0.0174802105651948,1.46496936066461,0,0,1,1,0,0,0,1,0,0,1,0,0,0,0,0,"D",2602,5196
-0.0857357024918711,-0.00102952533333805,0.595330420287466,0,0,1,1,0,0,0,1,0,0,1,0,0,0,0,0,"D",394,5197
-0.109478891372312,-0.0160428771359315,1.01865609630828,0,0,1,1,0,0,0,1,0,0,1,0,0,0,0,0,"D",3326,5198
-0.105803848786713,-0.0524269004396496,1.3014757933562,0,0,1,1,0,0,0,1,0,0,1,0,0,0,0,0,"D",2240,5199
-0.114763315842828,0.0300943762597307,0.270102663436764,0,0,1,1,0,0,0,1,0,0,0,1,0,0,0,0,"C",491,5200
-0.08062369817111,0.0406412673189195,0.150499566081101,0,0,1,1,0,0,0,1,0,0,0,1,0,0,0,0,"C",3721,5201
-0.103706968823799,0.030916573870278,0.0692706929150862,0,0,1,1,0,0,0,1,0,0,0,1,0,0,0,0,"C",3402,5202
-0.0724055069756481,0.0130837248219135,0.32045884176281,0,0,1,1,0,0,0,1,0,0,0,1,0,0,0,0,"C",368,5203
-0.0968589975404592,0.0347237708654699,0.673438598185857,0,0,1,1,0,0,0,1,0,0,0,1,0,0,0,0,"C",1484,5204
-0.11272487634186,0.0255110984903441,0.178175527217822,0,0,1,1,0,0,0,1,0,0,0,1,0,0,0,0,"C",2487,5205
-0.102138596413436,0.0372946678073653,0.370482908562735,0,0,1,1,0,0,0,1,0,0,0,1,0,0,0,0,"C",1608,5206
-0.0908261473640756,0.0369533299890159,0.225115168421213,0,0,1,1,0,0,0,1,0,0,0,1,0,0,0,0,"C",1462,5207
-0.0676707869119702,0.0192530375564086,0.466414454826746,0,0,1,1,0,0,0,1,0,0,0,1,0,0,0,0,"C",3495,5208
-0.0576033197379631,0.032594461722301,0.106845386530668,0,0,1,1,0,0,0,1,0,0,0,1,0,0,0,0,"C",3583,5209
-0.105397381241045,0.0479107204634125,0.151217115589382,0,0,1,1,0,0,0,1,0,0,0,1,0,0,0,0,"C",1747,5210
-0.102918987817883,0.0377777968875223,0.342393531840973,0,0,1,1,0,0,0,1,0,0,0,1,0,0,0,0,"C",344,5211
-0.0789889580090485,0.026681752691849,0.0400794269582813,0,0,1,1,0,0,0,1,0,0,0,1,0,0,0,0,"C",3343,5212
-0.0863191216290739,0.0309008496150896,0.0826457706374635,0,0,1,1,0,0,0,1,0,0,0,1,0,0,0,0,"C",2191,5213
-0.0800312356513211,0.016620533111079,0.0311006095997395,0,0,1,1,0,0,0,1,0,0,0,1,0,0,0,0,"C",2986,5214
-0.0838148397249203,0.0299359536560675,0.575121364951532,0,0,1,1,0,0,0,1,0,0,0,1,0,0,0,0,"C",3527,5215
-0.101052772075366,0.0397872591087547,0.687064783000322,0,0,1,1,0,0,0,1,0,0,0,1,0,0,0,0,"C",3748,5216
-0.0681359128668192,0.0243556211901263,0.0699817220725625,0,0,1,1,0,0,0,1,0,0,0,1,0,0,0,0,"C",930,5217
-0.0995360746186439,0.031291174408313,-0.0566424268899133,0,0,1,1,0,0,0,1,0,0,0,1,0,0,0,0,"C",1560,5218
-0.0728093682315419,0.00288443494012453,0.531317954404144,0,0,1,1,0,0,0,1,0,0,0,1,0,0,0,0,"C",1549,5219
-0.105689713745262,0.0368159853268614,0.482840831030432,0,0,1,1,0,0,0,1,0,0,0,1,0,0,0,0,"C",3423,5220
-0.0885315597236097,0.0154177306865001,0.213344302531544,0,0,1,1,0,0,0,1,0,0,0,1,0,0,0,0,"C",3464,5221
-0.0686744230933287,0.0139702422046977,0.272257056138509,0,0,1,1,0,0,0,1,0,0,0,1,0,0,0,0,"C",1646,5222
-0.0801445037264311,0.039044479169416,0.178166078015006,0,0,1,1,0,0,0,1,0,0,0,1,0,0,0,0,"C",2823,5223
-0.0990614868881919,0.0688697374192221,0.535327713568653,0,0,1,1,0,0,0,1,0,0,0,1,0,0,0,0,"C",2022,5224
-0.0839715388468834,0.0347979157442372,0.206892916700771,0,0,1,1,0,0,0,1,0,0,0,1,0,0,0,0,"C",1255,5225
-0.0922364321982358,0.0584014285807951,0.341517794547373,0,0,1,1,0,0,0,1,0,0,0,1,0,0,0,0,"C",1691,5226
-0.0867003142881609,0.0399035248980778,1.25242511352721,0,0,1,1,0,0,0,1,0,0,0,1,0,0,0,0,"C",3414,5227
-0.103496213930026,0.0228614412791801,0.164692510793508,0,0,1,1,0,0,0,1,0,0,0,1,0,0,0,0,"C",1362,5228
-0.0939837205090367,0.000440537415211995,0.535625990756373,0,0,1,1,0,0,0,1,0,0,0,1,0,0,0,0,"C",2845,5229
-0.0964993333484767,0.0325409027147069,0.149756428842571,0,0,1,1,0,0,0,1,0,0,0,1,0,0,0,0,"C",2333,5230
-0.0941582477013886,0.034060392182406,0.0291189661996722,0,0,1,1,0,0,0,1,0,0,0,1,0,0,0,0,"C",2005,5231
-0.0752251096379832,0.0173303117161736,0.530155493670934,0,0,1,1,0,0,0,1,0,0,0,1,0,0,0,0,"C",2937,5232
-0.0819382065143068,0.0310662873401385,-0.0154524396292102,0,0,1,1,0,0,0,1,0,0,0,1,0,0,0,0,"C",1628,5233
-0.0694592333200911,0.0518720423776376,0.334943694149849,0,0,1,1,0,0,0,1,0,0,0,1,0,0,0,0,"C",3122,5234
-0.0994378367416251,0.0248180618558314,0.112635112217359,0,0,1,1,0,0,0,1,0,0,0,1,0,0,0,0,"C",666,5235
-0.0672712225228916,0.0199587346229038,0.0952720593071401,0,0,1,1,0,0,0,1,0,0,0,1,0,0,0,0,"C",1125,5236
-0.0601163579086544,0.0259139730694409,-0.0647393744488166,0,0,1,1,0,0,0,1,0,0,0,1,0,0,0,0,"C",33,5237
-0.0913038979455792,0.0505755878994365,0.0661486970090572,0,0,1,1,0,0,0,1,0,0,0,1,0,0,0,0,"C",1671,5238
-0.0843776338168578,0.0205774965965898,0.0332370834261731,0,0,1,1,0,0,0,1,0,0,0,1,0,0,0,0,"C",2714,5239
-0.0850657691843286,0.00838533880138036,0.413396210438435,0,0,1,1,0,0,0,1,0,0,0,1,0,0,0,0,"C",946,5240
-0.0702738366622368,0.000716208807895077,0.396604079681405,0,0,1,1,0,0,0,1,0,0,0,1,0,0,0,0,"C",2718,5241
-0.0746106050007144,0.043938132275188,0.534617106610801,0,0,1,1,0,0,0,1,0,0,0,1,0,0,0,0,"C",2372,5242
-0.0757861630957241,0.0296353085659348,0.408968010259747,0,0,1,1,0,0,0,1,0,0,0,1,0,0,0,0,"C",1117,5243
-0.0625084914237842,0.011592048826016,0.517104178914194,0,0,1,1,0,0,0,1,0,0,0,1,0,0,0,0,"C",3186,5244
-0.0787632413271992,0.0131830367613276,0.216298115285827,0,0,1,1,0,0,0,1,0,0,0,1,0,0,0,0,"C",2648,5245
-0.101757112957903,0.0334070757166345,-0.147092648000326,0,0,1,1,0,0,0,1,0,0,0,1,0,0,0,0,"C",3379,5246
-0.0897485850045483,0.0248223345614531,0.23355507408521,0,0,1,1,0,0,0,1,0,0,0,1,0,0,0,0,"C",2742,5247
-0.105366283055955,0.0263204735251312,0.336856298433815,0,0,1,1,0,0,0,1,0,0,0,1,0,0,0,0,"C",2336,5248
-0.0796885205076386,0.00276880865898448,0.108413984643221,0,0,1,1,0,0,0,1,0,0,0,1,0,0,0,0,"C",267,5249
-0.0776146210220073,0.0250585268869217,0.0702849556563198,0,0,1,1,0,0,0,1,0,0,0,1,0,0,0,0,"C",1359,5250
-0.114244769561299,0.0396288195334078,0.392346654273166,0,0,1,1,0,0,0,1,0,0,0,1,0,0,0,0,"C",1441,5251
-0.0751536838581154,0.033586927883321,-0.0243010461696281,0,0,1,1,0,0,0,1,0,0,0,1,0,0,0,0,"C",1962,5252
-0.09458152746256,0.0210042990634614,0.294669277029909,0,0,1,1,0,0,0,1,0,0,0,1,0,0,0,0,"C",3717,5253
-0.0692769486614287,0.0461083385243259,0.152018575553657,0,0,1,1,0,0,0,1,0,0,0,1,0,0,0,0,"C",347,5254
-0.103665755331668,0.0289732909121876,0.146972224473954,0,0,1,1,0,0,0,1,0,0,0,1,0,0,0,0,"C",2090,5255
-0.0730376594614978,0.032119058110622,0.680424955077866,0,0,1,1,0,0,0,1,0,0,0,1,0,0,0,0,"C",3406,5256
-0.082603946872295,0.0267755581180961,0.0323508797174837,0,0,1,1,0,0,0,1,0,0,0,1,0,0,0,0,"C",2061,5257
-0.0729217554256088,0.0370083877736447,0.348912190100187,0,0,1,1,0,0,0,1,0,0,0,1,0,0,0,0,"C",3699,5258
-0.0731389956322228,0.028250346004386,-0.0329303351510601,0,0,1,1,0,0,0,1,0,0,0,1,0,0,0,0,"C",1385,5259
-0.0812145464906411,0.021213033165193,0.201178960551861,0,0,1,1,0,0,0,1,0,0,0,1,0,0,0,0,"C",729,5260
-0.0822051455056812,0.00368153446057535,0.184605357225338,0,0,1,1,0,0,0,1,0,0,0,1,0,0,0,0,"C",712,5261
-0.070896299763533,0.0148063311806026,0.664762008483871,0,0,1,1,0,0,0,1,0,0,0,1,0,0,0,0,"C",656,5262
-0.0969924486928519,0.0158931211526722,0.23946909359026,0,0,1,1,0,0,0,1,0,0,0,1,0,0,0,0,"C",1397,5263
-0.102146933736216,0.0121292908024385,0.386026838194052,0,0,1,1,0,0,0,1,0,0,0,1,0,0,0,0,"C",2074,5264
-0.0970940402097507,0.0315867449156463,-0.0562439474519686,0,0,1,1,0,0,0,1,0,0,0,1,0,0,0,0,"C",857,5265
-0.101028391817478,0.0222879228657024,0.224013790151562,0,0,1,1,0,0,0,1,0,0,0,1,0,0,0,0,"C",2257,5266
-0.0617954980024947,0.0121816560885549,0.720231498950221,0,0,1,1,0,0,0,1,0,0,0,1,0,0,0,0,"C",1072,5267
-0.0711985871420511,0.0267569576134692,0.139100346665203,0,0,1,1,0,0,0,1,0,0,0,1,0,0,0,0,"C",1687,5268
-0.0741115649523673,0.045148929976632,0.37061999544834,0,0,1,1,0,0,0,1,0,0,0,1,0,0,0,0,"C",2575,5269
-0.0843747167854021,0.012421461659065,0.500693501832284,0,0,1,1,0,0,0,1,0,0,0,1,0,0,0,0,"C",3006,5270
-0.085019839979562,0.0187943406439507,-0.0374816749915946,0,0,1,1,0,0,0,1,0,0,0,1,0,0,0,0,"C",3732,5271
-0.107242928097936,0.0211938482489771,0.463965349465283,0,0,1,1,0,0,0,1,0,0,0,1,0,0,0,0,"C",482,5272
-0.0770418013862963,0.0139332349888033,0.353662100091078,0,0,1,1,0,0,0,1,0,0,0,1,0,0,0,0,"C",1341,5273
-0.090229629242903,0.0209271274355186,0.396851798353942,0,0,1,1,0,0,0,1,0,0,0,1,0,0,0,0,"C",3204,5274
-0.0793150048186094,0.0301212421543328,0.0303725426074204,0,0,1,1,0,0,0,1,0,0,0,1,0,0,0,0,"C",1763,5275
-0.109206494142676,0.0370905382207941,0.135125644405326,0,0,1,1,0,0,0,1,0,0,0,1,0,0,0,0,"C",2318,5276
-0.108941635591507,0.00695601605980852,0.404773444850488,0,0,1,1,0,0,0,1,0,0,0,1,0,0,0,0,"C",1059,5277
-0.100764313998862,0.0391443974904009,-0.163305847436405,0,0,1,1,0,0,0,1,0,0,0,1,0,0,0,0,"C",1290,5278
-0.084738610032686,0.032870501758372,0.109269063146546,0,0,1,1,0,0,0,1,0,0,0,1,0,0,0,0,"C",3146,5279
-0.0820002044141676,0.0292250045914588,-0.0748646302644795,0,0,1,1,0,0,0,1,0,0,0,1,0,0,0,0,"C",1594,5280
-0.0991739524542296,0.0229596221512915,0.302914737098112,0,0,1,1,0,0,0,1,0,0,0,1,0,0,0,0,"C",2727,5281
-0.0819213152696872,0.0221915323655923,0.59422015878359,0,0,1,1,0,0,0,1,0,0,0,1,0,0,0,0,"C",2960,5282
-0.0801442171304164,-0.00491076086140529,0.538486153408029,0,0,1,1,0,0,0,1,0,0,0,1,0,0,0,0,"C",3738,5283
-0.0829036322235453,0.0449559633801691,0.316722789646812,0,0,1,1,0,0,0,1,0,0,0,1,0,0,0,0,"C",1567,5284
-0.0690849417742119,0.019326600466863,0.335122700437158,0,0,1,1,0,0,0,1,0,0,0,1,0,0,0,0,"C",1930,5285
-0.0927163523073929,0.0322857679026544,0.150127673428796,0,0,1,1,0,0,0,1,0,0,0,1,0,0,0,0,"C",3714,5286
-0.0871237447768698,0.0332004068725052,0.211610581276188,0,0,1,1,0,0,0,1,0,0,0,1,0,0,0,0,"C",435,5287
-0.102648139138647,0.0100896827454112,0.283551281009139,0,0,1,1,0,0,0,1,0,0,0,1,0,0,0,0,"C",1461,5288
-0.083363914290306,0.00679196560287748,0.3565470494117,0,0,1,1,0,0,0,1,0,0,0,1,0,0,0,0,"C",2661,5289
-0.0815895640011506,0.0180394073588346,0.419820011177852,0,0,1,1,0,0,0,1,0,0,0,1,0,0,0,0,"C",1967,5290
-0.120308450291887,0.0322582425595016,-0.219297047956014,0,0,1,1,0,0,0,1,0,0,0,1,0,0,0,0,"C",2087,5291
-0.075611212284673,0.0165545745144828,0.789504041976076,0,0,1,1,0,0,0,1,0,0,0,1,0,0,0,0,"C",2137,5292
-0.0768121304498002,0.0120515264058823,0.240612861834732,0,0,1,1,0,0,0,1,0,0,0,1,0,0,0,0,"C",2578,5293
-0.114549812698267,0.0339848671940865,0.250214952384033,0,0,1,1,0,0,0,1,0,0,0,1,0,0,0,0,"C",899,5294
-0.0860379058825614,0.0292414238528193,-0.20222535905998,0,0,1,1,0,0,0,1,0,0,0,1,0,0,0,0,"C",3030,5295
-0.0821005866967037,0.0273011918401132,0.327251344863275,0,0,1,1,0,0,0,1,0,0,0,1,0,0,0,0,"C",2602,5296
-0.114253030875311,0.0146995973578584,0.365903264736998,0,0,1,1,0,0,0,1,0,0,0,1,0,0,0,0,"C",394,5297
-0.0761806847997334,0.0413058762397932,-0.0149641304782114,0,0,1,1,0,0,0,1,0,0,0,1,0,0,0,0,"C",3326,5298
-0.0932853320476752,0.0199278990355704,0.506506068610143,0,0,1,1,0,0,0,1,0,0,0,1,0,0,0,0,"C",2240,5299
-0.105066902838187,0.018424346388616,1.37469798619542,0,0,1,1,0,0,0,1,0,0,0,1,0,0,0,0,"D",491,5300
-0.0856930503661791,0.0301366568408531,1.07222089941494,0,0,1,1,0,0,0,1,0,0,0,1,0,0,0,0,"D",3721,5301
-0.114300044671044,0.0361434614456344,0.744589318136477,0,0,1,1,0,0,0,1,0,0,0,1,0,0,0,0,"D",3402,5302
-0.0930118030842537,0.0379350288023922,0.928408084688774,0,0,1,1,0,0,0,1,0,0,0,1,0,0,0,0,"D",368,5303
-0.0923593492092395,0.0259429574521213,0.915327661850899,0,0,1,1,0,0,0,1,0,0,0,1,0,0,0,0,"D",1484,5304
-0.116158548301967,0.04311022072299,0.625198602302851,0,0,1,1,0,0,0,1,0,0,0,1,0,0,0,0,"D",2487,5305
-0.117174722453215,0.0235066443798451,0.893539979380134,0,0,1,1,0,0,0,1,0,0,0,1,0,0,0,0,"D",1608,5306
-0.104187662292253,0.00918503457347156,0.521425194314792,0,0,1,1,0,0,0,1,0,0,0,1,0,0,0,0,"D",1462,5307
-0.0809574664420944,0.0357420883251489,0.899706609585362,0,0,1,1,0,0,0,1,0,0,0,1,0,0,0,0,"D",3495,5308
-0.117223028519404,0.0421103988061832,0.569326255642594,0,0,1,1,0,0,0,1,0,0,0,1,0,0,0,0,"D",3583,5309
-0.133163773832131,0.055142919221116,0.592646132891274,0,0,1,1,0,0,0,1,0,0,0,1,0,0,0,0,"D",1747,5310
-0.0801715538638565,0.0491706440223683,1.08205877874255,0,0,1,1,0,0,0,1,0,0,0,1,0,0,0,0,"D",344,5311
-0.0877517564185567,0.0478380927305676,0.995661565577844,0,0,1,1,0,0,0,1,0,0,0,1,0,0,0,0,"D",3343,5312
-0.0822503357648439,0.0260922282410642,0.651314369595503,0,0,1,1,0,0,0,1,0,0,0,1,0,0,0,0,"D",2191,5313
-0.101416877430977,0.0285273207522869,1.15743168604132,0,0,1,1,0,0,0,1,0,0,0,1,0,0,0,0,"D",2986,5314
-0.0964141004523508,0.0504701393145238,0.848564412632332,0,0,1,1,0,0,0,1,0,0,0,1,0,0,0,0,"D",3527,5315
-0.0755215834684985,0.053995793083424,1.39163732026875,0,0,1,1,0,0,0,1,0,0,0,1,0,0,0,0,"D",3748,5316
-0.0928529510264072,0.0400190045786135,1.34777119660539,0,0,1,1,0,0,0,1,0,0,0,1,0,0,0,0,"D",930,5317
-0.0983754276347155,-0.000368176387287672,1.29877469825361,0,0,1,1,0,0,0,1,0,0,0,1,0,0,0,0,"D",1560,5318
-0.0659736520164643,0.0180703232826592,1.39338860746542,0,0,1,1,0,0,0,1,0,0,0,1,0,0,0,0,"D",1549,5319
-0.12357647078145,0.0470711462179328,0.530690204436714,0,0,1,1,0,0,0,1,0,0,0,1,0,0,0,0,"D",3423,5320
-0.068347658126712,0.0217526685512287,1.34662809311634,0,0,1,1,0,0,0,1,0,0,0,1,0,0,0,0,"D",3464,5321
-0.0972521065040765,0.0257106213073103,1.07284623747064,0,0,1,1,0,0,0,1,0,0,0,1,0,0,0,0,"D",1646,5322
-0.108928168656865,0.0720842259770264,0.386498081628069,0,0,1,1,0,0,0,1,0,0,0,1,0,0,0,0,"D",2823,5323
-0.0908257092978018,0.0412839978517378,0.815287950039232,0,0,1,1,0,0,0,1,0,0,0,1,0,0,0,0,"D",2022,5324
-0.0730249930807531,0.0408703305483317,1.30489557220751,0,0,1,1,0,0,0,1,0,0,0,1,0,0,0,0,"D",1255,5325
-0.108370089939579,0.0279852336568045,0.0501703526260139,0,0,1,1,0,0,0,1,0,0,0,1,0,0,0,0,"D",1691,5326
-0.117734010679278,0.0171729358161856,0.256677602908997,0,0,1,1,0,0,0,1,0,0,0,1,0,0,0,0,"D",3414,5327
-0.103757949035185,0.0364302909408749,0.676483608860443,0,0,1,1,0,0,0,1,0,0,0,1,0,0,0,0,"D",1362,5328
-0.0980292797267504,0.0518579064937654,0.516623604242998,0,0,1,1,0,0,0,1,0,0,0,1,0,0,0,0,"D",2845,5329
-0.115677902338556,-0.0057326626279475,0.600018236547102,0,0,1,1,0,0,0,1,0,0,0,1,0,0,0,0,"D",2333,5330
-0.108647153384185,0.0439571490636071,0.860671940453111,0,0,1,1,0,0,0,1,0,0,0,1,0,0,0,0,"D",2005,5331
-0.101420975471277,0.058770930640708,0.789268276667723,0,0,1,1,0,0,0,1,0,0,0,1,0,0,0,0,"D",2937,5332
-0.137782983937562,0.0762628782221699,0.403069536133512,0,0,1,1,0,0,0,1,0,0,0,1,0,0,0,0,"D",1628,5333
-0.0942902219844613,0.0317348328700099,1.03364530597823,0,0,1,1,0,0,0,1,0,0,0,1,0,0,0,0,"D",3122,5334
-0.106219080284981,0.019628495265841,0.918106263746329,0,0,1,1,0,0,0,1,0,0,0,1,0,0,0,0,"D",666,5335
-0.11492525723755,0.0552855066190705,0.122395066691292,0,0,1,1,0,0,0,1,0,0,0,1,0,0,0,0,"D",1125,5336
-0.0941771894445694,0.0337584794119842,0.954907348623917,0,0,1,1,0,0,0,1,0,0,0,1,0,0,0,0,"D",33,5337
-0.103801739831207,0.0641351162519276,0.936369867151543,0,0,1,1,0,0,0,1,0,0,0,1,0,0,0,0,"D",1671,5338
-0.0754140970293268,0.0348930124329662,1.88864629514633,0,0,1,1,0,0,0,1,0,0,0,1,0,0,0,0,"D",2714,5339
-0.0867451395080059,0.0264165028285851,0.749382196811887,0,0,1,1,0,0,0,1,0,0,0,1,0,0,0,0,"D",946,5340
-0.0862771590459262,0.0610708667378595,1.29210971295758,0,0,1,1,0,0,0,1,0,0,0,1,0,0,0,0,"D",2718,5341
-0.0872988050767024,0.0213820917673381,1.22104980370718,0,0,1,1,0,0,0,1,0,0,0,1,0,0,0,0,"D",2372,5342
-0.0876470499170393,0.0288061692460194,1.39440752364863,0,0,1,1,0,0,0,1,0,0,0,1,0,0,0,0,"D",1117,5343
-0.106615531199302,0.0170168783989666,1.20111935631464,0,0,1,1,0,0,0,1,0,0,0,1,0,0,0,0,"D",3186,5344
-0.100625405520623,0.0290507334491858,0.874242900259069,0,0,1,1,0,0,0,1,0,0,0,1,0,0,0,0,"D",2648,5345
-0.11937973119511,0.0270741623513754,0.535056920444596,0,0,1,1,0,0,0,1,0,0,0,1,0,0,0,0,"D",3379,5346
-0.107677307633296,0.0445888830319306,0.914859844208757,0,0,1,1,0,0,0,1,0,0,0,1,0,0,0,0,"D",2742,5347
-0.112225474937446,-0.00208334427189906,1.77254134473548,0,0,1,1,0,0,0,1,0,0,0,1,0,0,0,0,"D",2336,5348
-0.100408172315248,0.000539365309840875,0.905310396942549,0,0,1,1,0,0,0,1,0,0,0,1,0,0,0,0,"D",267,5349
-0.110693749145726,0.0522563337541024,0.44558313340936,0,0,1,1,0,0,0,1,0,0,0,1,0,0,0,0,"D",1359,5350
-0.107507698565535,0.0160006537883838,1.36344774001992,0,0,1,1,0,0,0,1,0,0,0,1,0,0,0,0,"D",1441,5351
-0.117818224670906,0.0308553950670442,1.10627106341991,0,0,1,1,0,0,0,1,0,0,0,1,0,0,0,0,"D",1962,5352
-0.10892073202639,0.0376571221032843,0.509078591772395,0,0,1,1,0,0,0,1,0,0,0,1,0,0,0,0,"D",3717,5353
-0.126737500513823,0.0265010634557648,0.794169251507564,0,0,1,1,0,0,0,1,0,0,0,1,0,0,0,0,"D",347,5354
-0.108887422124265,0.030737930240917,1.00360099265275,0,0,1,1,0,0,0,1,0,0,0,1,0,0,0,0,"D",2090,5355
-0.0947744845423179,0.0203097169768801,1.17836429814011,0,0,1,1,0,0,0,1,0,0,0,1,0,0,0,0,"D",3406,5356
-0.117206064287946,0.037507471247213,0.714734800424914,0,0,1,1,0,0,0,1,0,0,0,1,0,0,0,0,"D",2061,5357
-0.0927202171001718,0.0376138432520243,1.52280716083237,0,0,1,1,0,0,0,1,0,0,0,1,0,0,0,0,"D",3699,5358
-0.0980156225786579,0.070819631154275,1.28590381789833,0,0,1,1,0,0,0,1,0,0,0,1,0,0,0,0,"D",1385,5359
-0.124176502066166,0.0265556326232257,0.721036853722389,0,0,1,1,0,0,0,1,0,0,0,1,0,0,0,0,"D",729,5360
-0.11218214427271,0.0316460525203401,0.921563879867468,0,0,1,1,0,0,0,1,0,0,0,1,0,0,0,0,"D",712,5361
-0.0667634241319399,0.0341759340016208,1.96938403335373,0,0,1,1,0,0,0,1,0,0,0,1,0,0,0,0,"D",656,5362
-0.112792745377878,0.033257955251644,0.591090991855432,0,0,1,1,0,0,0,1,0,0,0,1,0,0,0,0,"D",1397,5363
-0.0996139325099737,0.0281678545022514,1.42760661795645,0,0,1,1,0,0,0,1,0,0,0,1,0,0,0,0,"D",2074,5364
-0.103343403520133,0.0487902747432411,0.933923269734258,0,0,1,1,0,0,0,1,0,0,0,1,0,0,0,0,"D",857,5365
-0.0851371288315598,0.0199985016964541,0.403171708797358,0,0,1,1,0,0,0,1,0,0,0,1,0,0,0,0,"D",2257,5366
-0.117703347220979,0.0261175024714335,1.00113707997167,0,0,1,1,0,0,0,1,0,0,0,1,0,0,0,0,"D",1072,5367
-0.131279463011072,0.0496422079611636,0.4739825184208,0,0,1,1,0,0,0,1,0,0,0,1,0,0,0,0,"D",1687,5368
-0.10702938579322,0.0410686570915508,0.942069648473861,0,0,1,1,0,0,0,1,0,0,0,1,0,0,0,0,"D",2575,5369
-0.094994038382025,0.0376078354433654,1.12068991471193,0,0,1,1,0,0,0,1,0,0,0,1,0,0,0,0,"D",3006,5370
-0.0973600004607359,0.0371752671761085,0.196488857398078,0,0,1,1,0,0,0,1,0,0,0,1,0,0,0,0,"D",3732,5371
-0.123934492302922,0.0740951710280575,0.696684103861982,0,0,1,1,0,0,0,1,0,0,0,1,0,0,0,0,"D",482,5372
-0.0963705566927539,0.0328611415006562,0.815128738561465,0,0,1,1,0,0,0,1,0,0,0,1,0,0,0,0,"D",1341,5373
-0.120901533362252,0.0461288825922355,0.281629119703336,0,0,1,1,0,0,0,1,0,0,0,1,0,0,0,0,"D",3204,5374
-0.0885679873374894,0.0080288045957891,0.533705965138978,0,0,1,1,0,0,0,1,0,0,0,1,0,0,0,0,"D",1763,5375
-0.100031430118467,0.012022911074302,0.882838113430934,0,0,1,1,0,0,0,1,0,0,0,1,0,0,0,0,"D",2318,5376
-0.113639670121336,0.0690891427933077,0.791988681750106,0,0,1,1,0,0,0,1,0,0,0,1,0,0,0,0,"D",1059,5377
-0.108856934608611,0.0419453876536138,0.668914198055409,0,0,1,1,0,0,0,1,0,0,0,1,0,0,0,0,"D",1290,5378
-0.101046976283717,0.0512188405185948,0.476961242633526,0,0,1,1,0,0,0,1,0,0,0,1,0,0,0,0,"D",3146,5379
-0.0927915607160501,0.0255434134925186,0.47304442050772,0,0,1,1,0,0,0,1,0,0,0,1,0,0,0,0,"D",1594,5380
-0.10554773334846,0.0164376954078008,0.332828756583431,0,0,1,1,0,0,0,1,0,0,0,1,0,0,0,0,"D",2727,5381
-0.119432100656843,0.0502316185080357,0.902038515751107,0,0,1,1,0,0,0,1,0,0,0,1,0,0,0,0,"D",2960,5382
-0.126635182793315,0.0648929524151005,0.816176270241519,0,0,1,1,0,0,0,1,0,0,0,1,0,0,0,0,"D",3738,5383
-0.111565404397124,0.0212273793959756,0.979611680480411,0,0,1,1,0,0,0,1,0,0,0,1,0,0,0,0,"D",1567,5384
-0.0833322458036151,0.00689884087258982,1.25224446119719,0,0,1,1,0,0,0,1,0,0,0,1,0,0,0,0,"D",1930,5385
-0.135967814911685,0.00488758953122846,0.623896516479961,0,0,1,1,0,0,0,1,0,0,0,1,0,0,0,0,"D",3714,5386
-0.128759591358756,0.0238864483571491,1.06755812067272,0,0,1,1,0,0,0,1,0,0,0,1,0,0,0,0,"D",435,5387
-0.107368120735358,0.0405869187372353,1.01237897275918,0,0,1,1,0,0,0,1,0,0,0,1,0,0,0,0,"D",1461,5388
-0.0942180257765973,0.0177007151697537,0.92352271611832,0,0,1,1,0,0,0,1,0,0,0,1,0,0,0,0,"D",2661,5389
-0.0763324000769456,0.0221960493380783,0.656315759311077,0,0,1,1,0,0,0,1,0,0,0,1,0,0,0,0,"D",1967,5390
-0.0977061538565245,0.003233067317937,0.939758432513292,0,0,1,1,0,0,0,1,0,0,0,1,0,0,0,0,"D",2087,5391
-0.119727322178914,0.0441857763778659,0.856040150929967,0,0,1,1,0,0,0,1,0,0,0,1,0,0,0,0,"D",2137,5392
-0.0996205013317751,0.034479278667301,0.706425621375623,0,0,1,1,0,0,0,1,0,0,0,1,0,0,0,0,"D",2578,5393
-0.102930616640026,0.0553679050541941,0.780328598487196,0,0,1,1,0,0,0,1,0,0,0,1,0,0,0,0,"D",899,5394
-0.0942164384022063,0.0472801992835509,0.820732773333219,0,0,1,1,0,0,0,1,0,0,0,1,0,0,0,0,"D",3030,5395
-0.108160213854377,0.0420367034051127,0.878243428144419,0,0,1,1,0,0,0,1,0,0,0,1,0,0,0,0,"D",2602,5396
-0.0965194108407834,0.0106653030943536,0.46501191126442,0,0,1,1,0,0,0,1,0,0,0,1,0,0,0,0,"D",394,5397
-0.0962335452107872,0.0479124373507131,0.111335437943117,0,0,1,1,0,0,0,1,0,0,0,1,0,0,0,0,"D",3326,5398
-0.0695085179867451,-0.0055614842778627,-0.305553825965918,0,0,1,1,0,0,0,1,0,0,0,1,0,0,0,0,"D",2240,5399
-0.11210645020851,0.0572694518013468,1.11779714569515,0,0,1,1,0,0,0,1,0,0,0,0,0,1,0,0,"C",491,5400
-0.0814046716081272,0.0727892931601133,1.05928493422885,0,0,1,1,0,0,0,1,0,0,0,0,0,1,0,0,"C",3721,5401
-0.10849209822801,0.0522586223625309,0.83713495921858,0,0,1,1,0,0,0,1,0,0,0,0,0,1,0,0,"C",3402,5402
-0.0771189291002227,0.0113653325856542,0.817352213118716,0,0,1,1,0,0,0,1,0,0,0,0,0,1,0,0,"C",368,5403
-0.102420006159924,0.054878098598887,0.951806900193757,0,0,1,1,0,0,0,1,0,0,0,0,0,1,0,0,"C",1484,5404
-0.10147794636371,0.0693314585528718,0.312884499229469,0,0,1,1,0,0,0,1,0,0,0,0,0,1,0,0,"C",2487,5405
-0.100915733809524,0.0464624723723943,0.502887081290722,0,0,1,1,0,0,0,1,0,0,0,0,0,1,0,0,"C",1608,5406
-0.0949541795367386,0.050556877928986,0.636388574574615,0,0,1,1,0,0,0,1,0,0,0,0,0,1,0,0,"C",1462,5407
-0.0748599612334174,0.0267997529118146,0.808184571981188,0,0,1,1,0,0,0,1,0,0,0,0,0,1,0,0,"C",3495,5408
-0.0660783954665102,0.0503022786478822,0.919201074834486,0,0,1,1,0,0,0,1,0,0,0,0,0,1,0,0,"C",3583,5409
-0.121543750640941,0.0792692478699709,0.724091173329457,0,0,1,1,0,0,0,1,0,0,0,0,0,1,0,0,"C",1747,5410
-0.110892491547113,0.0420405871243784,0.781000368801944,0,0,1,1,0,0,0,1,0,0,0,0,0,1,0,0,"C",344,5411
-0.0990243716491261,0.0483520602052792,1.14778859340708,0,0,1,1,0,0,0,1,0,0,0,0,0,1,0,0,"C",3343,5412
-0.0844946574008649,0.0623206717072864,1.50875374624936,0,0,1,1,0,0,0,1,0,0,0,0,0,1,0,0,"C",2191,5413
-0.0686182376694804,0.050228888394186,1.7094857407564,0,0,1,1,0,0,0,1,0,0,0,0,0,1,0,0,"C",2986,5414
-0.124404174987175,0.0716889166189353,1.20143036581788,0,0,1,1,0,0,0,1,0,0,0,0,0,1,0,0,"C",3527,5415
-0.0935140828224554,0.0511056721390498,0.693380928541407,0,0,1,1,0,0,0,1,0,0,0,0,0,1,0,0,"C",3748,5416
-0.0839521475812176,0.0458977101373398,0.985038766503617,0,0,1,1,0,0,0,1,0,0,0,0,0,1,0,0,"C",930,5417
-0.0999756966238056,0.0289649864539572,0.281244371929431,0,0,1,1,0,0,0,1,0,0,0,0,0,1,0,0,"C",1560,5418
-0.0842956057403235,0.0291302372343794,1.0148482333029,0,0,1,1,0,0,0,1,0,0,0,0,0,1,0,0,"C",1549,5419
-0.0865187490735274,0.0353434942887337,0.519303017632866,0,0,1,1,0,0,0,1,0,0,0,0,0,1,0,0,"C",3423,5420
-0.0851144527985608,0.0377636459106356,1.06469683487067,0,0,1,1,0,0,0,1,0,0,0,0,0,1,0,0,"C",3464,5421
-0.0853953850004663,0.0463243939144244,0.517363711304347,0,0,1,1,0,0,0,1,0,0,0,0,0,1,0,0,"C",1646,5422
-0.104601852269414,0.0542201348386209,0.378292578627493,0,0,1,1,0,0,0,1,0,0,0,0,0,1,0,0,"C",2823,5423
-0.0928132222371159,0.0731996761683122,0.88059533421351,0,0,1,1,0,0,0,1,0,0,0,0,0,1,0,0,"C",2022,5424
-0.0886577914787816,0.0589161466993908,0.766147551311744,0,0,1,1,0,0,0,1,0,0,0,0,0,1,0,0,"C",1255,5425
-0.0953645529935532,0.0806684880625369,0.598973119821821,0,0,1,1,0,0,0,1,0,0,0,0,0,1,0,0,"C",1691,5426
-0.0896825491507526,0.0610623234951019,0.895133783764863,0,0,1,1,0,0,0,1,0,0,0,0,0,1,0,0,"C",3414,5427
-0.119361418928458,0.047526683958793,0.648491163224301,0,0,1,1,0,0,0,1,0,0,0,0,0,1,0,0,"C",1362,5428
-0.0734633055957627,0.0266550419026099,0.594912224708971,0,0,1,1,0,0,0,1,0,0,0,0,0,1,0,0,"C",2845,5429
-0.107055054607235,0.0387779941840661,0.740825897329177,0,0,1,1,0,0,0,1,0,0,0,0,0,1,0,0,"C",2333,5430
-0.0897539195166136,0.0450137792214053,1.14777188968036,0,0,1,1,0,0,0,1,0,0,0,0,0,1,0,0,"C",2005,5431
-0.0771130212892409,0.0189158914030134,0.849708500129145,0,0,1,1,0,0,0,1,0,0,0,0,0,1,0,0,"C",2937,5432
-0.0660905629244976,0.0417988518171513,0.230219928022855,0,0,1,1,0,0,0,1,0,0,0,0,0,1,0,0,"C",1628,5433
-0.0995164092188437,0.0260435835191805,0.492663716901084,0,0,1,1,0,0,0,1,0,0,0,0,0,1,0,0,"C",3122,5434
-0.0960258237229156,0.047592596663552,0.148370852788948,0,0,1,1,0,0,0,1,0,0,0,0,0,1,0,0,"C",666,5435
-0.0739379150886531,0.0125709060715587,0.330792299792132,0,0,1,1,0,0,0,1,0,0,0,0,0,1,0,0,"C",1125,5436
-0.0800404936565424,0.0368835851961225,1.08536191947231,0,0,1,1,0,0,0,1,0,0,0,0,0,1,0,0,"C",33,5437
-0.107966337697164,0.0638044476171379,0.967698987522835,0,0,1,1,0,0,0,1,0,0,0,0,0,1,0,0,"C",1671,5438
-0.0889552098645228,0.0257393894023177,0.646186293290497,0,0,1,1,0,0,0,1,0,0,0,0,0,1,0,0,"C",2714,5439
-0.0861876144008809,0.0469173570043739,1.46648167180061,0,0,1,1,0,0,0,1,0,0,0,0,0,1,0,0,"C",946,5440
-0.0778295262851103,-0.00383351845539359,0.641472241497821,0,0,1,1,0,0,0,1,0,0,0,0,0,1,0,0,"C",2718,5441
-0.103799903458639,0.060957355563535,0.536591626103713,0,0,1,1,0,0,0,1,0,0,0,0,0,1,0,0,"C",2372,5442
-0.0914389216171349,0.0674854111424591,1.10595512300472,0,0,1,1,0,0,0,1,0,0,0,0,0,1,0,0,"C",1117,5443
-0.0769919697028465,0.0468291629874955,1.04962910047581,0,0,1,1,0,0,0,1,0,0,0,0,0,1,0,0,"C",3186,5444
-0.083057471886971,0.0265700781328446,0.165268664028282,0,0,1,1,0,0,0,1,0,0,0,0,0,1,0,0,"C",2648,5445
-0.118854931834769,0.0653163254891285,0.869816234045684,0,0,1,1,0,0,0,1,0,0,0,0,0,1,0,0,"C",3379,5446
-0.0831874604214304,0.0388813015742131,0.535388798210441,0,0,1,1,0,0,0,1,0,0,0,0,0,1,0,0,"C",2742,5447
-0.081628448298762,0.0375786331959028,0.737566517396383,0,0,1,1,0,0,0,1,0,0,0,0,0,1,0,0,"C",2336,5448
-0.0911359023307211,0.0154442118795384,0.520579987411884,0,0,1,1,0,0,0,1,0,0,0,0,0,1,0,0,"C",267,5449
-0.0629353872240519,0.0284145813719416,0.622064830829652,0,0,1,1,0,0,0,1,0,0,0,0,0,1,0,0,"C",1359,5450
-0.119801801620081,0.059776501482494,0.856848533290902,0,0,1,1,0,0,0,1,0,0,0,0,0,1,0,0,"C",1441,5451
-0.0804210315153658,0.0550245073378652,0.780131388399117,0,0,1,1,0,0,0,1,0,0,0,0,0,1,0,0,"C",1962,5452
-0.0812892411668381,0.0420467173081691,0.62717881415918,0,0,1,1,0,0,0,1,0,0,0,0,0,1,0,0,"C",3717,5453
-0.105653557435287,0.0576423614524594,1.19441232840453,0,0,1,1,0,0,0,1,0,0,0,0,0,1,0,0,"C",347,5454
-0.115908032062571,0.0567165534188722,1.01118333916553,0,0,1,1,0,0,0,1,0,0,0,0,0,1,0,0,"C",2090,5455
-0.107288486297329,0.0792386949971882,0.6000677668649,0,0,1,1,0,0,0,1,0,0,0,0,0,1,0,0,"C",3406,5456
-0.0974317909161239,0.0527360034268913,0.609305175931381,0,0,1,1,0,0,0,1,0,0,0,0,0,1,0,0,"C",2061,5457
-0.11226032229817,0.0732537455404875,0.681026181353024,0,0,1,1,0,0,0,1,0,0,0,0,0,1,0,0,"C",3699,5458
-0.089800611319328,0.0617253176351104,1.59864602382412,0,0,1,1,0,0,0,1,0,0,0,0,0,1,0,0,"C",1385,5459
-0.0864346165203604,0.0396071925313065,1.43254012178354,0,0,1,1,0,0,0,1,0,0,0,0,0,1,0,0,"C",729,5460
-0.0946335974093042,0.0279999083873713,1.11159884539469,0,0,1,1,0,0,0,1,0,0,0,0,0,1,0,0,"C",712,5461
-0.07673242687647,0.0462111883345414,0.681165655189494,0,0,1,1,0,0,0,1,0,0,0,0,0,1,0,0,"C",656,5462
-0.0831106928045428,0.0220468663699205,0.463335368971914,0,0,1,1,0,0,0,1,0,0,0,0,0,1,0,0,"C",1397,5463
-0.102657248968076,0.0269839850689993,0.8284712686665,0,0,1,1,0,0,0,1,0,0,0,0,0,1,0,0,"C",2074,5464
-0.115403953428095,0.0486899999156906,0.19181322714918,0,0,1,1,0,0,0,1,0,0,0,0,0,1,0,0,"C",857,5465
-0.140311133986588,0.0756473612158938,1.02400876426625,0,0,1,1,0,0,0,1,0,0,0,0,0,1,0,0,"C",2257,5466
-0.0714016079962713,0.0223631560085216,0.372571570900846,0,0,1,1,0,0,0,1,0,0,0,0,0,1,0,0,"C",1072,5467
-0.117523622589717,0.0421527927721124,0.317178556079296,0,0,1,1,0,0,0,1,0,0,0,0,0,1,0,0,"C",1687,5468
-0.0865458055019418,0.0300274518322493,0.983470038264807,0,0,1,1,0,0,0,1,0,0,0,0,0,1,0,0,"C",2575,5469
-0.0844803730980431,0.040003029900254,1.0414915339948,0,0,1,1,0,0,0,1,0,0,0,0,0,1,0,0,"C",3006,5470
-0.102967191252376,0.04098515658888,0.621165783495392,0,0,1,1,0,0,0,1,0,0,0,0,0,1,0,0,"C",3732,5471
-0.118830909510709,0.0415079398715389,0.706616429967108,0,0,1,1,0,0,0,1,0,0,0,0,0,1,0,0,"C",482,5472
-0.0988473736612374,0.0213718835222424,1.61064424067086,0,0,1,1,0,0,0,1,0,0,0,0,0,1,0,0,"C",1341,5473
-0.110341953038052,0.0568438015573958,1.18540203511316,0,0,1,1,0,0,0,1,0,0,0,0,0,1,0,0,"C",3204,5474
-0.0703419005551752,0.0271630931077969,0.603649451857337,0,0,1,1,0,0,0,1,0,0,0,0,0,1,0,0,"C",1763,5475
-0.077426745959129,0.0226968153316461,0.270873585975462,0,0,1,1,0,0,0,1,0,0,0,0,0,1,0,0,"C",2318,5476
-0.0768709128806559,0.0318964516818314,1.08195410055359,0,0,1,1,0,0,0,1,0,0,0,0,0,1,0,0,"C",1059,5477
-0.0977654162765127,0.0460052594317889,0.642758072488784,0,0,1,1,0,0,0,1,0,0,0,0,0,1,0,0,"C",1290,5478
-0.103362323476459,0.0443575630395944,1.34657951242188,0,0,1,1,0,0,0,1,0,0,0,0,0,1,0,0,"C",3146,5479
-0.0806156697274036,0.0276386025074396,0.193450691433245,0,0,1,1,0,0,0,1,0,0,0,0,0,1,0,0,"C",1594,5480
-0.109510900704568,0.0501886301516152,0.190892611982062,0,0,1,1,0,0,0,1,0,0,0,0,0,1,0,0,"C",2727,5481
-0.0680507696704131,0.0446184245668853,-0.0256302580828127,0,0,1,1,0,0,0,1,0,0,0,0,0,1,0,0,"C",2960,5482
-0.0724494883454655,-0.011463849279402,0.586678861305289,0,0,1,1,0,0,0,1,0,0,0,0,0,1,0,0,"C",3738,5483
-0.0967979562673846,0.0670191883756076,1.32610771705259,0,0,1,1,0,0,0,1,0,0,0,0,0,1,0,0,"C",1567,5484
-0.0730229791525086,0.0355700832269237,1.22713586760865,0,0,1,1,0,0,0,1,0,0,0,0,0,1,0,0,"C",1930,5485
-0.0681330128125586,0.0326433420518059,0.362760536420688,0,0,1,1,0,0,0,1,0,0,0,0,0,1,0,0,"C",3714,5486
-0.0971835811965972,0.0370604159492582,0.262208793459668,0,0,1,1,0,0,0,1,0,0,0,0,0,1,0,0,"C",435,5487
-0.0923658683944738,0.0516945570174092,1.33143554737118,0,0,1,1,0,0,0,1,0,0,0,0,0,1,0,0,"C",1461,5488
-0.0952514764334648,0.0493422260926153,1.60937837795753,0,0,1,1,0,0,0,1,0,0,0,0,0,1,0,0,"C",2661,5489
-0.0896227437302186,0.0224918150071274,0.448791314222966,0,0,1,1,0,0,0,1,0,0,0,0,0,1,0,0,"C",1967,5490
-0.114282523215368,0.0445473702277557,0.160317739643987,0,0,1,1,0,0,0,1,0,0,0,0,0,1,0,0,"C",2087,5491
-0.0774182811816646,0.0153843267208247,0.473378916371088,0,0,1,1,0,0,0,1,0,0,0,0,0,1,0,0,"C",2137,5492
-0.0766705474177864,0.0461445809347356,1.1286471171903,0,0,1,1,0,0,0,1,0,0,0,0,0,1,0,0,"C",2578,5493
-0.071123123894959,0.0486713849493312,0.547258995212565,0,0,1,1,0,0,0,1,0,0,0,0,0,1,0,0,"C",899,5494
-0.111272771651301,0.0602208324516023,1.7063319500262,0,0,1,1,0,0,0,1,0,0,0,0,0,1,0,0,"C",3030,5495
-0.114034681561469,0.0557231592551665,0.731944048372983,0,0,1,1,0,0,0,1,0,0,0,0,0,1,0,0,"C",2602,5496
-0.112907463929504,0.0519034511002708,1.52584035377521,0,0,1,1,0,0,0,1,0,0,0,0,0,1,0,0,"C",394,5497
-0.0946108749398061,0.051710160257727,0.76245204337214,0,0,1,1,0,0,0,1,0,0,0,0,0,1,0,0,"C",3326,5498
-0.131760793944581,0.0587771891348528,1.37237394729165,0,0,1,1,0,0,0,1,0,0,0,0,0,1,0,0,"C",2240,5499
-0.0750323716590492,0.0207230284888382,0.607056295957937,0,0,1,1,0,0,0,1,0,0,0,0,0,1,0,0,"D",491,5500
-0.102856868247898,0.0632548582178157,1.61313320625699,0,0,1,1,0,0,0,1,0,0,0,0,0,1,0,0,"D",3721,5501
-0.0815928121242083,0.0457583479378811,-0.47428348980813,0,0,1,1,0,0,0,1,0,0,0,0,0,1,0,0,"D",3402,5502
-0.0795597703791899,0.045526859315298,0.566023750413904,0,0,1,1,0,0,0,1,0,0,0,0,0,1,0,0,"D",368,5503
-0.0702084048802711,0.0141480638084859,-0.660109755501259,0,0,1,1,0,0,0,1,0,0,0,0,0,1,0,0,"D",1484,5504
-0.109687605063122,0.0668245426126278,0.367807039614178,0,0,1,1,0,0,0,1,0,0,0,0,0,1,0,0,"D",2487,5505
-0.0971308777374873,0.0619853969085089,0.297129159219367,0,0,1,1,0,0,0,1,0,0,0,0,0,1,0,0,"D",1608,5506
-0.078485054071494,0.0504703231552143,0.474778096171054,0,0,1,1,0,0,0,1,0,0,0,0,0,1,0,0,"D",1462,5507
-0.0712026106055214,0.0814781319382692,1.68583317040951,0,0,1,1,0,0,0,1,0,0,0,0,0,1,0,0,"D",3495,5508
-0.0944630952491835,0.091634143837052,0.699507272179995,0,0,1,1,0,0,0,1,0,0,0,0,0,1,0,0,"D",3583,5509
-0.0845321254588131,0.0554383305996453,0.688300893245098,0,0,1,1,0,0,0,1,0,0,0,0,0,1,0,0,"D",1747,5510
-0.0617751672308555,0.064710947186555,0.255049111184538,0,0,1,1,0,0,0,1,0,0,0,0,0,1,0,0,"D",344,5511
-0.084443095690923,0.0388092366362416,0.623796796720773,0,0,1,1,0,0,0,1,0,0,0,0,0,1,0,0,"D",3343,5512
-0.0664772144785588,0.0461770988849536,0.775122462726551,0,0,1,1,0,0,0,1,0,0,0,0,0,1,0,0,"D",2191,5513
-0.0642803656433109,0.0254736135274158,0.835153210117082,0,0,1,1,0,0,0,1,0,0,0,0,0,1,0,0,"D",2986,5514
-0.0470477027220301,0.0381724989463536,0.667027615082257,0,0,1,1,0,0,0,1,0,0,0,0,0,1,0,0,"D",3527,5515
-0.0806056812278342,0.0531559826728011,0.527592636844193,0,0,1,1,0,0,0,1,0,0,0,0,0,1,0,0,"D",3748,5516
-0.0691334111020784,0.0472701597710462,0.610294536498631,0,0,1,1,0,0,0,1,0,0,0,0,0,1,0,0,"D",930,5517
-0.0441863134612097,0.014434859713668,0.600451062721748,0,0,1,1,0,0,0,1,0,0,0,0,0,1,0,0,"D",1560,5518
-0.0803731305900617,0.0483276751894234,2.01633623246715,0,0,1,1,0,0,0,1,0,0,0,0,0,1,0,0,"D",1549,5519
-0.0585908790594454,0.0316265246372452,-0.391697125091229,0,0,1,1,0,0,0,1,0,0,0,0,0,1,0,0,"D",3423,5520
-0.0235002735595386,0.00923558093064157,1.37546219011936,0,0,1,1,0,0,0,1,0,0,0,0,0,1,0,0,"D",3464,5521
-0.0575286423144538,0.0153777569781655,0.371416677637922,0,0,1,1,0,0,0,1,0,0,0,0,0,1,0,0,"D",1646,5522
-0.108549577837579,0.0623234378124199,0.38069184484145,0,0,1,1,0,0,0,1,0,0,0,0,0,1,0,0,"D",2823,5523
-0.0982662141684705,0.0668206565816076,2.19108792715141,0,0,1,1,0,0,0,1,0,0,0,0,0,1,0,0,"D",2022,5524
-0.0371100177840416,0.0227710147440741,0.965270796726408,0,0,1,1,0,0,0,1,0,0,0,0,0,1,0,0,"D",1255,5525
-0.0677617861369328,0.0602691096301817,0.651853840710502,0,0,1,1,0,0,0,1,0,0,0,0,0,1,0,0,"D",1691,5526
-0.0828892756298914,0.0580781849384641,-0.0360851104975398,0,0,1,1,0,0,0,1,0,0,0,0,0,1,0,0,"D",3414,5527
-0.0518739618362019,0.0331306201707703,0.396308171093806,0,0,1,1,0,0,0,1,0,0,0,0,0,1,0,0,"D",1362,5528
-0.0897767705489941,0.0629384619562875,-0.103641774217652,0,0,1,1,0,0,0,1,0,0,0,0,0,1,0,0,"D",2845,5529
-0.0808169884507899,0.0599928451099096,1.55395887267674,0,0,1,1,0,0,0,1,0,0,0,0,0,1,0,0,"D",2333,5530
-0.0981009134823243,0.0593113681156667,0.821718086394033,0,0,1,1,0,0,0,1,0,0,0,0,0,1,0,0,"D",2005,5531
-0.0676908588608783,0.0293996951273654,1.13869923861777,0,0,1,1,0,0,0,1,0,0,0,0,0,1,0,0,"D",2937,5532
-0.124793300992213,0.0967160757540096,0.706607268052415,0,0,1,1,0,0,0,1,0,0,0,0,0,1,0,0,"D",1628,5533
-0.0878853396079693,0.0512556585665315,0.917333940185432,0,0,1,1,0,0,0,1,0,0,0,0,0,1,0,0,"D",3122,5534
-0.0557930060433165,0.0448543596717121,0.717769732326782,0,0,1,1,0,0,0,1,0,0,0,0,0,1,0,0,"D",666,5535
-0.0808900353927391,0.0371123632592169,-0.0480853053352188,0,0,1,1,0,0,0,1,0,0,0,0,0,1,0,0,"D",1125,5536
-0.0760124707013088,0.068992511665663,1.1147515159258,0,0,1,1,0,0,0,1,0,0,0,0,0,1,0,0,"D",33,5537
-0.0984393648864886,0.0878696066686883,1.14960872893443,0,0,1,1,0,0,0,1,0,0,0,0,0,1,0,0,"D",1671,5538
-0.0248805067837174,0.00946119820452319,0.716156688687104,0,0,1,1,0,0,0,1,0,0,0,0,0,1,0,0,"D",2714,5539
-0.0781354493428959,0.0550234227761771,1.70016377809245,0,0,1,1,0,0,0,1,0,0,0,0,0,1,0,0,"D",946,5540
-0.116269827491802,0.0576595129663795,1.46046071579594,0,0,1,1,0,0,0,1,0,0,0,0,0,1,0,0,"D",2718,5541
-0.0852826506949413,0.0384491034150939,1.32895311908785,0,0,1,1,0,0,0,1,0,0,0,0,0,1,0,0,"D",2372,5542
-0.056951300612668,0.0340464866274611,0.655121968755064,0,0,1,1,0,0,0,1,0,0,0,0,0,1,0,0,"D",1117,5543
-0.0766894360135591,0.0267364367989207,0.403122933353342,0,0,1,1,0,0,0,1,0,0,0,0,0,1,0,0,"D",3186,5544
-0.089335860833104,0.0537885910271781,0.608632659279133,0,0,1,1,0,0,0,1,0,0,0,0,0,1,0,0,"D",2648,5545
-0.119798803315134,0.0951286863987033,2.18399936961526,0,0,1,1,0,0,0,1,0,0,0,0,0,1,0,0,"D",3379,5546
-0.0872312659374985,0.0557593957289453,0.694266365991996,0,0,1,1,0,0,0,1,0,0,0,0,0,1,0,0,"D",2742,5547
-0.0389069861115356,-0.0011870356303911,0.292769852686321,0,0,1,1,0,0,0,1,0,0,0,0,0,1,0,0,"D",2336,5548
-0.0797097308527969,0.0556885838429179,1.65883253120359,0,0,1,1,0,0,0,1,0,0,0,0,0,1,0,0,"D",267,5549
-0.0791443753736629,0.0503172928322117,-0.283444743766542,0,0,1,1,0,0,0,1,0,0,0,0,0,1,0,0,"D",1359,5550
-0.0709758839616071,0.0182062683509911,-0.0398744067496591,0,0,1,1,0,0,0,1,0,0,0,0,0,1,0,0,"D",1441,5551
-0.0534268855886011,0.0409718279629644,0.456741579583755,0,0,1,1,0,0,0,1,0,0,0,0,0,1,0,0,"D",1962,5552
-0.0944888241245893,0.0560976092184283,0.322196649777881,0,0,1,1,0,0,0,1,0,0,0,0,0,1,0,0,"D",3717,5553
-0.0965903106266974,0.0683708450037416,0.699651236444303,0,0,1,1,0,0,0,1,0,0,0,0,0,1,0,0,"D",347,5554
-0.0934130842694346,0.0730812252831517,1.4354948053417,0,0,1,1,0,0,0,1,0,0,0,0,0,1,0,0,"D",2090,5555
-0.0835775028992977,0.0545074860790661,1.95859626715112,0,0,1,1,0,0,0,1,0,0,0,0,0,1,0,0,"D",3406,5556
-0.0636933264277773,0.0369295650352264,0.946365447013598,0,0,1,1,0,0,0,1,0,0,0,0,0,1,0,0,"D",2061,5557
-0.0461697940574835,0.0359780140595528,-0.29390427396632,0,0,1,1,0,0,0,1,0,0,0,0,0,1,0,0,"D",3699,5558
-0.0793245675514794,0.0790726972653689,0.757266608471008,0,0,1,1,0,0,0,1,0,0,0,0,0,1,0,0,"D",1385,5559
-0.0515993441758094,0.0453914252090681,0.383988999529629,0,0,1,1,0,0,0,1,0,0,0,0,0,1,0,0,"D",729,5560
-0.107170838204522,0.0921000058951233,2.35878174084761,0,0,1,1,0,0,0,1,0,0,0,0,0,1,0,0,"D",712,5561
-0.0602327841773946,0.0299350430214465,0.745127908873137,0,0,1,1,0,0,0,1,0,0,0,0,0,1,0,0,"D",656,5562
-0.132584065329648,0.0918506737750005,1.49872267437484,0,0,1,1,0,0,0,1,0,0,0,0,0,1,0,0,"D",1397,5563
-0.0654297487472852,0.0443246313582602,-0.478887255636101,0,0,1,1,0,0,0,1,0,0,0,0,0,1,0,0,"D",2074,5564
-0.0477258070082002,0.0337613852998095,-0.120827973295696,0,0,1,1,0,0,0,1,0,0,0,0,0,1,0,0,"D",857,5565
-0.0738171915799237,0.0550783237144797,1.52738410772321,0,0,1,1,0,0,0,1,0,0,0,0,0,1,0,0,"D",2257,5566
-0.0739013154341138,0.0505214712644185,0.318450068404475,0,0,1,1,0,0,0,1,0,0,0,0,0,1,0,0,"D",1072,5567
-0.0820332952174336,0.0717892648438424,0.832486951375813,0,0,1,1,0,0,0,1,0,0,0,0,0,1,0,0,"D",1687,5568
-0.0783519532638131,0.0511863691668338,1.03962377551754,0,0,1,1,0,0,0,1,0,0,0,0,0,1,0,0,"D",2575,5569
-0.064045347325161,0.0207350357606732,0.105335477234822,0,0,1,1,0,0,0,1,0,0,0,0,0,1,0,0,"D",3006,5570
-0.112116050573611,0.0829535609003816,1.65269206251628,0,0,1,1,0,0,0,1,0,0,0,0,0,1,0,0,"D",3732,5571
-0.0779025740428755,0.0546910984772369,0.558248018283761,0,0,1,1,0,0,0,1,0,0,0,0,0,1,0,0,"D",482,5572
-0.0863181054727273,0.0511333209157974,0.666650164045975,0,0,1,1,0,0,0,1,0,0,0,0,0,1,0,0,"D",1341,5573
-0.0768690114318207,0.0614979912062056,0.193775462054664,0,0,1,1,0,0,0,1,0,0,0,0,0,1,0,0,"D",3204,5574
-0.0665087015914225,0.0462657932082283,0.876913039278682,0,0,1,1,0,0,0,1,0,0,0,0,0,1,0,0,"D",1763,5575
-0.074769753297038,0.0451872460465676,0.65100153397205,0,0,1,1,0,0,0,1,0,0,0,0,0,1,0,0,"D",2318,5576
-0.121418834851235,0.0980092361906121,1.0959451336843,0,0,1,1,0,0,0,1,0,0,0,0,0,1,0,0,"D",1059,5577
-0.0705418669080729,0.0444259645288164,0.424669751491643,0,0,1,1,0,0,0,1,0,0,0,0,0,1,0,0,"D",1290,5578
-0.0837808491302038,0.0614863686528499,1.27080671980035,0,0,1,1,0,0,0,1,0,0,0,0,0,1,0,0,"D",3146,5579
-0.0713432148367331,0.0480566834579903,-0.19167814829033,0,0,1,1,0,0,0,1,0,0,0,0,0,1,0,0,"D",1594,5580
-0.0734752407541048,0.039577249255641,-0.171585744367166,0,0,1,1,0,0,0,1,0,0,0,0,0,1,0,0,"D",2727,5581
-0.098932088832908,0.0803916057360217,1.324040032902,0,0,1,1,0,0,0,1,0,0,0,0,0,1,0,0,"D",2960,5582
-0.112851072968215,0.0763904372343353,1.20044952939298,0,0,1,1,0,0,0,1,0,0,0,0,0,1,0,0,"D",3738,5583
-0.0622959521448322,0.0473300716360406,0.0968481853426344,0,0,1,1,0,0,0,1,0,0,0,0,0,1,0,0,"D",1567,5584
-0.0466662961889104,0.0166369925522807,-0.351204453663952,0,0,1,1,0,0,0,1,0,0,0,0,0,1,0,0,"D",1930,5585
-0.045194997910064,0.0312306586053587,0.625321633550136,0,0,1,1,0,0,0,1,0,0,0,0,0,1,0,0,"D",3714,5586
-0.0863601356356959,0.0507745553325415,0.655816682282784,0,0,1,1,0,0,0,1,0,0,0,0,0,1,0,0,"D",435,5587
-0.0865714973750404,0.0388507098076756,0.0684019582299856,0,0,1,1,0,0,0,1,0,0,0,0,0,1,0,0,"D",1461,5588
-0.057163368130438,0.0146854684230198,0.134071563951173,0,0,1,1,0,0,0,1,0,0,0,0,0,1,0,0,"D",2661,5589
-0.0829137884780405,0.0553212211442565,1.52136105696134,0,0,1,1,0,0,0,1,0,0,0,0,0,1,0,0,"D",1967,5590
-0.0648442675069717,0.0380629324348246,1.53790716485579,0,0,1,1,0,0,0,1,0,0,0,0,0,1,0,0,"D",2087,5591
-0.0697371284380949,0.0322689258935777,0.577713477667203,0,0,1,1,0,0,0,1,0,0,0,0,0,1,0,0,"D",2137,5592
-0.0527948513780253,0.0515927233185491,0.210105076795917,0,0,1,1,0,0,0,1,0,0,0,0,0,1,0,0,"D",2578,5593
-0.101805899774622,0.0636004729552279,0.138340752939421,0,0,1,1,0,0,0,1,0,0,0,0,0,1,0,0,"D",899,5594
-0.0871239837231287,0.0540814730226747,1.06237568977612,0,0,1,1,0,0,0,1,0,0,0,0,0,1,0,0,"D",3030,5595
-0.0904792153792659,0.0643751873677598,1.72539055514344,0,0,1,1,0,0,0,1,0,0,0,0,0,1,0,0,"D",2602,5596
-0.0567745563808622,0.0588749325973432,0.700326482337617,0,0,1,1,0,0,0,1,0,0,0,0,0,1,0,0,"D",394,5597
-0.0802695885955012,0.0512658970196782,0.380307964847454,0,0,1,1,0,0,0,1,0,0,0,0,0,1,0,0,"D",3326,5598
-0.0989181712522319,0.0531307588526759,1.80187469215851,0,0,1,1,0,0,0,1,0,0,0,0,0,1,0,0,"D",2240,5599
-0.0832030467268635,0.103614090030478,-0.412181863989236,0,0,1,1,0,0,0,1,0,0,0,0,0,0,1,0,"C",491,5600
-0.172040586642938,0.173184384350591,-1.91100387819021,0,0,1,1,0,0,0,1,0,0,0,0,0,0,1,0,"C",3721,5601
-0.10377632539671,0.100922999417941,-1.00834769258437,0,0,1,1,0,0,0,1,0,0,0,0,0,0,1,0,"C",3402,5602
-0.0742755977097169,0.0831692718958194,-1.7608668458622,0,0,1,1,0,0,0,1,0,0,0,0,0,0,1,0,"C",368,5603
-0.0761637738391192,0.0674365484113851,-0.474730965574676,0,0,1,1,0,0,0,1,0,0,0,0,0,0,1,0,"C",1484,5604
-0.074176576884343,0.0928252077194918,-0.426752181584531,0,0,1,1,0,0,0,1,0,0,0,0,0,0,1,0,"C",2487,5605
-0.0965357124537273,0.099378917716191,0.301904480273427,0,0,1,1,0,0,0,1,0,0,0,0,0,0,1,0,"C",1608,5606
-0.0424957509299739,0.0572593180946278,0.759582084401122,0,0,1,1,0,0,0,1,0,0,0,0,0,0,1,0,"C",1462,5607
-0.138789142505905,0.131994793455128,-1.363312987665,0,0,1,1,0,0,0,1,0,0,0,0,0,0,1,0,"C",3495,5608
-0.0693072623414044,0.0649704406530819,-1.84354594306187,0,0,1,1,0,0,0,1,0,0,0,0,0,0,1,0,"C",3583,5609
-0.135669729488831,0.127063329500396,-0.856527978058735,0,0,1,1,0,0,0,1,0,0,0,0,0,0,1,0,"C",1747,5610
-0.105094586438516,0.110136298046699,-1.04473427239137,0,0,1,1,0,0,0,1,0,0,0,0,0,0,1,0,"C",344,5611
-0.0849817879632995,0.0807026917481893,-1.55204181528399,0,0,1,1,0,0,0,1,0,0,0,0,0,0,1,0,"C",3343,5612
-0.0785348789536107,0.0910416960876363,-1.27623652183932,0,0,1,1,0,0,0,1,0,0,0,0,0,0,1,0,"C",2191,5613
-0.11697895051403,0.118013633702356,-1.94865473848453,0,0,1,1,0,0,0,1,0,0,0,0,0,0,1,0,"C",2986,5614
-0.0783288084667664,0.0681277171986764,-0.1816395725587,0,0,1,1,0,0,0,1,0,0,0,0,0,0,1,0,"C",3527,5615
-0.0892351926591324,0.0799835543514767,-0.432837459048713,0,0,1,1,0,0,0,1,0,0,0,0,0,0,1,0,"C",3748,5616
-0.0751821128776622,0.0850280867353161,-0.685231157571123,0,0,1,1,0,0,0,1,0,0,0,0,0,0,1,0,"C",930,5617
-0.109197906677012,0.117225310732121,-0.808277536440957,0,0,1,1,0,0,0,1,0,0,0,0,0,0,1,0,"C",1560,5618
-0.0622952820744045,0.0612233846969403,-1.85116135323066,0,0,1,1,0,0,0,1,0,0,0,0,0,0,1,0,"C",1549,5619
-0.118529698640625,0.116706750981546,-0.343031544656155,0,0,1,1,0,0,0,1,0,0,0,0,0,0,1,0,"C",3423,5620
-0.0812111526508405,0.0849878618335684,-0.889623282243659,0,0,1,1,0,0,0,1,0,0,0,0,0,0,1,0,"C",3464,5621
-0.0642446632946822,0.0700256039166613,-0.354554824205357,0,0,1,1,0,0,0,1,0,0,0,0,0,0,1,0,"C",1646,5622
-0.0801677247264569,0.0934961987053786,-1.74670959233148,0,0,1,1,0,0,0,1,0,0,0,0,0,0,1,0,"C",2823,5623
-0.104636401906861,0.115240696543386,-0.911008741228192,0,0,1,1,0,0,0,1,0,0,0,0,0,0,1,0,"C",2022,5624
-0.10928322536212,0.100832016391254,-0.854811673170805,0,0,1,1,0,0,0,1,0,0,0,0,0,0,1,0,"C",1255,5625
-0.0964849545208761,0.104994912597266,-0.257929009910779,0,0,1,1,0,0,0,1,0,0,0,0,0,0,1,0,"C",1691,5626
-0.058200956930471,0.073085483370485,1.07641349095842,0,0,1,1,0,0,0,1,0,0,0,0,0,0,1,0,"C",3414,5627
-0.0907461577252414,0.0951400568483625,-0.161903466471344,0,0,1,1,0,0,0,1,0,0,0,0,0,0,1,0,"C",1362,5628
-0.0761159797902748,0.0802939092990155,-0.891318449489458,0,0,1,1,0,0,0,1,0,0,0,0,0,0,1,0,"C",2845,5629
-0.0517230797669006,0.0672519416445619,0.288529329323769,0,0,1,1,0,0,0,1,0,0,0,0,0,0,1,0,"C",2333,5630
-0.0670489120578647,0.0659739307481669,-0.675584369065445,0,0,1,1,0,0,0,1,0,0,0,0,0,0,1,0,"C",2005,5631
-0.102956783730284,0.111055572540003,-2.07056310433863,0,0,1,1,0,0,0,1,0,0,0,0,0,0,1,0,"C",2937,5632
-0.105765709442679,0.122724510855859,-0.953796340658837,0,0,1,1,0,0,0,1,0,0,0,0,0,0,1,0,"C",1628,5633
-0.0856299525450547,0.0789057189918296,-0.795495478450557,0,0,1,1,0,0,0,1,0,0,0,0,0,0,1,0,"C",3122,5634
-0.0917306932519632,0.102073163536558,-1.20888075374218,0,0,1,1,0,0,0,1,0,0,0,0,0,0,1,0,"C",666,5635
-0.0345305865995559,0.038526533011438,0.156929195402369,0,0,1,1,0,0,0,1,0,0,0,0,0,0,1,0,"C",1125,5636
-0.0463310188115765,0.0535164197986686,-0.368403665322741,0,0,1,1,0,0,0,1,0,0,0,0,0,0,1,0,"C",33,5637
-0.103187956930414,0.102993288625797,-0.494943381023926,0,0,1,1,0,0,0,1,0,0,0,0,0,0,1,0,"C",1671,5638
-0.120955473306198,0.131650128392751,-1.70657025406778,0,0,1,1,0,0,0,1,0,0,0,0,0,0,1,0,"C",2714,5639
-0.0728131058347287,0.061092190038718,-1.68465202928595,0,0,1,1,0,0,0,1,0,0,0,0,0,0,1,0,"C",946,5640
-0.012352264841706,0.023528774808846,-0.735177573905325,0,0,1,1,0,0,0,1,0,0,0,0,0,0,1,0,"C",2718,5641
-0.113187585523411,0.107165450875542,-1.64003734162665,0,0,1,1,0,0,0,1,0,0,0,0,0,0,1,0,"C",2372,5642
-0.0910305358965691,0.0909428494804036,-0.755151638199213,0,0,1,1,0,0,0,1,0,0,0,0,0,0,1,0,"C",1117,5643
-0.0925483451434928,0.0996897732360892,-1.94885590403335,0,0,1,1,0,0,0,1,0,0,0,0,0,0,1,0,"C",3186,5644
-0.0750061312776769,0.0871511974891942,-0.295100913211085,0,0,1,1,0,0,0,1,0,0,0,0,0,0,1,0,"C",2648,5645
-0.115231332629447,0.120058515141561,-1.16941029442716,0,0,1,1,0,0,0,1,0,0,0,0,0,0,1,0,"C",3379,5646
-0.0837045849230557,0.0951445611077962,-0.561613658094289,0,0,1,1,0,0,0,1,0,0,0,0,0,0,1,0,"C",2742,5647
-0.110927627234795,0.108313468539176,-1.56316720781742,0,0,1,1,0,0,0,1,0,0,0,0,0,0,1,0,"C",2336,5648
-0.10089392981599,0.0911587907919975,-1.19172387004525,0,0,1,1,0,0,0,1,0,0,0,0,0,0,1,0,"C",267,5649
-0.0814160067993585,0.0886021636923952,-0.599865266843991,0,0,1,1,0,0,0,1,0,0,0,0,0,0,1,0,"C",1359,5650
-0.152463458560818,0.157892862410966,-1.14300366845629,0,0,1,1,0,0,0,1,0,0,0,0,0,0,1,0,"C",1441,5651
-0.0764240203918741,0.0630238511191707,0.265578317664411,0,0,1,1,0,0,0,1,0,0,0,0,0,0,1,0,"C",1962,5652
-0.0923403357119061,0.114347921643454,-0.509082988228952,0,0,1,1,0,0,0,1,0,0,0,0,0,0,1,0,"C",3717,5653
-0.0567504371409537,0.0554106829103385,-1.0388516189948,0,0,1,1,0,0,0,1,0,0,0,0,0,0,1,0,"C",347,5654
-0.0947780034549431,0.0774972607597563,0.101684345055601,0,0,1,1,0,0,0,1,0,0,0,0,0,0,1,0,"C",2090,5655
-0.0810132248209041,0.0802008835025411,0.553695466815361,0,0,1,1,0,0,0,1,0,0,0,0,0,0,1,0,"C",3406,5656
-0.0919886550605351,0.0893814465338403,-0.467123392873515,0,0,1,1,0,0,0,1,0,0,0,0,0,0,1,0,"C",2061,5657
-0.10372728755362,0.11857982870865,-0.617804885821399,0,0,1,1,0,0,0,1,0,0,0,0,0,0,1,0,"C",3699,5658
-0.062331888572529,0.0580076901903062,-0.869084606667881,0,0,1,1,0,0,0,1,0,0,0,0,0,0,1,0,"C",1385,5659
-0.0571120547134664,0.0453517028939108,0.116346417697625,0,0,1,1,0,0,0,1,0,0,0,0,0,0,1,0,"C",729,5660
-0.0878941509955131,0.0895076504359029,-1.27917569971406,0,0,1,1,0,0,0,1,0,0,0,0,0,0,1,0,"C",712,5661
-0.0727752540379579,0.0610493744117073,-1.03766496745275,0,0,1,1,0,0,0,1,0,0,0,0,0,0,1,0,"C",656,5662
-0.118299412340118,0.1163092976552,-1.2412403384688,0,0,1,1,0,0,0,1,0,0,0,0,0,0,1,0,"C",1397,5663
-0.0935307641698218,0.0832810964491526,-0.46889591303418,0,0,1,1,0,0,0,1,0,0,0,0,0,0,1,0,"C",2074,5664
-0.129027906676367,0.112727822122597,-0.840039185962175,0,0,1,1,0,0,0,1,0,0,0,0,0,0,1,0,"C",857,5665
-0.10818827166986,0.101728827933158,-1.33806093479479,0,0,1,1,0,0,0,1,0,0,0,0,0,0,1,0,"C",2257,5666
-0.098006202378667,0.10392014951723,-1.53301908557886,0,0,1,1,0,0,0,1,0,0,0,0,0,0,1,0,"C",1072,5667
-0.0804216105405054,0.0857811971932866,-0.66400031658058,0,0,1,1,0,0,0,1,0,0,0,0,0,0,1,0,"C",1687,5668
-0.109188460443948,0.109793319711897,-1.07924135810842,0,0,1,1,0,0,0,1,0,0,0,0,0,0,1,0,"C",2575,5669
-0.126476178657137,0.127929222530272,-1.49846109280861,0,0,1,1,0,0,0,1,0,0,0,0,0,0,1,0,"C",3006,5670
-0.100073642498691,0.107389610181782,-1.23048342197362,0,0,1,1,0,0,0,1,0,0,0,0,0,0,1,0,"C",3732,5671
-0.157696509870929,0.164228802907791,-2.38624961324207,0,0,1,1,0,0,0,1,0,0,0,0,0,0,1,0,"C",482,5672
-0.0667394755152666,0.0703292211074704,-0.864413389882617,0,0,1,1,0,0,0,1,0,0,0,0,0,0,1,0,"C",1341,5673
-0.112929706209705,0.113787605781681,-1.23136552134101,0,0,1,1,0,0,0,1,0,0,0,0,0,0,1,0,"C",3204,5674
-0.053638425533418,0.0715530863223505,-0.506241357137761,0,0,1,1,0,0,0,1,0,0,0,0,0,0,1,0,"C",1763,5675
-0.109898684709517,0.103194889848215,-0.544986085594534,0,0,1,1,0,0,0,1,0,0,0,0,0,0,1,0,"C",2318,5676
-0.108754939348847,0.101521015002001,-1.16030437313502,0,0,1,1,0,0,0,1,0,0,0,0,0,0,1,0,"C",1059,5677
-0.0893033508725656,0.0730012509280535,-0.18249083128644,0,0,1,1,0,0,0,1,0,0,0,0,0,0,1,0,"C",1290,5678
-0.0667792566558252,0.0678924319161621,0.02860584563514,0,0,1,1,0,0,0,1,0,0,0,0,0,0,1,0,"C",3146,5679
-0.0502141164621667,0.0559485752161825,-0.808624891062587,0,0,1,1,0,0,0,1,0,0,0,0,0,0,1,0,"C",1594,5680
-0.0772806895816834,0.084294925297014,-0.43887519302118,0,0,1,1,0,0,0,1,0,0,0,0,0,0,1,0,"C",2727,5681
-0.0984359374097369,0.108846512158239,-1.53332509784284,0,0,1,1,0,0,0,1,0,0,0,0,0,0,1,0,"C",2960,5682
-0.0705607193568566,0.0644434672434956,-0.945624956304229,0,0,1,1,0,0,0,1,0,0,0,0,0,0,1,0,"C",3738,5683
-0.146341370432254,0.141443073145649,-2.10812721791801,0,0,1,1,0,0,0,1,0,0,0,0,0,0,1,0,"C",1567,5684
-0.0812787797869194,0.0726478111094008,-1.32967605239918,0,0,1,1,0,0,0,1,0,0,0,0,0,0,1,0,"C",1930,5685
-0.101762662481709,0.118976274346236,-1.23843165202556,0,0,1,1,0,0,0,1,0,0,0,0,0,0,1,0,"C",3714,5686
-0.0894358488582586,0.11391963596137,-0.828808318498589,0,0,1,1,0,0,0,1,0,0,0,0,0,0,1,0,"C",435,5687
-0.0790449469761817,0.0816102449338506,-0.377483022556214,0,0,1,1,0,0,0,1,0,0,0,0,0,0,1,0,"C",1461,5688
-0.120186621504581,0.121619043248748,-1.69041471420099,0,0,1,1,0,0,0,1,0,0,0,0,0,0,1,0,"C",2661,5689
-0.0857808538391793,0.0864295511081797,-0.955056512496582,0,0,1,1,0,0,0,1,0,0,0,0,0,0,1,0,"C",1967,5690
-0.107303729762734,0.0916442378728327,0.0854027443038674,0,0,1,1,0,0,0,1,0,0,0,0,0,0,1,0,"C",2087,5691
-0.0993141534278697,0.0946573910013435,-0.796818729654623,0,0,1,1,0,0,0,1,0,0,0,0,0,0,1,0,"C",2137,5692
-0.0698946803764991,0.0804535086712015,-0.547030891481213,0,0,1,1,0,0,0,1,0,0,0,0,0,0,1,0,"C",2578,5693
-0.090781094095396,0.0846539290356473,0.604374547989358,0,0,1,1,0,0,0,1,0,0,0,0,0,0,1,0,"C",899,5694
-0.0992855964642812,0.0999890602088181,-1.13725778873175,0,0,1,1,0,0,0,1,0,0,0,0,0,0,1,0,"C",3030,5695
-0.121037107529941,0.134675041415005,-0.653331871187347,0,0,1,1,0,0,0,1,0,0,0,0,0,0,1,0,"C",2602,5696
-0.103914363393056,0.10714406978385,-0.806750044912013,0,0,1,1,0,0,0,1,0,0,0,0,0,0,1,0,"C",394,5697
-0.0995527524253892,0.107523847086983,-1.38826125380009,0,0,1,1,0,0,0,1,0,0,0,0,0,0,1,0,"C",3326,5698
-0.101061599152637,0.114614242707547,-0.699621214191331,0,0,1,1,0,0,0,1,0,0,0,0,0,0,1,0,"C",2240,5699
-0.0554354771711198,0.0361906529252326,0.386003634938519,0,0,1,1,0,0,0,1,0,0,0,0,0,0,1,0,"D",491,5700
-0.057700684718122,0.0622248631916784,1.24940753224811,0,0,1,1,0,0,0,1,0,0,0,0,0,0,1,0,"D",3721,5701
-0.105256338938638,0.0989085761066153,1.23138605752802,0,0,1,1,0,0,0,1,0,0,0,0,0,0,1,0,"D",3402,5702
-0.0856294551939866,0.0861894087503546,1.23873230440278,0,0,1,1,0,0,0,1,0,0,0,0,0,0,1,0,"D",368,5703
-0.110222655651345,0.0801567956757144,0.643457461321397,0,0,1,1,0,0,0,1,0,0,0,0,0,0,1,0,"D",1484,5704
-0.0819749406733452,0.0710807524134004,0.558666544795741,0,0,1,1,0,0,0,1,0,0,0,0,0,0,1,0,"D",2487,5705
-0.0814332753885998,0.0810546242571418,0.798319503787429,0,0,1,1,0,0,0,1,0,0,0,0,0,0,1,0,"D",1608,5706
-0.0805265985333941,0.0796380928627776,-1.36328157888059,0,0,1,1,0,0,0,1,0,0,0,0,0,0,1,0,"D",1462,5707
-0.0840964568807229,0.0667345498209633,0.92293739315923,0,0,1,1,0,0,0,1,0,0,0,0,0,0,1,0,"D",3495,5708
-0.0769071624066101,0.0632040131598191,0.719835220667823,0,0,1,1,0,0,0,1,0,0,0,0,0,0,1,0,"D",3583,5709
-0.0932992574248195,0.07767194332486,0.799073638176379,0,0,1,1,0,0,0,1,0,0,0,0,0,0,1,0,"D",1747,5710
-0.0871904847547648,0.0869006737094771,1.96728120711449,0,0,1,1,0,0,0,1,0,0,0,0,0,0,1,0,"D",344,5711
-0.0851017380872497,0.0841136869886039,1.37743383548818,0,0,1,1,0,0,0,1,0,0,0,0,0,0,1,0,"D",3343,5712
-0.0812404973505904,0.0823736366945326,1.40208026884121,0,0,1,1,0,0,0,1,0,0,0,0,0,0,1,0,"D",2191,5713
-0.0843940436472966,0.0759027782070592,1.51062954220232,0,0,1,1,0,0,0,1,0,0,0,0,0,0,1,0,"D",2986,5714
-0.0579079978324833,0.063993520509728,1.5409607548461,0,0,1,1,0,0,0,1,0,0,0,0,0,0,1,0,"D",3527,5715
-0.0711779872551576,0.0639337067968027,0.579061091946502,0,0,1,1,0,0,0,1,0,0,0,0,0,0,1,0,"D",3748,5716
-0.0634910584408619,0.0477840647789379,1.73612702192509,0,0,1,1,0,0,0,1,0,0,0,0,0,0,1,0,"D",930,5717
-0.0701417851728281,0.0676158567187111,2.33178203264173,0,0,1,1,0,0,0,1,0,0,0,0,0,0,1,0,"D",1560,5718
-0.0769035413826194,0.060560476055385,-0.440558039613163,0,0,1,1,0,0,0,1,0,0,0,0,0,0,1,0,"D",1549,5719
-0.0995139971174016,0.075788753908634,1.01217899302557,0,0,1,1,0,0,0,1,0,0,0,0,0,0,1,0,"D",3423,5720
-0.0651975800883888,0.068383640091202,-0.719434735908743,0,0,1,1,0,0,0,1,0,0,0,0,0,0,1,0,"D",3464,5721
-0.0670571576572584,0.0407366670864844,1.33504051624878,0,0,1,1,0,0,0,1,0,0,0,0,0,0,1,0,"D",1646,5722
-0.0966382511505329,0.0924188605217551,0.57979669956352,0,0,1,1,0,0,0,1,0,0,0,0,0,0,1,0,"D",2823,5723
-0.0711676043905381,0.0770456694116719,0.418898607556948,0,0,1,1,0,0,0,1,0,0,0,0,0,0,1,0,"D",2022,5724
-0.0467963817824709,0.041848850232826,1.4290785946505,0,0,1,1,0,0,0,1,0,0,0,0,0,0,1,0,"D",1255,5725
-0.0943917105585818,0.0876534749898449,-0.146207976035772,0,0,1,1,0,0,0,1,0,0,0,0,0,0,1,0,"D",1691,5726
-0.09764418991519,0.0922616531398637,0.35211043762685,0,0,1,1,0,0,0,1,0,0,0,0,0,0,1,0,"D",3414,5727
-0.0933917661583344,0.0771942067056787,0.710375375378412,0,0,1,1,0,0,0,1,0,0,0,0,0,0,1,0,"D",1362,5728
-0.117466184781648,0.113071370975358,0.292716568312658,0,0,1,1,0,0,0,1,0,0,0,0,0,0,1,0,"D",2845,5729
-0.0793718543953572,0.0754984121326805,0.441863182146179,0,0,1,1,0,0,0,1,0,0,0,0,0,0,1,0,"D",2333,5730
-0.0984454642541639,0.0843459914246621,1.49611238479361,0,0,1,1,0,0,0,1,0,0,0,0,0,0,1,0,"D",2005,5731
-0.102210051450052,0.099333007374001,0.918381205462741,0,0,1,1,0,0,0,1,0,0,0,0,0,0,1,0,"D",2937,5732
-0.109472635056215,0.0997781200788819,0.142012714829665,0,0,1,1,0,0,0,1,0,0,0,0,0,0,1,0,"D",1628,5733
-0.0601700811317955,0.0594037401806939,1.45985647994114,0,0,1,1,0,0,0,1,0,0,0,0,0,0,1,0,"D",3122,5734
-0.100463775360289,0.103658202016733,1.41941513196166,0,0,1,1,0,0,0,1,0,0,0,0,0,0,1,0,"D",666,5735
-0.107698309718494,0.105008389796277,0.505537919398459,0,0,1,1,0,0,0,1,0,0,0,0,0,0,1,0,"D",1125,5736
-0.0855618620691021,0.0810451319422612,0.952147764722947,0,0,1,1,0,0,0,1,0,0,0,0,0,0,1,0,"D",33,5737
-0.100354396329911,0.0830350649263933,0.952813737293545,0,0,1,1,0,0,0,1,0,0,0,0,0,0,1,0,"D",1671,5738
-0.0546738849145221,0.0525972048013,0.752876067482445,0,0,1,1,0,0,0,1,0,0,0,0,0,0,1,0,"D",2714,5739
-0.0666830399304643,0.0705309768220565,1.16784432840659,0,0,1,1,0,0,0,1,0,0,0,0,0,0,1,0,"D",946,5740
-0.101035009348576,0.0848020150856646,1.24174527676794,0,0,1,1,0,0,0,1,0,0,0,0,0,0,1,0,"D",2718,5741
-0.0741595901762368,0.05975779248046,1.38715602344226,0,0,1,1,0,0,0,1,0,0,0,0,0,0,1,0,"D",2372,5742
-0.0738288482830058,0.0707394771588468,-0.919210397404816,0,0,1,1,0,0,0,1,0,0,0,0,0,0,1,0,"D",1117,5743
-0.0858158628354247,0.0616768984441465,0.688955322141656,0,0,1,1,0,0,0,1,0,0,0,0,0,0,1,0,"D",3186,5744
-0.100818929914268,0.103889732699036,1.01548009033449,0,0,1,1,0,0,0,1,0,0,0,0,0,0,1,0,"D",2648,5745
-0.0813811358617338,0.0648705472001843,1.13359282767595,0,0,1,1,0,0,0,1,0,0,0,0,0,0,1,0,"D",3379,5746
-0.092513679790236,0.0851474900547347,0.167065349260469,0,0,1,1,0,0,0,1,0,0,0,0,0,0,1,0,"D",2742,5747
-0.0799246107260598,0.071083261297601,0.995966111598354,0,0,1,1,0,0,0,1,0,0,0,0,0,0,1,0,"D",2336,5748
-0.083683405157281,0.0620610759024518,0.975837986567044,0,0,1,1,0,0,0,1,0,0,0,0,0,0,1,0,"D",267,5749
-0.121133070090922,0.115726012532022,0.736203636320937,0,0,1,1,0,0,0,1,0,0,0,0,0,0,1,0,"D",1359,5750
-0.0598215478073643,0.0565698881950503,0.612014003537963,0,0,1,1,0,0,0,1,0,0,0,0,0,0,1,0,"D",1441,5751
-0.0963985928275016,0.0846929773951168,1.14855868907182,0,0,1,1,0,0,0,1,0,0,0,0,0,0,1,0,"D",1962,5752
-0.105756533382312,0.0672944867351345,1.18634587144627,0,0,1,1,0,0,0,1,0,0,0,0,0,0,1,0,"D",3717,5753
-0.083999594449285,0.0809385403583019,1.35757781450522,0,0,1,1,0,0,0,1,0,0,0,0,0,0,1,0,"D",347,5754
-0.105618647547611,0.109570722059918,0.48530988392047,0,0,1,1,0,0,0,1,0,0,0,0,0,0,1,0,"D",2090,5755
-0.0594428310042749,0.0499431043967314,2.00277298672597,0,0,1,1,0,0,0,1,0,0,0,0,0,0,1,0,"D",3406,5756
-0.107787177348168,0.0932066489972085,0.686427331309405,0,0,1,1,0,0,0,1,0,0,0,0,0,0,1,0,"D",2061,5757
-0.0904484775707304,0.0861001119658858,0.440662571460049,0,0,1,1,0,0,0,1,0,0,0,0,0,0,1,0,"D",3699,5758
-0.0794634727910317,0.0825493713260729,0.631535486513751,0,0,1,1,0,0,0,1,0,0,0,0,0,0,1,0,"D",1385,5759
-0.0595232387972961,0.0637418955173009,0.467276865121527,0,0,1,1,0,0,0,1,0,0,0,0,0,0,1,0,"D",729,5760
-0.0890474647065074,0.0817238419879855,0.784907290809882,0,0,1,1,0,0,0,1,0,0,0,0,0,0,1,0,"D",712,5761
-0.0518184252965313,0.0622248859016261,2.31194209971167,0,0,1,1,0,0,0,1,0,0,0,0,0,0,1,0,"D",656,5762
-0.085150552117523,0.0801445763718288,1.11161716972884,0,0,1,1,0,0,0,1,0,0,0,0,0,0,1,0,"D",1397,5763
-0.0773817486332817,0.0743998374089401,1.76302845605984,0,0,1,1,0,0,0,1,0,0,0,0,0,0,1,0,"D",2074,5764
-0.0719418296795348,0.0687070924320094,0.383121609826906,0,0,1,1,0,0,0,1,0,0,0,0,0,0,1,0,"D",857,5765
-0.0570655579404661,0.051180507410702,1.01927357746187,0,0,1,1,0,0,0,1,0,0,0,0,0,0,1,0,"D",2257,5766
-0.0795339417417232,0.0783391844732475,0.578438313354261,0,0,1,1,0,0,0,1,0,0,0,0,0,0,1,0,"D",1072,5767
-0.092905339378959,0.0845098209640291,1.27313250764322,0,0,1,1,0,0,0,1,0,0,0,0,0,0,1,0,"D",1687,5768
-0.119420964535188,0.114299006174912,0.40925869947787,0,0,1,1,0,0,0,1,0,0,0,0,0,0,1,0,"D",2575,5769
-0.0787404622133735,0.0731872035735698,1.2877544804471,0,0,1,1,0,0,0,1,0,0,0,0,0,0,1,0,"D",3006,5770
-0.109333131524729,0.110376273796671,-0.555925150599661,0,0,1,1,0,0,0,1,0,0,0,0,0,0,1,0,"D",3732,5771
-0.113794819841656,0.107944651671524,0.722428118733028,0,0,1,1,0,0,0,1,0,0,0,0,0,0,1,0,"D",482,5772
-0.0640103070299831,0.0511639841068891,-0.681743303119312,0,0,1,1,0,0,0,1,0,0,0,0,0,0,1,0,"D",1341,5773
-0.0825398053749111,0.0878922957267139,0.8182380452875,0,0,1,1,0,0,0,1,0,0,0,0,0,0,1,0,"D",3204,5774
-0.0605635777906214,0.0541877328556871,1.02542266815289,0,0,1,1,0,0,0,1,0,0,0,0,0,0,1,0,"D",1763,5775
-0.0758753319851659,0.0704789367663823,0.134369059296983,0,0,1,1,0,0,0,1,0,0,0,0,0,0,1,0,"D",2318,5776
-0.0811596167836508,0.0680307176866427,1.11945001300184,0,0,1,1,0,0,0,1,0,0,0,0,0,0,1,0,"D",1059,5777
-0.0792453742814378,0.0713306702744894,1.10322139416295,0,0,1,1,0,0,0,1,0,0,0,0,0,0,1,0,"D",1290,5778
-0.0761649241615398,0.0758041706565276,1.68657838143119,0,0,1,1,0,0,0,1,0,0,0,0,0,0,1,0,"D",3146,5779
-0.0968852234617638,0.080204263898379,2.10213137519741,0,0,1,1,0,0,0,1,0,0,0,0,0,0,1,0,"D",1594,5780
-0.0749885069752402,0.0616234183419823,-0.0451572027124328,0,0,1,1,0,0,0,1,0,0,0,0,0,0,1,0,"D",2727,5781
-0.105489518457783,0.105964739045929,1.28233443300663,0,0,1,1,0,0,0,1,0,0,0,0,0,0,1,0,"D",2960,5782
-0.11268487984673,0.105291137983075,1.20426788488594,0,0,1,1,0,0,0,1,0,0,0,0,0,0,1,0,"D",3738,5783
-0.0881961222588743,0.0749066712778592,0.151804301771213,0,0,1,1,0,0,0,1,0,0,0,0,0,0,1,0,"D",1567,5784
-0.0534124538063591,0.0459494007964611,1.94485850622661,0,0,1,1,0,0,0,1,0,0,0,0,0,0,1,0,"D",1930,5785
-0.0740956144182778,0.0572007009628348,0.111018535562523,0,0,1,1,0,0,0,1,0,0,0,0,0,0,1,0,"D",3714,5786
-0.0788141723895653,0.0766441522807927,0.485806696209696,0,0,1,1,0,0,0,1,0,0,0,0,0,0,1,0,"D",435,5787
-0.0802486210323763,0.0744153824220964,2.09493147266876,0,0,1,1,0,0,0,1,0,0,0,0,0,0,1,0,"D",1461,5788
-0.0717472224812445,0.0677643788269077,-1.15335595809035,0,0,1,1,0,0,0,1,0,0,0,0,0,0,1,0,"D",2661,5789
-0.0746963122566043,0.0800697677530735,1.49788813950859,0,0,1,1,0,0,0,1,0,0,0,0,0,0,1,0,"D",1967,5790
-0.0776219267621812,0.0593034438848194,0.618389856039068,0,0,1,1,0,0,0,1,0,0,0,0,0,0,1,0,"D",2087,5791
-0.102880928045224,0.104183808844505,0.827687764243928,0,0,1,1,0,0,0,1,0,0,0,0,0,0,1,0,"D",2137,5792
-0.0654371572888914,0.0674940981931819,-0.211295337272875,0,0,1,1,0,0,0,1,0,0,0,0,0,0,1,0,"D",2578,5793
-0.122387908763197,0.112540303014426,-1.60390349504303,0,0,1,1,0,0,0,1,0,0,0,0,0,0,1,0,"D",899,5794
-0.0690892579980376,0.0623001648409551,0.807609454480564,0,0,1,1,0,0,0,1,0,0,0,0,0,0,1,0,"D",3030,5795
-0.0932481549612222,0.0911532876726854,1.19360903027145,0,0,1,1,0,0,0,1,0,0,0,0,0,0,1,0,"D",2602,5796
-0.0502611808550186,0.0405289003935725,0.00182091115602559,0,0,1,1,0,0,0,1,0,0,0,0,0,0,1,0,"D",394,5797
-0.100461521180127,0.0897541306234668,0.661025964035585,0,0,1,1,0,0,0,1,0,0,0,0,0,0,1,0,"D",3326,5798
-0.0580447638111578,0.0437889384854618,0.00414815022102223,0,0,1,1,0,0,0,1,0,0,0,0,0,0,1,0,"D",2240,5799
-0.0801592540042757,0.140562749643753,-0.736427710809762,1,0,1,1,0,0,0,1,0,0,0,0,0,0,0,0,"C",491,5800
-0.11403036123872,0.148218870721357,-1.32818994529355,1,0,1,1,0,0,0,1,0,0,0,0,0,0,0,0,"C",3721,5801
-0.0856429367926343,0.110084065523823,-0.752914156681567,1,0,1,1,0,0,0,1,0,0,0,0,0,0,0,0,"C",3402,5802
-0.090258698130955,0.100902655546522,-1.15274739574029,1,0,1,1,0,0,0,1,0,0,0,0,0,0,0,0,"C",368,5803
-0.133818417190279,0.126539217027119,-1.08015747473943,1,0,1,1,0,0,0,1,0,0,0,0,0,0,0,0,"C",1484,5804
-0.123406006009021,0.158203214503915,-0.638385084358659,1,0,1,1,0,0,0,1,0,0,0,0,0,0,0,0,"C",2487,5805
-0.0485061929064486,0.0853509278472414,-0.60823652629478,1,0,1,1,0,0,0,1,0,0,0,0,0,0,0,0,"C",1608,5806
-0.0895790899433896,0.124157091280598,-1.22508936425674,1,0,1,1,0,0,0,1,0,0,0,0,0,0,0,0,"C",1462,5807
-0.135517411756598,0.144684642944107,-1.39498352519793,1,0,1,1,0,0,0,1,0,0,0,0,0,0,0,0,"C",3495,5808
-0.121712444892037,0.167055764143092,-1.00788919841513,1,0,1,1,0,0,0,1,0,0,0,0,0,0,0,0,"C",3583,5809
-0.0924532735391015,0.12173649103521,-0.46922616113263,1,0,1,1,0,0,0,1,0,0,0,0,0,0,0,0,"C",1747,5810
-0.152941717728952,0.158817162395002,-1.52842192339237,1,0,1,1,0,0,0,1,0,0,0,0,0,0,0,0,"C",344,5811
-0.102387905922312,0.0874879105026738,-0.937837131099905,1,0,1,1,0,0,0,1,0,0,0,0,0,0,0,0,"C",3343,5812
-0.0219169630871903,0.0555743993566717,-1.63096508518557,1,0,1,1,0,0,0,1,0,0,0,0,0,0,0,0,"C",2191,5813
-0.0716236015346128,0.125487724199544,-1.23560318547933,1,0,1,1,0,0,0,1,0,0,0,0,0,0,0,0,"C",2986,5814
-0.0897474793238607,0.0913815823705341,-1.09751988130499,1,0,1,1,0,0,0,1,0,0,0,0,0,0,0,0,"C",3527,5815
-0.128639571631689,0.0803648744154309,-0.642364449723931,1,0,1,1,0,0,0,1,0,0,0,0,0,0,0,0,"C",3748,5816
-0.0394321073421997,0.0759150670578651,-0.892929625727337,1,0,1,1,0,0,0,1,0,0,0,0,0,0,0,0,"C",930,5817
-0.0145666992264003,0.0630955859389416,-0.625773379066743,1,0,1,1,0,0,0,1,0,0,0,0,0,0,0,0,"C",1560,5818
-0.0895401407507379,0.132977991166596,-1.8004997041599,1,0,1,1,0,0,0,1,0,0,0,0,0,0,0,0,"C",1549,5819
-0.173682459237803,0.175695428032628,-1.46919573336092,1,0,1,1,0,0,0,1,0,0,0,0,0,0,0,0,"C",3423,5820
-0.139351069471407,0.162152944154605,-1.23522949383536,1,0,1,1,0,0,0,1,0,0,0,0,0,0,0,0,"C",3464,5821
-0.112458350403415,0.131769811866358,-1.39354655700568,1,0,1,1,0,0,0,1,0,0,0,0,0,0,0,0,"C",1646,5822
-0.0262440575906797,0.0790486634233375,-0.574432350028356,1,0,1,1,0,0,0,1,0,0,0,0,0,0,0,0,"C",2823,5823
-0.0994546057646658,0.11341025684158,-0.317792378156653,1,0,1,1,0,0,0,1,0,0,0,0,0,0,0,0,"C",2022,5824
-0.172569983968877,0.186753232074636,-1.93114840873379,1,0,1,1,0,0,0,1,0,0,0,0,0,0,0,0,"C",1255,5825
-0.114394404661943,0.138417470300566,-1.56163640142326,1,0,1,1,0,0,0,1,0,0,0,0,0,0,0,0,"C",1691,5826
-0.118838269530659,0.127385217980535,-0.628479548708177,1,0,1,1,0,0,0,1,0,0,0,0,0,0,0,0,"C",3414,5827
-0.162796904519875,0.188177859178662,-1.59534925747531,1,0,1,1,0,0,0,1,0,0,0,0,0,0,0,0,"C",1362,5828
-0.122131609879595,0.149780724546546,-0.918795932795866,1,0,1,1,0,0,0,1,0,0,0,0,0,0,0,0,"C",2845,5829
-0.153923863914729,0.192176280884122,-1.15415280285175,1,0,1,1,0,0,0,1,0,0,0,0,0,0,0,0,"C",2333,5830
-0.122532906972016,0.188472481808493,-0.901369627563343,1,0,1,1,0,0,0,1,0,0,0,0,0,0,0,0,"C",2005,5831
-0.103158568707115,0.124007951962239,-2.50095225454607,1,0,1,1,0,0,0,1,0,0,0,0,0,0,0,0,"C",2937,5832
-0.0258513089785337,0.0858100497053817,-2.10078597957769,1,0,1,1,0,0,0,1,0,0,0,0,0,0,0,0,"C",1628,5833
-0.0769959055074411,0.0937432548880657,-1.37520302522954,1,0,1,1,0,0,0,1,0,0,0,0,0,0,0,0,"C",3122,5834
-0.180929285901658,0.240127910498275,-1.62047523262907,1,0,1,1,0,0,0,1,0,0,0,0,0,0,0,0,"C",666,5835
-0.0504976124317807,0.0944413880733954,-1.27421383487555,1,0,1,1,0,0,0,1,0,0,0,0,0,0,0,0,"C",1125,5836
-0.0163593548636547,0.113360510656033,-1.04869821310873,1,0,1,1,0,0,0,1,0,0,0,0,0,0,0,0,"C",33,5837
-0.177645152611442,0.213658244227136,-1.07777714960866,1,0,1,1,0,0,0,1,0,0,0,0,0,0,0,0,"C",1671,5838
-0.0160114108278193,0.0655968342297578,-0.587744609987012,1,0,1,1,0,0,0,1,0,0,0,0,0,0,0,0,"C",2714,5839
-0.125846975221283,0.128127303063127,-1.58094433071396,1,0,1,1,0,0,0,1,0,0,0,0,0,0,0,0,"C",946,5840
-0.0866648591231087,0.0883999859229398,-0.80681839020793,1,0,1,1,0,0,0,1,0,0,0,0,0,0,0,0,"C",2718,5841
-0.0895350580950827,0.111020212313717,-0.0176533295002557,1,0,1,1,0,0,0,1,0,0,0,0,0,0,0,0,"C",2372,5842
-0.144961450454334,0.127112750687399,-1.00626438822516,1,0,1,1,0,0,0,1,0,0,0,0,0,0,0,0,"C",1117,5843
-0.117508766615478,0.144626544290233,-2.19715382491062,1,0,1,1,0,0,0,1,0,0,0,0,0,0,0,0,"C",3186,5844
-0.0499058503102472,0.102611180630058,-1.13511318547423,1,0,1,1,0,0,0,1,0,0,0,0,0,0,0,0,"C",2648,5845
-0.122290503173992,0.171567104433673,-1.29988544147792,1,0,1,1,0,0,0,1,0,0,0,0,0,0,0,0,"C",3379,5846
-0.0564745712602979,0.0916211335596393,-1.24255581231817,1,0,1,1,0,0,0,1,0,0,0,0,0,0,0,0,"C",2742,5847
-0.104444633809707,0.138799383504621,-0.67266171297253,1,0,1,1,0,0,0,1,0,0,0,0,0,0,0,0,"C",2336,5848
-0.110831861303087,0.164460673948093,-1.52052568802591,1,0,1,1,0,0,0,1,0,0,0,0,0,0,0,0,"C",267,5849
-0.0760376538285302,0.158422618269749,-2.23416926322568,1,0,1,1,0,0,0,1,0,0,0,0,0,0,0,0,"C",1359,5850
-0.133649296152748,0.135817928014692,-0.296488727439583,1,0,1,1,0,0,0,1,0,0,0,0,0,0,0,0,"C",1441,5851
-0.0711059529116112,0.0923364218873352,-1.7581735918485,1,0,1,1,0,0,0,1,0,0,0,0,0,0,0,0,"C",1962,5852
-0.0902328347618029,0.142242539317931,-0.597168381642283,1,0,1,1,0,0,0,1,0,0,0,0,0,0,0,0,"C",3717,5853
-0.0970177671865872,0.109041379029374,-1.30105167038256,1,0,1,1,0,0,0,1,0,0,0,0,0,0,0,0,"C",347,5854
-0.0840583320667017,0.10604672013984,-0.354152741982129,1,0,1,1,0,0,0,1,0,0,0,0,0,0,0,0,"C",2090,5855
-0.0651011807021087,0.0840280473966431,-0.258270761589005,1,0,1,1,0,0,0,1,0,0,0,0,0,0,0,0,"C",3406,5856
-0.0483031930816476,0.0467687788423303,-0.15421958696224,1,0,1,1,0,0,0,1,0,0,0,0,0,0,0,0,"C",2061,5857
-0.188573029441843,0.201980394285156,-0.882196444194865,1,0,1,1,0,0,0,1,0,0,0,0,0,0,0,0,"C",3699,5858
-0.0344262318382554,0.0929336667716402,-1.51072919493477,1,0,1,1,0,0,0,1,0,0,0,0,0,0,0,0,"C",1385,5859
-0.0363767645145787,0.0429843723581395,-0.640996435898263,1,0,1,1,0,0,0,1,0,0,0,0,0,0,0,0,"C",729,5860
-0.0633425704644651,0.129677255844039,-1.7915895664054,1,0,1,1,0,0,0,1,0,0,0,0,0,0,0,0,"C",712,5861
-0.117969786622378,0.164639359779609,-1.40153392778571,1,0,1,1,0,0,0,1,0,0,0,0,0,0,0,0,"C",656,5862
-0.07380783396696,0.0657114601450738,0.00692947745784747,1,0,1,1,0,0,0,1,0,0,0,0,0,0,0,0,"C",1397,5863
-0.127887995559031,0.100008460847552,-1.7306275583534,1,0,1,1,0,0,0,1,0,0,0,0,0,0,0,0,"C",2074,5864
-0.113498935700081,0.144202509492573,-0.169984461493822,1,0,1,1,0,0,0,1,0,0,0,0,0,0,0,0,"C",857,5865
-0.0971643840675512,0.0875652195068569,-0.868130942339083,1,0,1,1,0,0,0,1,0,0,0,0,0,0,0,0,"C",2257,5866
-0.148674526029922,0.179457045983301,-1.18364327184751,1,0,1,1,0,0,0,1,0,0,0,0,0,0,0,0,"C",1072,5867
-0.0985596070235087,0.134413668159918,-1.62659429149643,1,0,1,1,0,0,0,1,0,0,0,0,0,0,0,0,"C",1687,5868
-0.114610200540728,0.120243051265185,-1.35207928380139,1,0,1,1,0,0,0,1,0,0,0,0,0,0,0,0,"C",2575,5869
-0.107693723403914,0.144384399097848,-0.768332081254971,1,0,1,1,0,0,0,1,0,0,0,0,0,0,0,0,"C",3006,5870
-0.101910674862025,0.225073859588518,-1.68014923347462,1,0,1,1,0,0,0,1,0,0,0,0,0,0,0,0,"C",3732,5871
-0.0752441095859325,0.0841610096132299,-1.77040763040623,1,0,1,1,0,0,0,1,0,0,0,0,0,0,0,0,"C",482,5872
-0.0020461996707733,0.0441200521764232,-0.298643804175763,1,0,1,1,0,0,0,1,0,0,0,0,0,0,0,0,"C",1341,5873
-0.118835084062,0.143262213814432,-0.683149464851035,1,0,1,1,0,0,0,1,0,0,0,0,0,0,0,0,"C",3204,5874
-0.112234100932634,0.154524897936393,-1.32500346499734,1,0,1,1,0,0,0,1,0,0,0,0,0,0,0,0,"C",1763,5875
-0.0748939787566856,0.113413798188759,-1.18301660701431,1,0,1,1,0,0,0,1,0,0,0,0,0,0,0,0,"C",2318,5876
-0.107891491285326,0.127066867381252,-1.15470126715839,1,0,1,1,0,0,0,1,0,0,0,0,0,0,0,0,"C",1059,5877
-0.108111426960578,0.124167634273449,-2.0286078371318,1,0,1,1,0,0,0,1,0,0,0,0,0,0,0,0,"C",1290,5878
-0.0444705970867458,0.112657682843703,-1.39388294818282,1,0,1,1,0,0,0,1,0,0,0,0,0,0,0,0,"C",3146,5879
-0.150695922378781,0.166550794544308,-1.11233751304812,1,0,1,1,0,0,0,1,0,0,0,0,0,0,0,0,"C",1594,5880
-0.0825344127692087,0.134904195057423,-1.0532621627048,1,0,1,1,0,0,0,1,0,0,0,0,0,0,0,0,"C",2727,5881
-0.0704018917902104,0.122408761052479,-1.30997261137078,1,0,1,1,0,0,0,1,0,0,0,0,0,0,0,0,"C",2960,5882
-0.0488961612618467,0.0687310685453873,-1.44172894937982,1,0,1,1,0,0,0,1,0,0,0,0,0,0,0,0,"C",3738,5883
-0.0801439127911003,0.0997902347402713,-1.13910400232823,1,0,1,1,0,0,0,1,0,0,0,0,0,0,0,0,"C",1567,5884
-0.030281462250333,0.0337294218078673,-0.555950785468266,1,0,1,1,0,0,0,1,0,0,0,0,0,0,0,0,"C",1930,5885
-0.12225624454738,0.178625969204435,-0.855443958731095,1,0,1,1,0,0,0,1,0,0,0,0,0,0,0,0,"C",3714,5886
-0.101679059332578,0.127158734092868,-2.02709259687542,1,0,1,1,0,0,0,1,0,0,0,0,0,0,0,0,"C",435,5887
-0.00204544771947108,0.0675679509549978,-1.17489404132998,1,0,1,1,0,0,0,1,0,0,0,0,0,0,0,0,"C",1461,5888
-0.0790371700188971,0.103848674701652,-1.14693849373304,1,0,1,1,0,0,0,1,0,0,0,0,0,0,0,0,"C",2661,5889
-0.110042755162452,0.129534812816555,-1.2751448657949,1,0,1,1,0,0,0,1,0,0,0,0,0,0,0,0,"C",1967,5890
-0.121983682257779,0.118852898345988,-1.08555748606744,1,0,1,1,0,0,0,1,0,0,0,0,0,0,0,0,"C",2087,5891
-0.0726958411186603,0.142609661617908,-1.13927578612099,1,0,1,1,0,0,0,1,0,0,0,0,0,0,0,0,"C",2137,5892
-0.0789639692924765,0.108876336343407,-1.45130925523133,1,0,1,1,0,0,0,1,0,0,0,0,0,0,0,0,"C",2578,5893
-0.126363381334874,0.104001652721901,-0.824140022815593,1,0,1,1,0,0,0,1,0,0,0,0,0,0,0,0,"C",899,5894
-0.130819461433756,0.102455547327544,-0.698870609752412,1,0,1,1,0,0,0,1,0,0,0,0,0,0,0,0,"C",3030,5895
-0.104393322746239,0.128536769613695,-0.875719847246758,1,0,1,1,0,0,0,1,0,0,0,0,0,0,0,0,"C",2602,5896
-0.0232875782627269,0.0534062852874919,-0.567932366413284,1,0,1,1,0,0,0,1,0,0,0,0,0,0,0,0,"C",394,5897
-0.100613138828138,0.163867153749109,-1.57823880088251,1,0,1,1,0,0,0,1,0,0,0,0,0,0,0,0,"C",3326,5898
-0.12797507916783,0.161861432686517,-0.752766134616958,1,0,1,1,0,0,0,1,0,0,0,0,0,0,0,0,"C",2240,5899
-0.178338889491042,0.108953103861462,-0.252084851755602,1,0,1,1,0,0,0,1,0,0,0,0,0,0,0,0,"D",491,5900
-0.0736542523561509,0.10357723235202,0.0160347505295021,1,0,1,1,0,0,0,1,0,0,0,0,0,0,0,0,"D",3721,5901
-0.315065521646152,0.236591598614959,0.829178785922764,1,0,1,1,0,0,0,1,0,0,0,0,0,0,0,0,"D",3402,5902
-0.117291319965379,0.10498767744855,1.01569237269421,1,0,1,1,0,0,0,1,0,0,0,0,0,0,0,0,"D",368,5903
-0.215273991175188,0.138086014061633,0.982452629008326,1,0,1,1,0,0,0,1,0,0,0,0,0,0,0,0,"D",1484,5904
-0.177042123462053,0.224461601198234,2.12447245186383,1,0,1,1,0,0,0,1,0,0,0,0,0,0,0,0,"D",2487,5905
-0.252655515770662,0.239456528715474,1.88999335830051,1,0,1,1,0,0,0,1,0,0,0,0,0,0,0,0,"D",1608,5906
-0.284110708497433,0.208952276973245,0.23334077774955,1,0,1,1,0,0,0,1,0,0,0,0,0,0,0,0,"D",1462,5907
-0.259247318271651,0.249582652710738,0.343590779336148,1,0,1,1,0,0,0,1,0,0,0,0,0,0,0,0,"D",3495,5908
-0.105645604143555,0.125342015950996,1.13129677256978,1,0,1,1,0,0,0,1,0,0,0,0,0,0,0,0,"D",3583,5909
0.0442173818309905,0.126027654382356,-0.774244449858085,1,0,1,1,0,0,0,1,0,0,0,0,0,0,0,0,"D",1747,5910
-0.153027251164578,0.172413009312012,-0.0930211251912022,1,0,1,1,0,0,0,1,0,0,0,0,0,0,0,0,"D",344,5911
-0.246459489752038,0.16373509441138,1.5572370691504,1,0,1,1,0,0,0,1,0,0,0,0,0,0,0,0,"D",3343,5912
-0.187145269369951,0.0958842438675982,-0.923068424386936,1,0,1,1,0,0,0,1,0,0,0,0,0,0,0,0,"D",2191,5913
-0.210581414297645,0.141928410254101,0.471290356579092,1,0,1,1,0,0,0,1,0,0,0,0,0,0,0,0,"D",2986,5914
-0.111665006750185,0.0953432985185976,-0.810842057634756,1,0,1,1,0,0,0,1,0,0,0,0,0,0,0,0,"D",3527,5915
-0.144998633328487,0.161933580117595,-0.246896715276099,1,0,1,1,0,0,0,1,0,0,0,0,0,0,0,0,"D",3748,5916
-0.177786534705341,0.16281270627892,-0.104442032985847,1,0,1,1,0,0,0,1,0,0,0,0,0,0,0,0,"D",930,5917
-0.34043458242713,0.263244864577361,0.180988715397939,1,0,1,1,0,0,0,1,0,0,0,0,0,0,0,0,"D",1560,5918
-0.162825596607248,0.0688121398875013,-0.482202020499897,1,0,1,1,0,0,0,1,0,0,0,0,0,0,0,0,"D",1549,5919
-0.188658788566793,0.114447119356234,-0.902306829504568,1,0,1,1,0,0,0,1,0,0,0,0,0,0,0,0,"D",3423,5920
-0.127091489095373,0.0746859872217689,-0.965408835610872,1,0,1,1,0,0,0,1,0,0,0,0,0,0,0,0,"D",3464,5921
-0.166008727987526,0.190280042654846,1.98582025089327,1,0,1,1,0,0,0,1,0,0,0,0,0,0,0,0,"D",1646,5922
-0.235089672156804,0.135408316636633,-1.09673057468668,1,0,1,1,0,0,0,1,0,0,0,0,0,0,0,0,"D",2823,5923
-0.228824349224791,0.202298451419149,0.640833090991343,1,0,1,1,0,0,0,1,0,0,0,0,0,0,0,0,"D",2022,5924
-0.272283737553437,0.210057914316154,-0.251416045196053,1,0,1,1,0,0,0,1,0,0,0,0,0,0,0,0,"D",1255,5925
-0.0177543391665234,0.0601880627216071,0.801234565989679,1,0,1,1,0,0,0,1,0,0,0,0,0,0,0,0,"D",1691,5926
-0.146166736508607,0.208327838581145,-1.66443339124357,1,0,1,1,0,0,0,1,0,0,0,0,0,0,0,0,"D",3414,5927
-0.29967879230254,0.289164916288951,2.41826117350143,1,0,1,1,0,0,0,1,0,0,0,0,0,0,0,0,"D",1362,5928
-0.0905568453002213,0.0499701327259172,-0.606063050340443,1,0,1,1,0,0,0,1,0,0,0,0,0,0,0,0,"D",2845,5929
-0.225977877970273,0.142297808544957,-1.27944737832268,1,0,1,1,0,0,0,1,0,0,0,0,0,0,0,0,"D",2333,5930
-0.198177043620292,0.0979428224678168,-0.346790344120303,1,0,1,1,0,0,0,1,0,0,0,0,0,0,0,0,"D",2005,5931
-0.339761256648104,0.296446397469734,1.8493270544032,1,0,1,1,0,0,0,1,0,0,0,0,0,0,0,0,"D",2937,5932
-0.248797117613816,0.216345136053618,0.119910845433059,1,0,1,1,0,0,0,1,0,0,0,0,0,0,0,0,"D",1628,5933
-0.237396120020266,0.197883845933264,1.11630679387125,1,0,1,1,0,0,0,1,0,0,0,0,0,0,0,0,"D",3122,5934
-0.148601752880898,0.112497132027531,-1.12096760221453,1,0,1,1,0,0,0,1,0,0,0,0,0,0,0,0,"D",666,5935
-0.116414416246067,0.116395652259532,-0.502639468597205,1,0,1,1,0,0,0,1,0,0,0,0,0,0,0,0,"D",1125,5936
-0.121851740300203,0.230400134465921,1.77500768900631,1,0,1,1,0,0,0,1,0,0,0,0,0,0,0,0,"D",33,5937
-0.293848654722757,0.281535203660036,2.35337508284897,1,0,1,1,0,0,0,1,0,0,0,0,0,0,0,0,"D",1671,5938
-0.126184585795471,0.250985402238684,1.34004211430463,1,0,1,1,0,0,0,1,0,0,0,0,0,0,0,0,"D",2714,5939
-0.237804601809311,0.234987255320876,1.93420984866352,1,0,1,1,0,0,0,1,0,0,0,0,0,0,0,0,"D",946,5940
-0.178034311557793,0.164104890453916,0.483929440700335,1,0,1,1,0,0,0,1,0,0,0,0,0,0,0,0,"D",2718,5941
-0.170271098973006,0.105052750650854,1.78970044163851,1,0,1,1,0,0,0,1,0,0,0,0,0,0,0,0,"D",2372,5942
-0.0805132784347823,0.0987816796763754,-1.6371734362987,1,0,1,1,0,0,0,1,0,0,0,0,0,0,0,0,"D",1117,5943
-0.199261799016341,0.192859759531188,1.94637798669965,1,0,1,1,0,0,0,1,0,0,0,0,0,0,0,0,"D",3186,5944
-0.346838719427727,0.286793002053813,-0.754574197167869,1,0,1,1,0,0,0,1,0,0,0,0,0,0,0,0,"D",2648,5945
-0.209551075858854,0.190385118384271,0.897185995289104,1,0,1,1,0,0,0,1,0,0,0,0,0,0,0,0,"D",3379,5946
-0.115039638180222,0.0829655664884778,0.877592016365273,1,0,1,1,0,0,0,1,0,0,0,0,0,0,0,0,"D",2742,5947
-0.27564754188779,0.178839980679513,0.152010397554553,1,0,1,1,0,0,0,1,0,0,0,0,0,0,0,0,"D",2336,5948
-0.130214287165706,0.10501829440483,-0.214941318864135,1,0,1,1,0,0,0,1,0,0,0,0,0,0,0,0,"D",267,5949
-0.247841819909421,0.177507657408945,0.950304899208681,1,0,1,1,0,0,0,1,0,0,0,0,0,0,0,0,"D",1359,5950
-0.206985015693139,0.153963681446213,-1.15749602462372,1,0,1,1,0,0,0,1,0,0,0,0,0,0,0,0,"D",1441,5951
-0.0797419690619525,0.0490406051649017,0.130726389624602,1,0,1,1,0,0,0,1,0,0,0,0,0,0,0,0,"D",1962,5952
-0.219069856272475,0.197108998891957,2.25025656796258,1,0,1,1,0,0,0,1,0,0,0,0,0,0,0,0,"D",3717,5953
-0.111908368980938,0.167763469016339,1.19303768364451,1,0,1,1,0,0,0,1,0,0,0,0,0,0,0,0,"D",347,5954
-0.250738073970349,0.238743255262925,2.0846983213729,1,0,1,1,0,0,0,1,0,0,0,0,0,0,0,0,"D",2090,5955
-0.302372866238625,0.217889546419032,-1.07465079702537,1,0,1,1,0,0,0,1,0,0,0,0,0,0,0,0,"D",3406,5956
-0.0912681620934551,0.092534760407816,-1.38668803256803,1,0,1,1,0,0,0,1,0,0,0,0,0,0,0,0,"D",2061,5957
-0.0665535472186144,0.0845098950732985,1.45574825706548,1,0,1,1,0,0,0,1,0,0,0,0,0,0,0,0,"D",3699,5958
-0.277956256919411,0.244887059977073,-0.613937292534265,1,0,1,1,0,0,0,1,0,0,0,0,0,0,0,0,"D",1385,5959
-0.282519541399865,0.241359205287283,1.41475822130797,1,0,1,1,0,0,0,1,0,0,0,0,0,0,0,0,"D",729,5960
-0.22805354695104,0.276039494855233,2.04854834741553,1,0,1,1,0,0,0,1,0,0,0,0,0,0,0,0,"D",712,5961
-0.215491659794172,0.238795655244459,2.07481398473239,1,0,1,1,0,0,0,1,0,0,0,0,0,0,0,0,"D",656,5962
-0.183471589687162,0.163895535394562,-1.26097066728001,1,0,1,1,0,0,0,1,0,0,0,0,0,0,0,0,"D",1397,5963
-0.0994171836858571,0.163958395862954,0.377871736777476,1,0,1,1,0,0,0,1,0,0,0,0,0,0,0,0,"D",2074,5964
-0.158798424526156,0.202183898970885,1.61257609904821,1,0,1,1,0,0,0,1,0,0,0,0,0,0,0,0,"D",857,5965
-0.189062140517919,0.146087643475481,-0.727087270143257,1,0,1,1,0,0,0,1,0,0,0,0,0,0,0,0,"D",2257,5966
-0.179465463474615,0.202433011424855,0.76331663811073,1,0,1,1,0,0,0,1,0,0,0,0,0,0,0,0,"D",1072,5967
-0.263654894793272,0.16738680257538,-0.970061115008236,1,0,1,1,0,0,0,1,0,0,0,0,0,0,0,0,"D",1687,5968
-0.207346246994603,0.20147204199698,0.640710503657221,1,0,1,1,0,0,0,1,0,0,0,0,0,0,0,0,"D",2575,5969
-0.185949285997591,0.152329914833875,2.2191505437513,1,0,1,1,0,0,0,1,0,0,0,0,0,0,0,0,"D",3006,5970
-0.248843233620507,0.164585206428248,1.7957441470033,1,0,1,1,0,0,0,1,0,0,0,0,0,0,0,0,"D",3732,5971
-0.226237711388648,0.192126176805864,2.14413227232134,1,0,1,1,0,0,0,1,0,0,0,0,0,0,0,0,"D",482,5972
-0.188248634438823,0.130596673102584,-0.154867664784031,1,0,1,1,0,0,0,1,0,0,0,0,0,0,0,0,"D",1341,5973
-0.200627466041445,0.216534412981699,1.06221695502401,1,0,1,1,0,0,0,1,0,0,0,0,0,0,0,0,"D",3204,5974
-0.229968728556731,0.199705137944985,2.28480925638157,1,0,1,1,0,0,0,1,0,0,0,0,0,0,0,0,"D",1763,5975
-0.301202259510824,0.233466244093559,-0.0126999711445605,1,0,1,1,0,0,0,1,0,0,0,0,0,0,0,0,"D",2318,5976
-0.211583178072622,0.152943587514032,0.174910641295399,1,0,1,1,0,0,0,1,0,0,0,0,0,0,0,0,"D",1059,5977
-0.191411696003101,0.217193657887079,0.729432727948249,1,0,1,1,0,0,0,1,0,0,0,0,0,0,0,0,"D",1290,5978
-0.275446680350186,0.22911994401864,0.95170542577746,1,0,1,1,0,0,0,1,0,0,0,0,0,0,0,0,"D",3146,5979
-0.0591106286652025,0.0646032779430294,-0.000290094226390451,1,0,1,1,0,0,0,1,0,0,0,0,0,0,0,0,"D",1594,5980
-0.18298934363913,0.140755948908075,-0.633904614909362,1,0,1,1,0,0,0,1,0,0,0,0,0,0,0,0,"D",2727,5981
-0.275798316699611,0.204364310525817,1.74120463284219,1,0,1,1,0,0,0,1,0,0,0,0,0,0,0,0,"D",2960,5982
-0.170523978084526,0.193277966023931,-0.809541231917386,1,0,1,1,0,0,0,1,0,0,0,0,0,0,0,0,"D",3738,5983
-0.205094138387247,0.136244770690046,-0.873219414315425,1,0,1,1,0,0,0,1,0,0,0,0,0,0,0,0,"D",1567,5984
-0.121508887311669,0.1012656871187,-1.5162548946446,1,0,1,1,0,0,0,1,0,0,0,0,0,0,0,0,"D",1930,5985
-0.164304222396653,0.100821453637412,-0.806497959477705,1,0,1,1,0,0,0,1,0,0,0,0,0,0,0,0,"D",3714,5986
-0.219809651778212,0.141817811666053,-0.177375230673778,1,0,1,1,0,0,0,1,0,0,0,0,0,0,0,0,"D",435,5987
-0.230422712925049,0.225530633980518,1.84889411826226,1,0,1,1,0,0,0,1,0,0,0,0,0,0,0,0,"D",1461,5988
-0.0548255895351482,0.0594924926627431,-0.786538293489223,1,0,1,1,0,0,0,1,0,0,0,0,0,0,0,0,"D",2661,5989
-0.082216861243525,0.071907340016356,-0.907886478177015,1,0,1,1,0,0,0,1,0,0,0,0,0,0,0,0,"D",1967,5990
-0.0469376795833815,0.0869113399666791,1.59724524815135,1,0,1,1,0,0,0,1,0,0,0,0,0,0,0,0,"D",2087,5991
-0.178694399969715,0.110577809666383,0.706377159509582,1,0,1,1,0,0,0,1,0,0,0,0,0,0,0,0,"D",2137,5992
-0.18620872784634,0.148490546411772,2.10511549454897,1,0,1,1,0,0,0,1,0,0,0,0,0,0,0,0,"D",2578,5993
-0.278410325937414,0.274927338796587,2.46980708168392,1,0,1,1,0,0,0,1,0,0,0,0,0,0,0,0,"D",899,5994
-0.218600470911856,0.156886079000982,1.27433760295759,1,0,1,1,0,0,0,1,0,0,0,0,0,0,0,0,"D",3030,5995
-0.14900144974477,0.0776549656131852,-0.885265458012564,1,0,1,1,0,0,0,1,0,0,0,0,0,0,0,0,"D",2602,5996
-0.241925624783767,0.168415579760164,-0.270180926202687,1,0,1,1,0,0,0,1,0,0,0,0,0,0,0,0,"D",394,5997
-0.256560603845282,0.195892204261807,0.85186694097884,1,0,1,1,0,0,0,1,0,0,0,0,0,0,0,0,"D",3326,5998
-0.139790096891494,0.0763014482345423,-1.09439128448623,1,0,1,1,0,0,0,1,0,0,0,0,0,0,0,0,"D",2240,5999
-0.0319512894723575,0.155437600649086,0.158115028078852,0,1,1,1,0,0,0,1,0,0,0,0,0,0,0,0,"C",491,6000
0.0130039890687282,0.0722367606695498,1.02684456872645,0,1,1,1,0,0,0,1,0,0,0,0,0,0,0,0,"C",3721,6001
-0.0595115921987883,0.148829930261528,1.19521651472982,0,1,1,1,0,0,0,1,0,0,0,0,0,0,0,0,"C",3402,6002
-0.00448794781410336,0.0867637661231633,1.37118445345253,0,1,1,1,0,0,0,1,0,0,0,0,0,0,0,0,"C",368,6003
-0.00462808828666128,0.127041186860296,0.960878845814327,0,1,1,1,0,0,0,1,0,0,0,0,0,0,0,0,"C",1484,6004
-0.00299897299189546,0.151633193925643,1.17986620876105,0,1,1,1,0,0,0,1,0,0,0,0,0,0,0,0,"C",2487,6005
-0.101017393437315,0.196415693640648,0.816819423640817,0,1,1,1,0,0,0,1,0,0,0,0,0,0,0,0,"C",1608,6006
-0.0353918712962751,0.119492028387271,0.928971223004177,0,1,1,1,0,0,0,1,0,0,0,0,0,0,0,0,"C",1462,6007
-0.0370465040423756,0.107282679657744,0.780060053034709,0,1,1,1,0,0,0,1,0,0,0,0,0,0,0,0,"C",3495,6008
-0.0414466540730854,0.123822116850706,2.63455030936262,0,1,1,1,0,0,0,1,0,0,0,0,0,0,0,0,"C",3583,6009
-0.0905640231396532,0.160372849380664,1.33753755495824,0,1,1,1,0,0,0,1,0,0,0,0,0,0,0,0,"C",1747,6010
0.00911511628529709,0.104048824037797,1.69913419231745,0,1,1,1,0,0,0,1,0,0,0,0,0,0,0,0,"C",344,6011
-0.0791083567311111,0.166286604430507,1.07791328294261,0,1,1,1,0,0,0,1,0,0,0,0,0,0,0,0,"C",3343,6012
0.0505830415923754,0.0679335201803144,1.03199409995086,0,1,1,1,0,0,0,1,0,0,0,0,0,0,0,0,"C",2191,6013
-0.0841299750675132,0.152881777547365,1.32678464411603,0,1,1,1,0,0,0,1,0,0,0,0,0,0,0,0,"C",2986,6014
-0.017723360381421,0.146337155002556,0.656539995960684,0,1,1,1,0,0,0,1,0,0,0,0,0,0,0,0,"C",3527,6015
-0.0231856845511364,0.0839528437303397,0.913358911488191,0,1,1,1,0,0,0,1,0,0,0,0,0,0,0,0,"C",3748,6016
-0.024200906978711,0.14488790927458,-0.366332553899608,0,1,1,1,0,0,0,1,0,0,0,0,0,0,0,0,"C",930,6017
-0.0185176587354248,0.13440829396401,1.88109418990241,0,1,1,1,0,0,0,1,0,0,0,0,0,0,0,0,"C",1560,6018
-0.111111617847989,0.152392108839315,1.05680613517867,0,1,1,1,0,0,0,1,0,0,0,0,0,0,0,0,"C",1549,6019
0.0431837642110906,0.0776579749670188,1.08028563378826,0,1,1,1,0,0,0,1,0,0,0,0,0,0,0,0,"C",3423,6020
-0.0140377668575607,0.147384921410327,1.71275971917234,0,1,1,1,0,0,0,1,0,0,0,0,0,0,0,0,"C",3464,6021
-0.0176148839332411,0.0739795185386441,-1.06675528012668,0,1,1,1,0,0,0,1,0,0,0,0,0,0,0,0,"C",1646,6022
0.0217702780042861,0.0783634520791114,1.26571421127794,0,1,1,1,0,0,0,1,0,0,0,0,0,0,0,0,"C",2823,6023
-0.0420889326497218,0.172539161190718,0.971565936939821,0,1,1,1,0,0,0,1,0,0,0,0,0,0,0,0,"C",2022,6024
-0.0467355920404683,0.152598248680391,1.83100298925926,0,1,1,1,0,0,0,1,0,0,0,0,0,0,0,0,"C",1255,6025
0.0147173835503622,0.154181642438599,1.05216259170507,0,1,1,1,0,0,0,1,0,0,0,0,0,0,0,0,"C",1691,6026
-0.0592947905939707,0.159795766405365,1.42017259089249,0,1,1,1,0,0,0,1,0,0,0,0,0,0,0,0,"C",3414,6027
-0.0287785979178987,0.117139939737681,0.92395833339199,0,1,1,1,0,0,0,1,0,0,0,0,0,0,0,0,"C",1362,6028
-0.0673452077992993,0.191316439234415,0.174822174925559,0,1,1,1,0,0,0,1,0,0,0,0,0,0,0,0,"C",2845,6029
0.034965196278332,0.088366334777627,-0.0587012621096506,0,1,1,1,0,0,0,1,0,0,0,0,0,0,0,0,"C",2333,6030
-0.0763920999037365,0.0995891181476516,0.662905125044848,0,1,1,1,0,0,0,1,0,0,0,0,0,0,0,0,"C",2005,6031
0.0277796064523154,0.0904491400978766,1.40647563804581,0,1,1,1,0,0,0,1,0,0,0,0,0,0,0,0,"C",2937,6032
-0.0853463245412889,0.168925197896782,0.893099909777783,0,1,1,1,0,0,0,1,0,0,0,0,0,0,0,0,"C",1628,6033
-0.0047962119089131,0.0785614558704975,1.8685990983115,0,1,1,1,0,0,0,1,0,0,0,0,0,0,0,0,"C",3122,6034
-0.0337621887303539,0.140354546264536,1.35002152654935,0,1,1,1,0,0,0,1,0,0,0,0,0,0,0,0,"C",666,6035
0.0452205153227588,0.0976458749517519,0.976933261638589,0,1,1,1,0,0,0,1,0,0,0,0,0,0,0,0,"C",1125,6036
-0.118809958045158,0.16108717700891,0.958653390063265,0,1,1,1,0,0,0,1,0,0,0,0,0,0,0,0,"C",33,6037
-0.0185545605201053,0.141919582140188,1.2276219244526,0,1,1,1,0,0,0,1,0,0,0,0,0,0,0,0,"C",1671,6038
-0.119031487945499,0.246131704997477,-0.872945477415889,0,1,1,1,0,0,0,1,0,0,0,0,0,0,0,0,"C",2714,6039
-0.103432832932158,0.134344065877744,0.837810618774127,0,1,1,1,0,0,0,1,0,0,0,0,0,0,0,0,"C",946,6040
-0.0469662680324091,0.145786712382227,1.46223412937549,0,1,1,1,0,0,0,1,0,0,0,0,0,0,0,0,"C",2718,6041
-0.0353148835893919,0.115079277461119,-0.16030521895548,0,1,1,1,0,0,0,1,0,0,0,0,0,0,0,0,"C",2372,6042
0.0152449716328213,0.0816730521282899,1.10341656683452,0,1,1,1,0,0,0,1,0,0,0,0,0,0,0,0,"C",1117,6043
-0.0945415178221271,0.154182607830015,1.42091889252217,0,1,1,1,0,0,0,1,0,0,0,0,0,0,0,0,"C",3186,6044
0.0195158115165457,0.0980375594508343,1.35018444598504,0,1,1,1,0,0,0,1,0,0,0,0,0,0,0,0,"C",2648,6045
-0.0385208728909823,0.152622453798725,0.781417153409282,0,1,1,1,0,0,0,1,0,0,0,0,0,0,0,0,"C",3379,6046
0.00860958257032679,0.122484977177801,1.14723914253798,0,1,1,1,0,0,0,1,0,0,0,0,0,0,0,0,"C",2742,6047
-0.0165495390164415,0.123934048717491,1.99298767710842,0,1,1,1,0,0,0,1,0,0,0,0,0,0,0,0,"C",2336,6048
-0.10051353378113,0.15351693872437,0.951548493318679,0,1,1,1,0,0,0,1,0,0,0,0,0,0,0,0,"C",267,6049
-0.0704897275244722,0.163821757104313,0.890979451816573,0,1,1,1,0,0,0,1,0,0,0,0,0,0,0,0,"C",1359,6050
-0.00125794927580679,0.09094891020346,1.00332377491804,0,1,1,1,0,0,0,1,0,0,0,0,0,0,0,0,"C",1441,6051
-0.117522250542699,0.208358431872141,1.57896620917056,0,1,1,1,0,0,0,1,0,0,0,0,0,0,0,0,"C",1962,6052
0.0660583285525222,0.0847392169865752,0.14165916175072,0,1,1,1,0,0,0,1,0,0,0,0,0,0,0,0,"C",3717,6053
-0.12670932694206,0.220958115514795,1.08510648642455,0,1,1,1,0,0,0,1,0,0,0,0,0,0,0,0,"C",347,6054
-0.110774574042331,0.147290866485273,0.640642131532427,0,1,1,1,0,0,0,1,0,0,0,0,0,0,0,0,"C",2090,6055
-0.0363046593231969,0.149119720202181,0.433334235366982,0,1,1,1,0,0,0,1,0,0,0,0,0,0,0,0,"C",3406,6056
-0.0527522765665664,0.119936422282549,1.04700843748493,0,1,1,1,0,0,0,1,0,0,0,0,0,0,0,0,"C",2061,6057
-0.0892463820898792,0.20611175107071,0.776557085989156,0,1,1,1,0,0,0,1,0,0,0,0,0,0,0,0,"C",3699,6058
-0.0962545240269678,0.162979279215115,0.832122658671326,0,1,1,1,0,0,0,1,0,0,0,0,0,0,0,0,"C",1385,6059
-0.0946118830740312,0.146999772227255,1.18364399995225,0,1,1,1,0,0,0,1,0,0,0,0,0,0,0,0,"C",729,6060
-0.0620618764312062,0.177454175482392,-1.39795436311985,0,1,1,1,0,0,0,1,0,0,0,0,0,0,0,0,"C",712,6061
-0.0625177949060386,0.178787798837543,2.28544620061342,0,1,1,1,0,0,0,1,0,0,0,0,0,0,0,0,"C",656,6062
-0.0481432274867278,0.17126038280384,1.90878215276852,0,1,1,1,0,0,0,1,0,0,0,0,0,0,0,0,"C",1397,6063
-0.0912871415534078,0.169244019331873,1.74279002446885,0,1,1,1,0,0,0,1,0,0,0,0,0,0,0,0,"C",2074,6064
-0.0307022390081476,0.123848653189866,0.609082361903837,0,1,1,1,0,0,0,1,0,0,0,0,0,0,0,0,"C",857,6065
-0.0235510937528602,0.135500460213016,1.37722781885322,0,1,1,1,0,0,0,1,0,0,0,0,0,0,0,0,"C",2257,6066
-0.106799612414131,0.186560139448425,0.811956589275055,0,1,1,1,0,0,0,1,0,0,0,0,0,0,0,0,"C",1072,6067
-0.0326278964516746,0.0947473932820967,0.461768128951078,0,1,1,1,0,0,0,1,0,0,0,0,0,0,0,0,"C",1687,6068
-0.00686748869249185,0.119289625068572,0.948548903575498,0,1,1,1,0,0,0,1,0,0,0,0,0,0,0,0,"C",2575,6069
-0.116942957393151,0.211711831439682,1.20403969101848,0,1,1,1,0,0,0,1,0,0,0,0,0,0,0,0,"C",3006,6070
-0.0937218945642435,0.15778315222367,1.1000831444603,0,1,1,1,0,0,0,1,0,0,0,0,0,0,0,0,"C",3732,6071
-0.059731874200878,0.125179158428511,0.605631338231605,0,1,1,1,0,0,0,1,0,0,0,0,0,0,0,0,"C",482,6072
-0.00174248202022418,0.118166085957413,0.534611280543814,0,1,1,1,0,0,0,1,0,0,0,0,0,0,0,0,"C",1341,6073
-0.138794741163562,0.233585379448147,0.20902540894278,0,1,1,1,0,0,0,1,0,0,0,0,0,0,0,0,"C",3204,6074
-0.0931194297689717,0.143186643765868,2.32981073463657,0,1,1,1,0,0,0,1,0,0,0,0,0,0,0,0,"C",1763,6075
0.0226372077713699,0.121788422422992,0.50526377834892,0,1,1,1,0,0,0,1,0,0,0,0,0,0,0,0,"C",2318,6076
-0.0495776189691014,0.182146687829628,2.00093854488502,0,1,1,1,0,0,0,1,0,0,0,0,0,0,0,0,"C",1059,6077
-0.0262960418256601,0.169186059770839,1.97800340554159,0,1,1,1,0,0,0,1,0,0,0,0,0,0,0,0,"C",1290,6078
-0.0742688738327245,0.177324828252656,1.02492264705934,0,1,1,1,0,0,0,1,0,0,0,0,0,0,0,0,"C",3146,6079
0.0194032499219004,0.0886088712940024,0.729693723719585,0,1,1,1,0,0,0,1,0,0,0,0,0,0,0,0,"C",1594,6080
0.00163725889903626,0.111775151789564,1.73594621369318,0,1,1,1,0,0,0,1,0,0,0,0,0,0,0,0,"C",2727,6081
-0.0626177201476416,0.155258938891954,1.21330690253157,0,1,1,1,0,0,0,1,0,0,0,0,0,0,0,0,"C",2960,6082
-0.0699536117143265,0.10487748984876,1.2534565072633,0,1,1,1,0,0,0,1,0,0,0,0,0,0,0,0,"C",3738,6083
-0.0847167821458663,0.137137538829442,2.29880718739165,0,1,1,1,0,0,0,1,0,0,0,0,0,0,0,0,"C",1567,6084
0.0157780011584088,0.100983676541908,2.07404733616835,0,1,1,1,0,0,0,1,0,0,0,0,0,0,0,0,"C",1930,6085
-0.155374391578681,0.171939913673632,0.917274776025744,0,1,1,1,0,0,0,1,0,0,0,0,0,0,0,0,"C",3714,6086
-0.0890607863947074,0.168560683716845,1.47644729361707,0,1,1,1,0,0,0,1,0,0,0,0,0,0,0,0,"C",435,6087
-0.101194354569117,0.160306399111979,1.90700149353942,0,1,1,1,0,0,0,1,0,0,0,0,0,0,0,0,"C",1461,6088
0.0319718596946655,0.0587865511915683,1.52273331027085,0,1,1,1,0,0,0,1,0,0,0,0,0,0,0,0,"C",2661,6089
0.0275807740110645,0.0975896978668166,1.20176569250029,0,1,1,1,0,0,0,1,0,0,0,0,0,0,0,0,"C",1967,6090
-0.0928169689202028,0.164762786317071,1.07668975074229,0,1,1,1,0,0,0,1,0,0,0,0,0,0,0,0,"C",2087,6091
-0.039310619123793,0.129642722912281,1.14508028948612,0,1,1,1,0,0,0,1,0,0,0,0,0,0,0,0,"C",2137,6092
0.00396764409391649,0.0789025799778164,2.12174344133973,0,1,1,1,0,0,0,1,0,0,0,0,0,0,0,0,"C",2578,6093
-0.12768466771918,0.215230457117896,0.763765533695848,0,1,1,1,0,0,0,1,0,0,0,0,0,0,0,0,"C",899,6094
-0.120418030574271,0.168538380558578,1.66301236101267,0,1,1,1,0,0,0,1,0,0,0,0,0,0,0,0,"C",3030,6095
-0.116205141797825,0.221354416074908,1.17749814467614,0,1,1,1,0,0,0,1,0,0,0,0,0,0,0,0,"C",2602,6096
-0.0543360755502103,0.145958437055921,1.32709169339861,0,1,1,1,0,0,0,1,0,0,0,0,0,0,0,0,"C",394,6097
0.0500328447562597,0.0949901469660809,1.10586480981013,0,1,1,1,0,0,0,1,0,0,0,0,0,0,0,0,"C",3326,6098
-0.0090931933645355,0.101503269555364,0.726600236664453,0,1,1,1,0,0,0,1,0,0,0,0,0,0,0,0,"C",2240,6099
-0.0680898666685094,0.119391914321859,0.281255516416803,0,1,1,1,0,0,0,1,0,0,0,0,0,0,0,0,"D",491,6100
0.0960625795542634,0.0581479931698047,-1.23426286583681,0,1,1,1,0,0,0,1,0,0,0,0,0,0,0,0,"D",3721,6101
-0.0665230256893729,0.295668511055138,1.47425349959401,0,1,1,1,0,0,0,1,0,0,0,0,0,0,0,0,"D",3402,6102
0.06942195089211,0.036148133624877,-0.765901493142898,0,1,1,1,0,0,0,1,0,0,0,0,0,0,0,0,"D",368,6103
-0.0595489759062999,0.0976246868919969,-1.61204337551739,0,1,1,1,0,0,0,1,0,0,0,0,0,0,0,0,"D",1484,6104
-0.304400958102089,0.270238053999667,0.657362590806559,0,1,1,1,0,0,0,1,0,0,0,0,0,0,0,0,"D",2487,6105
-0.223612841392954,0.198041740364383,-1.51993398323648,0,1,1,1,0,0,0,1,0,0,0,0,0,0,0,0,"D",1608,6106
0.00212583704708384,0.0804229292729482,-1.63489201103614,0,1,1,1,0,0,0,1,0,0,0,0,0,0,0,0,"D",1462,6107
-0.144320618109088,0.14721574147843,-0.0319992547692084,0,1,1,1,0,0,0,1,0,0,0,0,0,0,0,0,"D",3495,6108
-0.157014203288746,0.199876133451079,0.582049449322311,0,1,1,1,0,0,0,1,0,0,0,0,0,0,0,0,"D",3583,6109
-0.27066268384409,0.302847193357626,1.32660081312677,0,1,1,1,0,0,0,1,0,0,0,0,0,0,0,0,"D",1747,6110
-0.00619309899205679,0.0985261145965063,-2.61570904868553,0,1,1,1,0,0,0,1,0,0,0,0,0,0,0,0,"D",344,6111
-0.194472056841428,0.166353480587912,1.28556304564229,0,1,1,1,0,0,0,1,0,0,0,0,0,0,0,0,"D",3343,6112
0.0688347249184644,0.187091685453249,0.552368921515725,0,1,1,1,0,0,0,1,0,0,0,0,0,0,0,0,"D",2191,6113
-0.0486370417990076,0.181104836745716,1.75331548041933,0,1,1,1,0,0,0,1,0,0,0,0,0,0,0,0,"D",2986,6114
-0.0322889674157386,0.169812733626653,1.35539649996726,0,1,1,1,0,0,0,1,0,0,0,0,0,0,0,0,"D",3527,6115
-0.172894074154338,0.201386907531708,1.40166178203816,0,1,1,1,0,0,0,1,0,0,0,0,0,0,0,0,"D",3748,6116
-0.0627152806836228,0.217417499336182,0.917115971340334,0,1,1,1,0,0,0,1,0,0,0,0,0,0,0,0,"D",930,6117
0.00774083158518628,0.104456852150781,-1.68364069329342,0,1,1,1,0,0,0,1,0,0,0,0,0,0,0,0,"D",1560,6118
0.0229599834951634,0.0947289787524535,-2.37102497499014,0,1,1,1,0,0,0,1,0,0,0,0,0,0,0,0,"D",1549,6119
-0.162774931652459,0.236790098618206,-1.88035303970653,0,1,1,1,0,0,0,1,0,0,0,0,0,0,0,0,"D",3423,6120
-0.106747792983352,0.0833270831106563,1.46908855448738,0,1,1,1,0,0,0,1,0,0,0,0,0,0,0,0,"D",3464,6121
-0.0338743191824425,0.104313191366714,1.13892133575292,0,1,1,1,0,0,0,1,0,0,0,0,0,0,0,0,"D",1646,6122
-0.00218380604294837,0.1725798947535,1.64280654335364,0,1,1,1,0,0,0,1,0,0,0,0,0,0,0,0,"D",2823,6123
-0.117199503381974,0.203087567803233,-0.510173836251178,0,1,1,1,0,0,0,1,0,0,0,0,0,0,0,0,"D",2022,6124
-0.0668351158972771,0.0808662515077179,-0.628398093648474,0,1,1,1,0,0,0,1,0,0,0,0,0,0,0,0,"D",1255,6125
0.157195447813772,0.0602535349034168,1.1984560212849,0,1,1,1,0,0,0,1,0,0,0,0,0,0,0,0,"D",1691,6126
-0.161462644138245,0.161071783138605,-2.09395222103847,0,1,1,1,0,0,0,1,0,0,0,0,0,0,0,0,"D",3414,6127
-0.15223378585178,0.13083492798829,1.37640026842603,0,1,1,1,0,0,0,1,0,0,0,0,0,0,0,0,"D",1362,6128
-0.0203023233987767,0.222417102144371,-1.50657037067345,0,1,1,1,0,0,0,1,0,0,0,0,0,0,0,0,"D",2845,6129
-0.226083152151837,0.304036261061674,1.14362617240478,0,1,1,1,0,0,0,1,0,0,0,0,0,0,0,0,"D",2333,6130
-0.000781462221598254,0.127641586425424,1.14671770906221,0,1,1,1,0,0,0,1,0,0,0,0,0,0,0,0,"D",2005,6131
-0.106600398585176,0.182182058344096,-0.593755419312019,0,1,1,1,0,0,0,1,0,0,0,0,0,0,0,0,"D",2937,6132
-0.157868410131473,0.147625818719098,1.36145980958302,0,1,1,1,0,0,0,1,0,0,0,0,0,0,0,0,"D",1628,6133
-0.149526221490676,0.290209386648658,0.325934166363499,0,1,1,1,0,0,0,1,0,0,0,0,0,0,0,0,"D",3122,6134
-0.0464628553427934,0.208818838672932,-0.164814610734373,0,1,1,1,0,0,0,1,0,0,0,0,0,0,0,0,"D",666,6135
-0.122610283185035,0.179758125815557,1.05130158364479,0,1,1,1,0,0,0,1,0,0,0,0,0,0,0,0,"D",1125,6136
0.152311655727315,0.124981389875483,0.705638505699442,0,1,1,1,0,0,0,1,0,0,0,0,0,0,0,0,"D",33,6137
-0.21620398637751,0.258198121419615,1.10573552213237,0,1,1,1,0,0,0,1,0,0,0,0,0,0,0,0,"D",1671,6138
-0.076985249656472,0.171451188456728,-0.367588983908724,0,1,1,1,0,0,0,1,0,0,0,0,0,0,0,0,"D",2714,6139
-0.101218896972791,0.116419283781467,0.167971019353856,0,1,1,1,0,0,0,1,0,0,0,0,0,0,0,0,"D",946,6140
-0.112245610421305,0.109880614611811,1.03821668118374,0,1,1,1,0,0,0,1,0,0,0,0,0,0,0,0,"D",2718,6141
-0.189064101144801,0.152899791387243,-0.0347435166824201,0,1,1,1,0,0,0,1,0,0,0,0,0,0,0,0,"D",2372,6142
-0.0850829288195759,0.114787573045227,-1.44614080461466,0,1,1,1,0,0,0,1,0,0,0,0,0,0,0,0,"D",1117,6143
-0.00228428265560466,0.0733542902744121,1.05196235530809,0,1,1,1,0,0,0,1,0,0,0,0,0,0,0,0,"D",3186,6144
-0.156816146348485,0.277252880515037,0.678597581028388,0,1,1,1,0,0,0,1,0,0,0,0,0,0,0,0,"D",2648,6145
-0.318219744071234,0.30844668375317,-0.824705616469155,0,1,1,1,0,0,0,1,0,0,0,0,0,0,0,0,"D",3379,6146
-0.124111959988958,0.184301686955282,-0.171741585695408,0,1,1,1,0,0,0,1,0,0,0,0,0,0,0,0,"D",2742,6147
0.155624696255265,0.17458149243945,0.314000791270293,0,1,1,1,0,0,0,1,0,0,0,0,0,0,0,0,"D",2336,6148
0.0129365467697989,0.0668650445115733,1.94306796929635,0,1,1,1,0,0,0,1,0,0,0,0,0,0,0,0,"D",267,6149
-0.0394503021979009,0.157182029020884,1.14464027117831,0,1,1,1,0,0,0,1,0,0,0,0,0,0,0,0,"D",1359,6150
0.0282558747870836,0.0850702507950951,-2.55128105606142,0,1,1,1,0,0,0,1,0,0,0,0,0,0,0,0,"D",1441,6151
-0.202905462155177,0.216227300249377,0.324818612109475,0,1,1,1,0,0,0,1,0,0,0,0,0,0,0,0,"D",1962,6152
-0.099781834231386,0.174282603054511,-1.12087649429587,0,1,1,1,0,0,0,1,0,0,0,0,0,0,0,0,"D",3717,6153
-0.170816853932334,0.230281814224965,0.217129158637753,0,1,1,1,0,0,0,1,0,0,0,0,0,0,0,0,"D",347,6154
-0.12162109457688,0.166652320519578,-0.795581274682318,0,1,1,1,0,0,0,1,0,0,0,0,0,0,0,0,"D",2090,6155
0.0473208836066485,0.16849293121224,0.94954754284125,0,1,1,1,0,0,0,1,0,0,0,0,0,0,0,0,"D",3406,6156
-0.0845906783726423,0.257782876369732,0.770827046295348,0,1,1,1,0,0,0,1,0,0,0,0,0,0,0,0,"D",2061,6157
-0.0406984177612417,0.0864146695020627,1.46108513458229,0,1,1,1,0,0,0,1,0,0,0,0,0,0,0,0,"D",3699,6158
-0.0793035119416355,0.183699503101048,-1.00371770584001,0,1,1,1,0,0,0,1,0,0,0,0,0,0,0,0,"D",1385,6159
-0.0690657832526764,0.0905148154801643,-1.71966829166042,0,1,1,1,0,0,0,1,0,0,0,0,0,0,0,0,"D",729,6160
-0.0349224840981157,0.135092237272929,-1.34115611003695,0,1,1,1,0,0,0,1,0,0,0,0,0,0,0,0,"D",712,6161
-0.0818326601699531,0.189301343102385,1.66681567605607,0,1,1,1,0,0,0,1,0,0,0,0,0,0,0,0,"D",656,6162
-0.0646867079140468,0.130351375283438,1.06000734238029,0,1,1,1,0,0,0,1,0,0,0,0,0,0,0,0,"D",1397,6163
-0.115000565865479,0.176343258147644,-0.595942997329193,0,1,1,1,0,0,0,1,0,0,0,0,0,0,0,0,"D",2074,6164
-0.166674896304183,0.19919414496874,0.894733095219562,0,1,1,1,0,0,0,1,0,0,0,0,0,0,0,0,"D",857,6165
-0.266488933949202,0.313175415640274,0.0228578425234503,0,1,1,1,0,0,0,1,0,0,0,0,0,0,0,0,"D",2257,6166
-0.195151757261429,0.217911775263156,0.969694033076255,0,1,1,1,0,0,0,1,0,0,0,0,0,0,0,0,"D",1072,6167
-0.0288965574889676,0.158069580976595,0.114328764269465,0,1,1,1,0,0,0,1,0,0,0,0,0,0,0,0,"D",1687,6168
0.0552710561575805,0.110917404308696,-1.91552615284112,0,1,1,1,0,0,0,1,0,0,0,0,0,0,0,0,"D",2575,6169
-0.240326234611421,0.221799597146775,1.67648494232312,0,1,1,1,0,0,0,1,0,0,0,0,0,0,0,0,"D",3006,6170
-0.101930070038829,0.236251801296655,0.0882211764359682,0,1,1,1,0,0,0,1,0,0,0,0,0,0,0,0,"D",3732,6171
-0.18627401673095,0.24019092293673,1.0846593103003,0,1,1,1,0,0,0,1,0,0,0,0,0,0,0,0,"D",482,6172
-0.079222876068539,0.193179411986071,-0.155944890128927,0,1,1,1,0,0,0,1,0,0,0,0,0,0,0,0,"D",1341,6173
-0.0584151058396031,0.113814779685727,-1.43946646575034,0,1,1,1,0,0,0,1,0,0,0,0,0,0,0,0,"D",3204,6174
-0.119763447292687,0.167673065426146,-1.5695337309232,0,1,1,1,0,0,0,1,0,0,0,0,0,0,0,0,"D",1763,6175
-0.160728219241283,0.13437821001489,0.978118761909663,0,1,1,1,0,0,0,1,0,0,0,0,0,0,0,0,"D",2318,6176
-0.102411159297759,0.221045191765125,2.47989157565555,0,1,1,1,0,0,0,1,0,0,0,0,0,0,0,0,"D",1059,6177
-0.236958723981687,0.229344289960627,-1.77753627171804,0,1,1,1,0,0,0,1,0,0,0,0,0,0,0,0,"D",1290,6178
-0.0182156577960157,0.15732437352215,1.18923016460063,0,1,1,1,0,0,0,1,0,0,0,0,0,0,0,0,"D",3146,6179
-0.28102633734528,0.289780509835208,0.954492185383786,0,1,1,1,0,0,0,1,0,0,0,0,0,0,0,0,"D",1594,6180
-0.0475220906926693,0.15965637281489,-1.96363975761545,0,1,1,1,0,0,0,1,0,0,0,0,0,0,0,0,"D",2727,6181
-0.0601180105879615,0.230024537381338,0.128212719889278,0,1,1,1,0,0,0,1,0,0,0,0,0,0,0,0,"D",2960,6182
-0.104592509723201,0.144348919607947,0.413149447536826,0,1,1,1,0,0,0,1,0,0,0,0,0,0,0,0,"D",3738,6183
-0.114093207147043,0.254385938157515,-0.494073847883484,0,1,1,1,0,0,0,1,0,0,0,0,0,0,0,0,"D",1567,6184
0.00205540183498056,0.0999633428411561,-2.05435025402069,0,1,1,1,0,0,0,1,0,0,0,0,0,0,0,0,"D",1930,6185
-0.181191872488333,0.144521372060598,2.92060428335974,0,1,1,1,0,0,0,1,0,0,0,0,0,0,0,0,"D",3714,6186
-0.0332640859404834,0.263459079557967,-0.635864556418649,0,1,1,1,0,0,0,1,0,0,0,0,0,0,0,0,"D",435,6187
-0.00367446035808154,0.123050163654785,2.21735276820514,0,1,1,1,0,0,0,1,0,0,0,0,0,0,0,0,"D",1461,6188
-0.0258477091243521,0.128311400090652,1.59695147288397,0,1,1,1,0,0,0,1,0,0,0,0,0,0,0,0,"D",2661,6189
-0.0871557821524164,0.183170429663708,-1.80826051341313,0,1,1,1,0,0,0,1,0,0,0,0,0,0,0,0,"D",1967,6190
-0.162960867581639,0.269036943733012,0.0684712885997584,0,1,1,1,0,0,0,1,0,0,0,0,0,0,0,0,"D",2087,6191
-0.213141155575672,0.238295002045063,1.29415882934462,0,1,1,1,0,0,0,1,0,0,0,0,0,0,0,0,"D",2137,6192
-0.0342137619852039,0.14387421733651,-1.12096870785827,0,1,1,1,0,0,0,1,0,0,0,0,0,0,0,0,"D",2578,6193
-0.173861025765008,0.169088525682081,-0.222636698393019,0,1,1,1,0,0,0,1,0,0,0,0,0,0,0,0,"D",899,6194
-0.250078784439192,0.212415373119876,0.995450361426565,0,1,1,1,0,0,0,1,0,0,0,0,0,0,0,0,"D",3030,6195
0.00913238564644035,0.205128157639965,-0.393957377634774,0,1,1,1,0,0,0,1,0,0,0,0,0,0,0,0,"D",2602,6196
0.00901572559556248,0.0939544101232987,1.07401190808896,0,1,1,1,0,0,0,1,0,0,0,0,0,0,0,0,"D",394,6197
-0.0512177169319542,0.0881548211809278,0.0991776630124128,0,1,1,1,0,0,0,1,0,0,0,0,0,0,0,0,"D",3326,6198
-0.0512406272798864,0.213396557810123,-1.30275412216519,0,1,1,1,0,0,0,1,0,0,0,0,0,0,0,0,"D",2240,6199
-0.0933121358260213,0.0830195857327312,0.701277870960023,0,0,1,1,1,0,0,1,0,0,0,0,0,0,0,0,"C",491,6200
-0.0774907333126829,0.0675213759489881,0.460068380278734,0,0,1,1,1,0,0,1,0,0,0,0,0,0,0,0,"C",3721,6201
-0.0717233219103191,0.063329193307947,0.465974050523526,0,0,1,1,1,0,0,1,0,0,0,0,0,0,0,0,"C",3402,6202
-0.0503456536409836,0.0596470274686137,0.450850974582711,0,0,1,1,1,0,0,1,0,0,0,0,0,0,0,0,"C",368,6203
-0.0938306047691324,0.0837748521145077,0.543583185052499,0,0,1,1,1,0,0,1,0,0,0,0,0,0,0,0,"C",1484,6204
-0.0799053291446967,0.0716777605357198,0.50817229673624,0,0,1,1,1,0,0,1,0,0,0,0,0,0,0,0,"C",2487,6205
-0.0949931110827383,0.0793046967631199,0.705206500605164,0,0,1,1,1,0,0,1,0,0,0,0,0,0,0,0,"C",1608,6206
-0.0864884148261511,0.0973069058571345,0.558556851517244,0,0,1,1,1,0,0,1,0,0,0,0,0,0,0,0,"C",1462,6207
-0.0819502595736188,0.0759101090763494,0.160715665878352,0,0,1,1,1,0,0,1,0,0,0,0,0,0,0,0,"C",3495,6208
-0.0312676322167607,0.0438318890329542,0.34133481754874,0,0,1,1,1,0,0,1,0,0,0,0,0,0,0,0,"C",3583,6209
-0.0993131844411848,0.0811114771877486,0.467312481938318,0,0,1,1,1,0,0,1,0,0,0,0,0,0,0,0,"C",1747,6210
-0.0440357428102572,0.0566032536683142,1.64621160803484,0,0,1,1,1,0,0,1,0,0,0,0,0,0,0,0,"C",344,6211
-0.0258129624110231,0.0508865370534709,0.953856538154312,0,0,1,1,1,0,0,1,0,0,0,0,0,0,0,0,"C",3343,6212
-0.0440046316563225,0.0582574962562318,0.6944250042516,0,0,1,1,1,0,0,1,0,0,0,0,0,0,0,0,"C",2191,6213
-0.0469414562694409,0.0504348210067149,0.323668081136735,0,0,1,1,1,0,0,1,0,0,0,0,0,0,0,0,"C",2986,6214
-0.0809013824342928,0.067152985846417,0.656512307131307,0,0,1,1,1,0,0,1,0,0,0,0,0,0,0,0,"C",3527,6215
-0.0787241947593507,0.072511798170511,1.35611633464004,0,0,1,1,1,0,0,1,0,0,0,0,0,0,0,0,"C",3748,6216
-0.0382482001664448,0.032135268521985,0.218126882710382,0,0,1,1,1,0,0,1,0,0,0,0,0,0,0,0,"C",930,6217
-0.0892516153676121,0.0605609406358556,0.24047195964154,0,0,1,1,1,0,0,1,0,0,0,0,0,0,0,0,"C",1560,6218
-0.0585566019940606,0.0606436778570977,0.493745498064649,0,0,1,1,1,0,0,1,0,0,0,0,0,0,0,0,"C",1549,6219
-0.0892626915159154,0.085586094994363,0.711291659961645,0,0,1,1,1,0,0,1,0,0,0,0,0,0,0,0,"C",3423,6220
-0.0678212141722198,0.0728738935147135,0.798715397571726,0,0,1,1,1,0,0,1,0,0,0,0,0,0,0,0,"C",3464,6221
-0.0603471393572394,0.0719879012810365,0.347491670392471,0,0,1,1,1,0,0,1,0,0,0,0,0,0,0,0,"C",1646,6222
-0.063649558646189,0.0885180599452939,0.777790747648589,0,0,1,1,1,0,0,1,0,0,0,0,0,0,0,0,"C",2823,6223
-0.0686408901983059,0.0819474151226316,0.985008983851814,0,0,1,1,1,0,0,1,0,0,0,0,0,0,0,0,"C",2022,6224
-0.0925044140677242,0.0769838794778091,0.183782075619485,0,0,1,1,1,0,0,1,0,0,0,0,0,0,0,0,"C",1255,6225
-0.0732285552380179,0.0795476879989186,1.06095273955872,0,0,1,1,1,0,0,1,0,0,0,0,0,0,0,0,"C",1691,6226
-0.0562046368773099,0.0613478308031419,1.66246157723201,0,0,1,1,1,0,0,1,0,0,0,0,0,0,0,0,"C",3414,6227
-0.0783314451805237,0.057387847777611,0.621098084674726,0,0,1,1,1,0,0,1,0,0,0,0,0,0,0,0,"C",1362,6228
-0.0558639059219429,0.0578509548945797,0.228704674392053,0,0,1,1,1,0,0,1,0,0,0,0,0,0,0,0,"C",2845,6229
-0.0734941912334738,0.0577670160682946,0.392275448715391,0,0,1,1,1,0,0,1,0,0,0,0,0,0,0,0,"C",2333,6230
-0.0495745925952086,0.0522952861574458,0.455612624591553,0,0,1,1,1,0,0,1,0,0,0,0,0,0,0,0,"C",2005,6231
-0.0381453383023387,0.0274736340866498,0.304064514701388,0,0,1,1,1,0,0,1,0,0,0,0,0,0,0,0,"C",2937,6232
-0.0629086914883309,0.0661947883133172,0.282603459889481,0,0,1,1,1,0,0,1,0,0,0,0,0,0,0,0,"C",1628,6233
-0.0646673766615427,0.0639395472653865,0.404945920363638,0,0,1,1,1,0,0,1,0,0,0,0,0,0,0,0,"C",3122,6234
-0.0621254720991952,0.0817043701849615,0.463159326874621,0,0,1,1,1,0,0,1,0,0,0,0,0,0,0,0,"C",666,6235
-0.052342321483765,0.0433944510863012,-0.320397167332172,0,0,1,1,1,0,0,1,0,0,0,0,0,0,0,0,"C",1125,6236
-0.0364055294198024,0.0413349470484146,0.756418966894133,0,0,1,1,1,0,0,1,0,0,0,0,0,0,0,0,"C",33,6237
-0.0939991177448341,0.0758784117961238,0.237376270523402,0,0,1,1,1,0,0,1,0,0,0,0,0,0,0,0,"C",1671,6238
-0.0610880310630147,0.0580560153829156,0.51190424974003,0,0,1,1,1,0,0,1,0,0,0,0,0,0,0,0,"C",2714,6239
-0.0265568411766057,0.0260147138830197,0.933631204963956,0,0,1,1,1,0,0,1,0,0,0,0,0,0,0,0,"C",946,6240
-0.0235253795505218,0.0208775651345284,0.556779178724007,0,0,1,1,1,0,0,1,0,0,0,0,0,0,0,0,"C",2718,6241
-0.072340461533231,0.0850183624739511,0.821764574633104,0,0,1,1,1,0,0,1,0,0,0,0,0,0,0,0,"C",2372,6242
-0.0667325761426517,0.058703791785135,0.645025806259118,0,0,1,1,1,0,0,1,0,0,0,0,0,0,0,0,"C",1117,6243
-0.0712585124924004,0.0669512486389808,0.581335940435779,0,0,1,1,1,0,0,1,0,0,0,0,0,0,0,0,"C",3186,6244
-0.0680680191963785,0.0725445578404699,0.609996247065757,0,0,1,1,1,0,0,1,0,0,0,0,0,0,0,0,"C",2648,6245
-0.0799244794798273,0.101100284997666,0.526363759392335,0,0,1,1,1,0,0,1,0,0,0,0,0,0,0,0,"C",3379,6246
-0.0400246111776033,0.045722899245932,1.17103791012535,0,0,1,1,1,0,0,1,0,0,0,0,0,0,0,0,"C",2742,6247
-0.0743394285815268,0.0799784936701758,0.732299321302036,0,0,1,1,1,0,0,1,0,0,0,0,0,0,0,0,"C",2336,6248
-0.0861152200559668,0.0650686287803077,0.0559954898940177,0,0,1,1,1,0,0,1,0,0,0,0,0,0,0,0,"C",267,6249
-0.0390934563302371,0.0537983088516134,0.709293675256662,0,0,1,1,1,0,0,1,0,0,0,0,0,0,0,0,"C",1359,6250
-0.0807463224260256,0.0806667269238654,0.746373437730857,0,0,1,1,1,0,0,1,0,0,0,0,0,0,0,0,"C",1441,6251
-0.0785288526759359,0.0764471190665449,0.261655646604697,0,0,1,1,1,0,0,1,0,0,0,0,0,0,0,0,"C",1962,6252
-0.0497340511424209,0.0697975757558853,0.724028389186584,0,0,1,1,1,0,0,1,0,0,0,0,0,0,0,0,"C",3717,6253
-0.0704504601794546,0.0702901679903257,0.133487721817538,0,0,1,1,1,0,0,1,0,0,0,0,0,0,0,0,"C",347,6254
-0.0933178216174662,0.0941884824710184,0.412019959243065,0,0,1,1,1,0,0,1,0,0,0,0,0,0,0,0,"C",2090,6255
-0.0692409336621244,0.0598502075912458,0.654651074673464,0,0,1,1,1,0,0,1,0,0,0,0,0,0,0,0,"C",3406,6256
-0.0851429620564978,0.0670008507142336,0.566919317480168,0,0,1,1,1,0,0,1,0,0,0,0,0,0,0,0,"C",2061,6257
-0.0955270084920068,0.102544483975985,0.296284304315598,0,0,1,1,1,0,0,1,0,0,0,0,0,0,0,0,"C",3699,6258
-0.0692300109995181,0.0614659677037557,0.355847140501373,0,0,1,1,1,0,0,1,0,0,0,0,0,0,0,0,"C",1385,6259
-0.0572891573638438,0.077849491976918,0.537676089029245,0,0,1,1,1,0,0,1,0,0,0,0,0,0,0,0,"C",729,6260
-0.0318711510684989,0.0372512963488675,0.139302263219444,0,0,1,1,1,0,0,1,0,0,0,0,0,0,0,0,"C",712,6261
-0.0767712768040419,0.0671841643034804,0.176320054503939,0,0,1,1,1,0,0,1,0,0,0,0,0,0,0,0,"C",656,6262
-0.0322710347314628,0.0554378762054036,0.956363696593812,0,0,1,1,1,0,0,1,0,0,0,0,0,0,0,0,"C",1397,6263
-0.0652317325770451,0.0484918541378291,1.00379568790689,0,0,1,1,1,0,0,1,0,0,0,0,0,0,0,0,"C",2074,6264
-0.0699193471576718,0.0667307497743273,0.323586380256889,0,0,1,1,1,0,0,1,0,0,0,0,0,0,0,0,"C",857,6265
-0.074782371330917,0.0855155903206661,0.475950396770106,0,0,1,1,1,0,0,1,0,0,0,0,0,0,0,0,"C",2257,6266
-0.0532768541842086,0.042469183011808,0.855358380304231,0,0,1,1,1,0,0,1,0,0,0,0,0,0,0,0,"C",1072,6267
-0.0377954192773394,0.059650471895803,0.516674064603271,0,0,1,1,1,0,0,1,0,0,0,0,0,0,0,0,"C",1687,6268
-0.067295704705304,0.0522703858982974,0.479806782006634,0,0,1,1,1,0,0,1,0,0,0,0,0,0,0,0,"C",2575,6269
-0.072555733575021,0.0769566795428352,0.313023187894367,0,0,1,1,1,0,0,1,0,0,0,0,0,0,0,0,"C",3006,6270
-0.0722268363063638,0.0642591111998404,0.384389330538766,0,0,1,1,1,0,0,1,0,0,0,0,0,0,0,0,"C",3732,6271
-0.0857271664868349,0.0740596596179789,0.889000778701709,0,0,1,1,1,0,0,1,0,0,0,0,0,0,0,0,"C",482,6272
-0.040603198000187,0.0430391906066685,0.751304594549884,0,0,1,1,1,0,0,1,0,0,0,0,0,0,0,0,"C",1341,6273
-0.0684409229592475,0.0662663953491979,0.601026584758308,0,0,1,1,1,0,0,1,0,0,0,0,0,0,0,0,"C",3204,6274
-0.0476671198086149,0.053043389712764,0.160189579367254,0,0,1,1,1,0,0,1,0,0,0,0,0,0,0,0,"C",1763,6275
-0.0842230508503205,0.0875807289414635,0.56122627892383,0,0,1,1,1,0,0,1,0,0,0,0,0,0,0,0,"C",2318,6276
-0.0739140063425633,0.0641879878067246,0.109816312391682,0,0,1,1,1,0,0,1,0,0,0,0,0,0,0,0,"C",1059,6277
-0.0792251882580847,0.0712949622700727,-0.044350701744147,0,0,1,1,1,0,0,1,0,0,0,0,0,0,0,0,"C",1290,6278
-0.0656300327040779,0.0669237996574771,0.262967436610841,0,0,1,1,1,0,0,1,0,0,0,0,0,0,0,0,"C",3146,6279
-0.075668810035614,0.0678325638381557,0.394854954070855,0,0,1,1,1,0,0,1,0,0,0,0,0,0,0,0,"C",1594,6280
-0.0660006857386194,0.0768087052239764,0.849581819479147,0,0,1,1,1,0,0,1,0,0,0,0,0,0,0,0,"C",2727,6281
-0.0695370791476081,0.073189683450397,0.14445513347365,0,0,1,1,1,0,0,1,0,0,0,0,0,0,0,0,"C",2960,6282
-0.0372680399201942,0.0334314636094703,0.946773092757677,0,0,1,1,1,0,0,1,0,0,0,0,0,0,0,0,"C",3738,6283
-0.0573923211830881,0.0738861357255894,0.328996919677979,0,0,1,1,1,0,0,1,0,0,0,0,0,0,0,0,"C",1567,6284
-0.0499694083886622,0.0374496337453522,0.29958997083853,0,0,1,1,1,0,0,1,0,0,0,0,0,0,0,0,"C",1930,6285
-0.0525155095034698,0.0637685508695412,0.652922626309598,0,0,1,1,1,0,0,1,0,0,0,0,0,0,0,0,"C",3714,6286
-0.0775590410708838,0.0859265888597831,0.185145234862566,0,0,1,1,1,0,0,1,0,0,0,0,0,0,0,0,"C",435,6287
-0.073872298188065,0.0614601388545143,0.260853392522561,0,0,1,1,1,0,0,1,0,0,0,0,0,0,0,0,"C",1461,6288
-0.047192569760387,0.0493342426295372,0.205216297841667,0,0,1,1,1,0,0,1,0,0,0,0,0,0,0,0,"C",2661,6289
-0.0801953725657947,0.0639329380110998,0.461646597552792,0,0,1,1,1,0,0,1,0,0,0,0,0,0,0,0,"C",1967,6290
-0.0751965725585108,0.0647853668166065,0.32767125820713,0,0,1,1,1,0,0,1,0,0,0,0,0,0,0,0,"C",2087,6291
-0.0750841724731496,0.0692961093885044,0.324560633516408,0,0,1,1,1,0,0,1,0,0,0,0,0,0,0,0,"C",2137,6292
-0.0429300725558193,0.0622231657379532,0.684728543565921,0,0,1,1,1,0,0,1,0,0,0,0,0,0,0,0,"C",2578,6293
-0.0800543149839957,0.06939190188804,0.850458125740276,0,0,1,1,1,0,0,1,0,0,0,0,0,0,0,0,"C",899,6294
-0.0316321124909713,0.0344636476027408,0.914243692862376,0,0,1,1,1,0,0,1,0,0,0,0,0,0,0,0,"C",3030,6295
-0.070384313286775,0.0731998585567342,0.605249641170901,0,0,1,1,1,0,0,1,0,0,0,0,0,0,0,0,"C",2602,6296
-0.0887765799067217,0.0678812737915777,0.205872087746522,0,0,1,1,1,0,0,1,0,0,0,0,0,0,0,0,"C",394,6297
-0.042100647369584,0.0679536469913714,0.694331949565107,0,0,1,1,1,0,0,1,0,0,0,0,0,0,0,0,"C",3326,6298
-0.0607303563861644,0.0676357756505456,0.900645667774836,0,0,1,1,1,0,0,1,0,0,0,0,0,0,0,0,"C",2240,6299
-0.0773045769567311,0.0311727986453614,0.410285427687095,0,0,1,1,1,0,0,1,0,0,0,0,0,0,0,0,"D",491,6300
-0.102503594972076,0.0558120728542048,0.494620062664222,0,0,1,1,1,0,0,1,0,0,0,0,0,0,0,0,"D",3721,6301
-0.0956224717660334,0.0583487175506405,-0.0711889178691843,0,0,1,1,1,0,0,1,0,0,0,0,0,0,0,0,"D",3402,6302
-0.100214886851405,0.0590706049248685,0.785456544173762,0,0,1,1,1,0,0,1,0,0,0,0,0,0,0,0,"D",368,6303
-0.0977461089432399,0.0447652261090209,0.800603079056577,0,0,1,1,1,0,0,1,0,0,0,0,0,0,0,0,"D",1484,6304
-0.112174099719678,0.0682906822461666,0.311118277003194,0,0,1,1,1,0,0,1,0,0,0,0,0,0,0,0,"D",2487,6305
-0.117103501097102,0.0729100802310986,0.50604472404462,0,0,1,1,1,0,0,1,0,0,0,0,0,0,0,0,"D",1608,6306
-0.0934829858401036,0.0492697152190324,0.794697899593494,0,0,1,1,1,0,0,1,0,0,0,0,0,0,0,0,"D",1462,6307
-0.0760925131598177,0.0249476793345867,0.807386340897073,0,0,1,1,1,0,0,1,0,0,0,0,0,0,0,0,"D",3495,6308
-0.10338212424219,0.0602960220638014,0.199162879597579,0,0,1,1,1,0,0,1,0,0,0,0,0,0,0,0,"D",3583,6309
-0.104809351548449,0.0796513509053065,0.518804970646874,0,0,1,1,1,0,0,1,0,0,0,0,0,0,0,0,"D",1747,6310
-0.09995697432702,0.0407451427818394,0.622678248313154,0,0,1,1,1,0,0,1,0,0,0,0,0,0,0,0,"D",344,6311
-0.104077168082009,0.0752676150853921,0.773792932950495,0,0,1,1,1,0,0,1,0,0,0,0,0,0,0,0,"D",3343,6312
-0.0994523137643349,0.0546058386976026,0.632569056063736,0,0,1,1,1,0,0,1,0,0,0,0,0,0,0,0,"D",2191,6313
-0.0913647132210593,0.0549876433977778,0.718740368509021,0,0,1,1,1,0,0,1,0,0,0,0,0,0,0,0,"D",2986,6314
-0.0988706189544105,0.071321351250796,-0.338317793945846,0,0,1,1,1,0,0,1,0,0,0,0,0,0,0,0,"D",3527,6315
-0.0922321905690917,0.0691314182409672,0.799331810591451,0,0,1,1,1,0,0,1,0,0,0,0,0,0,0,0,"D",3748,6316
-0.0567590070336396,0.0255700847317203,0.464717560367202,0,0,1,1,1,0,0,1,0,0,0,0,0,0,0,0,"D",930,6317
-0.0702700552057042,0.0365932036994515,0.834083648879442,0,0,1,1,1,0,0,1,0,0,0,0,0,0,0,0,"D",1560,6318
-0.0704848717861448,0.0304571693380276,0.865277434013931,0,0,1,1,1,0,0,1,0,0,0,0,0,0,0,0,"D",1549,6319
-0.113232634019363,0.0527687256233618,0.36728658327989,0,0,1,1,1,0,0,1,0,0,0,0,0,0,0,0,"D",3423,6320
-0.082804173795465,0.0332888817424606,0.557341992623002,0,0,1,1,1,0,0,1,0,0,0,0,0,0,0,0,"D",3464,6321
-0.102616616465457,0.0603620107549908,1.15140592763186,0,0,1,1,1,0,0,1,0,0,0,0,0,0,0,0,"D",1646,6322
-0.12806630942683,0.0746387861142192,0.0292527525773291,0,0,1,1,1,0,0,1,0,0,0,0,0,0,0,0,"D",2823,6323
-0.0882796903133147,0.044192713234843,0.435571130095333,0,0,1,1,1,0,0,1,0,0,0,0,0,0,0,0,"D",2022,6324
-0.0809063609321637,0.0286911803545082,0.413835237829883,0,0,1,1,1,0,0,1,0,0,0,0,0,0,0,0,"D",1255,6325
-0.09789727588945,0.0475995553661872,0.401482089519137,0,0,1,1,1,0,0,1,0,0,0,0,0,0,0,0,"D",1691,6326
-0.114770815248246,0.0569504082229668,0.243616641942746,0,0,1,1,1,0,0,1,0,0,0,0,0,0,0,0,"D",3414,6327
-0.11544880274516,0.0698575954880316,0.882298577291182,0,0,1,1,1,0,0,1,0,0,0,0,0,0,0,0,"D",1362,6328
-0.106600779790057,0.0875343715522524,0.345567770505596,0,0,1,1,1,0,0,1,0,0,0,0,0,0,0,0,"D",2845,6329
-0.140718241787415,0.0802817456922623,0.454323645003305,0,0,1,1,1,0,0,1,0,0,0,0,0,0,0,0,"D",2333,6330
-0.11781898226548,0.065726332079741,0.454278916638872,0,0,1,1,1,0,0,1,0,0,0,0,0,0,0,0,"D",2005,6331
-0.114732595165432,0.0736427811550062,0.557561594127038,0,0,1,1,1,0,0,1,0,0,0,0,0,0,0,0,"D",2937,6332
-0.126461118900879,0.0859483495897945,0.194094816766845,0,0,1,1,1,0,0,1,0,0,0,0,0,0,0,0,"D",1628,6333
-0.110079054759212,0.0842053476430017,0.860673979399755,0,0,1,1,1,0,0,1,0,0,0,0,0,0,0,0,"D",3122,6334
-0.122615901041338,0.0949623762852638,0.577059131488116,0,0,1,1,1,0,0,1,0,0,0,0,0,0,0,0,"D",666,6335
-0.099969588717768,0.074281549083916,0.407948452727204,0,0,1,1,1,0,0,1,0,0,0,0,0,0,0,0,"D",1125,6336
-0.0859338614420092,0.0549587258059251,0.513353975525279,0,0,1,1,1,0,0,1,0,0,0,0,0,0,0,0,"D",33,6337
-0.104846989865927,0.0820277735155986,0.551211989976399,0,0,1,1,1,0,0,1,0,0,0,0,0,0,0,0,"D",1671,6338
-0.0686602399299346,0.0244104832381255,0.629523752113458,0,0,1,1,1,0,0,1,0,0,0,0,0,0,0,0,"D",2714,6339
-0.112893103073056,0.0470209783795235,0.544396366610592,0,0,1,1,1,0,0,1,0,0,0,0,0,0,0,0,"D",946,6340
-0.136853804741223,0.0608656973511792,0.641835256338041,0,0,1,1,1,0,0,1,0,0,0,0,0,0,0,0,"D",2718,6341
-0.0920600906447703,0.0357587577635889,0.660570187590385,0,0,1,1,1,0,0,1,0,0,0,0,0,0,0,0,"D",2372,6342
-0.0747990552682325,0.062627697234718,1.0772885723747,0,0,1,1,1,0,0,1,0,0,0,0,0,0,0,0,"D",1117,6343
-0.0890290766822593,0.0335678629093615,0.547898278895471,0,0,1,1,1,0,0,1,0,0,0,0,0,0,0,0,"D",3186,6344
-0.0966742551263168,0.043975317675511,0.653064454421231,0,0,1,1,1,0,0,1,0,0,0,0,0,0,0,0,"D",2648,6345
-0.130572934563605,0.0803661294376889,0.0824128705894975,0,0,1,1,1,0,0,1,0,0,0,0,0,0,0,0,"D",3379,6346
-0.0826035048613153,0.0553693718126687,0.446872191920708,0,0,1,1,1,0,0,1,0,0,0,0,0,0,0,0,"D",2742,6347
-0.0976864101019073,0.0637971454510101,0.835978904092685,0,0,1,1,1,0,0,1,0,0,0,0,0,0,0,0,"D",2336,6348
-0.0954607346000328,0.0504396613117707,1.16517100489403,0,0,1,1,1,0,0,1,0,0,0,0,0,0,0,0,"D",267,6349
-0.116098745231745,0.0721526789212744,0.0436721001484333,0,0,1,1,1,0,0,1,0,0,0,0,0,0,0,0,"D",1359,6350
-0.100117817412348,0.0507724325798811,0.718550353641351,0,0,1,1,1,0,0,1,0,0,0,0,0,0,0,0,"D",1441,6351
-0.0996016464023842,0.0626903230242501,0.532526113316903,0,0,1,1,1,0,0,1,0,0,0,0,0,0,0,0,"D",1962,6352
-0.112700136139072,0.0556507005685676,0.142642026768056,0,0,1,1,1,0,0,1,0,0,0,0,0,0,0,0,"D",3717,6353
-0.100167852227229,0.0826238564011815,0.992155267966017,0,0,1,1,1,0,0,1,0,0,0,0,0,0,0,0,"D",347,6354
-0.0701803954614511,0.0381788065135166,0.796274597742039,0,0,1,1,1,0,0,1,0,0,0,0,0,0,0,0,"D",2090,6355
-0.0779757231023739,0.0286326893770931,0.899297990765475,0,0,1,1,1,0,0,1,0,0,0,0,0,0,0,0,"D",3406,6356
-0.126825622318865,0.0624542356489938,0.653613179151056,0,0,1,1,1,0,0,1,0,0,0,0,0,0,0,0,"D",2061,6357
-0.0724766883358614,0.0294326351610918,0.679604330921084,0,0,1,1,1,0,0,1,0,0,0,0,0,0,0,0,"D",3699,6358
-0.12783470261553,0.0793582555179286,0.90718049163922,0,0,1,1,1,0,0,1,0,0,0,0,0,0,0,0,"D",1385,6359
-0.0967231695296137,0.0611183137781972,1.42045822735398,0,0,1,1,1,0,0,1,0,0,0,0,0,0,0,0,"D",729,6360
-0.10187406170413,0.0639917513564596,0.534661757211596,0,0,1,1,1,0,0,1,0,0,0,0,0,0,0,0,"D",712,6361
-0.076791996626247,0.0332889780985443,1.41557570453545,0,0,1,1,1,0,0,1,0,0,0,0,0,0,0,0,"D",656,6362
-0.0912303773415973,0.0531950588918053,0.186657069521352,0,0,1,1,1,0,0,1,0,0,0,0,0,0,0,0,"D",1397,6363
-0.103464533445141,0.0678346397455834,1.01244319602904,0,0,1,1,1,0,0,1,0,0,0,0,0,0,0,0,"D",2074,6364
-0.0949478100506902,0.0525963107261613,0.253482255595466,0,0,1,1,1,0,0,1,0,0,0,0,0,0,0,0,"D",857,6365
-0.0996190416403945,0.056461606561807,0.667884402349299,0,0,1,1,1,0,0,1,0,0,0,0,0,0,0,0,"D",2257,6366
-0.1087638843116,0.0460779845822926,0.582955727102465,0,0,1,1,1,0,0,1,0,0,0,0,0,0,0,0,"D",1072,6367
-0.0963615765516475,0.0577977110600476,0.300318931486024,0,0,1,1,1,0,0,1,0,0,0,0,0,0,0,0,"D",1687,6368
-0.109843087086597,0.075225804102446,0.535237876224811,0,0,1,1,1,0,0,1,0,0,0,0,0,0,0,0,"D",2575,6369
-0.107169305514508,0.0499807743730103,0.841556582253639,0,0,1,1,1,0,0,1,0,0,0,0,0,0,0,0,"D",3006,6370
-0.0938969769429213,0.0652834406370833,0.617136441899374,0,0,1,1,1,0,0,1,0,0,0,0,0,0,0,0,"D",3732,6371
-0.0986988995289136,0.078326841745365,0.456373820539526,0,0,1,1,1,0,0,1,0,0,0,0,0,0,0,0,"D",482,6372
-0.109706470548395,0.0714013743200229,0.763660313160864,0,0,1,1,1,0,0,1,0,0,0,0,0,0,0,0,"D",1341,6373
-0.0955764732700912,0.0571062203396908,0.161076350598773,0,0,1,1,1,0,0,1,0,0,0,0,0,0,0,0,"D",3204,6374
-0.0899883187445858,0.0472982884881778,0.481271727158426,0,0,1,1,1,0,0,1,0,0,0,0,0,0,0,0,"D",1763,6375
-0.104031765164379,0.0689666739893365,-0.101731015427311,0,0,1,1,1,0,0,1,0,0,0,0,0,0,0,0,"D",2318,6376
-0.125289052287841,0.08321196073648,0.653298076610771,0,0,1,1,1,0,0,1,0,0,0,0,0,0,0,0,"D",1059,6377
-0.0898317037473452,0.0692504920514813,0.363610192108125,0,0,1,1,1,0,0,1,0,0,0,0,0,0,0,0,"D",1290,6378
-0.0823595735935878,0.053100942051471,0.516642731896845,0,0,1,1,1,0,0,1,0,0,0,0,0,0,0,0,"D",3146,6379
-0.0913326066558498,0.0444658816809025,0.42794114094104,0,0,1,1,1,0,0,1,0,0,0,0,0,0,0,0,"D",1594,6380
-0.111515270118364,0.0419145847804269,0.798801871101189,0,0,1,1,1,0,0,1,0,0,0,0,0,0,0,0,"D",2727,6381
-0.105635386149942,0.0691352261629514,0.700122559390253,0,0,1,1,1,0,0,1,0,0,0,0,0,0,0,0,"D",2960,6382
-0.108191737935659,0.0925615915775972,0.668628340984957,0,0,1,1,1,0,0,1,0,0,0,0,0,0,0,0,"D",3738,6383
-0.105875664484176,0.0498716579958075,0.68550912549409,0,0,1,1,1,0,0,1,0,0,0,0,0,0,0,0,"D",1567,6384
-0.0811826632875676,0.0364883724360625,0.657013891828579,0,0,1,1,1,0,0,1,0,0,0,0,0,0,0,0,"D",1930,6385
-0.0953596776382466,0.0413567439645366,1.02673085396354,0,0,1,1,1,0,0,1,0,0,0,0,0,0,0,0,"D",3714,6386
-0.101573386201375,0.0642018499806083,0.819045252688139,0,0,1,1,1,0,0,1,0,0,0,0,0,0,0,0,"D",435,6387
-0.107607548930714,0.057441440717305,0.415004538870968,0,0,1,1,1,0,0,1,0,0,0,0,0,0,0,0,"D",1461,6388
-0.100366386871029,0.0562633721157804,1.00267269014063,0,0,1,1,1,0,0,1,0,0,0,0,0,0,0,0,"D",2661,6389
-0.0676282664296265,0.0503332396432099,0.472268071238031,0,0,1,1,1,0,0,1,0,0,0,0,0,0,0,0,"D",1967,6390
-0.0778147762954603,0.0499093537414331,0.773147357423977,0,0,1,1,1,0,0,1,0,0,0,0,0,0,0,0,"D",2087,6391
-0.101121480982358,0.0598966995332716,0.129113703922604,0,0,1,1,1,0,0,1,0,0,0,0,0,0,0,0,"D",2137,6392
-0.0791657848003539,0.0632235852291104,0.456795521208852,0,0,1,1,1,0,0,1,0,0,0,0,0,0,0,0,"D",2578,6393
-0.108010506038086,0.0805033027663341,0.58569380789244,0,0,1,1,1,0,0,1,0,0,0,0,0,0,0,0,"D",899,6394
-0.102166761882333,0.0439027118298459,0.635405395239996,0,0,1,1,1,0,0,1,0,0,0,0,0,0,0,0,"D",3030,6395
-0.118207113508607,0.0590905129181126,1.04729761838788,0,0,1,1,1,0,0,1,0,0,0,0,0,0,0,0,"D",2602,6396
-0.0947923088074175,0.0601852299972522,0.80831855593432,0,0,1,1,1,0,0,1,0,0,0,0,0,0,0,0,"D",394,6397
-0.104478108614629,0.0604526241647881,0.28922510782775,0,0,1,1,1,0,0,1,0,0,0,0,0,0,0,0,"D",3326,6398
-0.107762508005416,0.0417457397472863,0.445774905667709,0,0,1,1,1,0,0,1,0,0,0,0,0,0,0,0,"D",2240,6399
-0.0816820237393894,0.105083396268234,0.776631546649907,0,0,1,1,0,0,0,1,1,0,0,0,0,0,0,0,"C",491,6400
-0.147210358559495,0.107576423405078,0.519070066336592,0,0,1,1,0,0,0,1,1,0,0,0,0,0,0,0,"C",3721,6401
-0.110552727230189,0.0954786153214462,0.507438776128381,0,0,1,1,0,0,0,1,1,0,0,0,0,0,0,0,"C",3402,6402
-0.0819530409322958,0.0671286217233054,0.829845739702572,0,0,1,1,0,0,0,1,1,0,0,0,0,0,0,0,"C",368,6403
-0.0982791080458183,0.0936661402759636,1.19176901980658,0,0,1,1,0,0,0,1,1,0,0,0,0,0,0,0,"C",1484,6404
-0.130058102917217,0.124729784681071,0.720973138406,0,0,1,1,0,0,0,1,1,0,0,0,0,0,0,0,"C",2487,6405
-0.11755652742594,0.124353949493297,0.554574817145885,0,0,1,1,0,0,0,1,1,0,0,0,0,0,0,0,"C",1608,6406
-0.126570660722121,0.106579747648014,0.790515782102796,0,0,1,1,0,0,0,1,1,0,0,0,0,0,0,0,"C",1462,6407
-0.110746516097728,0.102081466590503,0.815117814914287,0,0,1,1,0,0,0,1,1,0,0,0,0,0,0,0,"C",3495,6408
-0.0962282301542433,0.0930586362190645,1.15474827864082,0,0,1,1,0,0,0,1,1,0,0,0,0,0,0,0,"C",3583,6409
-0.144703255584218,0.124110929056744,0.60486614677915,0,0,1,1,0,0,0,1,1,0,0,0,0,0,0,0,"C",1747,6410
-0.0985789153688648,0.102052848747656,1.08727822294584,0,0,1,1,0,0,0,1,1,0,0,0,0,0,0,0,"C",344,6411
-0.102912575866977,0.101709401963212,0.902293212046953,0,0,1,1,0,0,0,1,1,0,0,0,0,0,0,0,"C",3343,6412
-0.0919347591398591,0.107870396482358,1.02663874737728,0,0,1,1,0,0,0,1,1,0,0,0,0,0,0,0,"C",2191,6413
-0.0998603405446936,0.112063372833688,1.32515601448625,0,0,1,1,0,0,0,1,1,0,0,0,0,0,0,0,"C",2986,6414
-0.106301393780745,0.0860236314285205,0.570529494507584,0,0,1,1,0,0,0,1,1,0,0,0,0,0,0,0,"C",3527,6415
-0.116232504730304,0.0888808470814361,1.10156510480686,0,0,1,1,0,0,0,1,1,0,0,0,0,0,0,0,"C",3748,6416
-0.0993333990616167,0.0696249234457254,0.900431497035332,0,0,1,1,0,0,0,1,1,0,0,0,0,0,0,0,"C",930,6417
-0.105026002365022,0.0844857650503331,0.583723566922775,0,0,1,1,0,0,0,1,1,0,0,0,0,0,0,0,"C",1560,6418
-0.0905355683412485,0.0592142005648469,0.492086765663576,0,0,1,1,0,0,0,1,1,0,0,0,0,0,0,0,"C",1549,6419
-0.135175330670039,0.117262000236426,0.738471156762197,0,0,1,1,0,0,0,1,1,0,0,0,0,0,0,0,"C",3423,6420
-0.0967364041247498,0.100927733997223,0.925916930397079,0,0,1,1,0,0,0,1,1,0,0,0,0,0,0,0,"C",3464,6421
-0.0978007157697794,0.064541477485074,0.411751994284956,0,0,1,1,0,0,0,1,1,0,0,0,0,0,0,0,"C",1646,6422
-0.0841778339521572,0.106127682220104,0.735878203785166,0,0,1,1,0,0,0,1,1,0,0,0,0,0,0,0,"C",2823,6423
-0.118465804023936,0.11531952388326,0.468139747077976,0,0,1,1,0,0,0,1,1,0,0,0,0,0,0,0,"C",2022,6424
-0.122848509781379,0.096644483270737,0.793408541831953,0,0,1,1,0,0,0,1,1,0,0,0,0,0,0,0,"C",1255,6425
-0.129764874867922,0.120705708718196,0.788413973248572,0,0,1,1,0,0,0,1,1,0,0,0,0,0,0,0,"C",1691,6426
-0.137856847635221,0.101300284240057,0.812823664394012,0,0,1,1,0,0,0,1,1,0,0,0,0,0,0,0,"C",3414,6427
-0.126527310505171,0.115494697586578,0.933786155696501,0,0,1,1,0,0,0,1,1,0,0,0,0,0,0,0,"C",1362,6428
-0.109084109468293,0.0633208283461605,0.40497464410357,0,0,1,1,0,0,0,1,1,0,0,0,0,0,0,0,"C",2845,6429
-0.10389999644942,0.0978679429951066,0.838507624242219,0,0,1,1,0,0,0,1,1,0,0,0,0,0,0,0,"C",2333,6430
-0.0856364948548059,0.0765786978173046,0.997050665007561,0,0,1,1,0,0,0,1,1,0,0,0,0,0,0,0,"C",2005,6431
-0.0659363849508068,0.047786797500629,1.53677191777119,0,0,1,1,0,0,0,1,1,0,0,0,0,0,0,0,"C",2937,6432
-0.122950977892981,0.1061573221282,0.869380061732508,0,0,1,1,0,0,0,1,1,0,0,0,0,0,0,0,"C",1628,6433
-0.0895922261062286,0.0680371240896574,0.832975473858914,0,0,1,1,0,0,0,1,1,0,0,0,0,0,0,0,"C",3122,6434
-0.119439899856288,0.118894341441603,0.81409093345686,0,0,1,1,0,0,0,1,1,0,0,0,0,0,0,0,"C",666,6435
-0.0979826767669821,0.0854689128441347,0.959294605280276,0,0,1,1,0,0,0,1,1,0,0,0,0,0,0,0,"C",1125,6436
-0.0768688576804901,0.0801688098427758,1.28916707528807,0,0,1,1,0,0,0,1,1,0,0,0,0,0,0,0,"C",33,6437
-0.080211936304604,0.086224705250542,0.482449744426623,0,0,1,1,0,0,0,1,1,0,0,0,0,0,0,0,"C",1671,6438
-0.109467087853499,0.0969267944242143,0.648491055368268,0,0,1,1,0,0,0,1,1,0,0,0,0,0,0,0,"C",2714,6439
-0.0654134130222221,0.0519389737300425,1.05568353600717,0,0,1,1,0,0,0,1,1,0,0,0,0,0,0,0,"C",946,6440
-0.0814378203726787,0.0627128011450131,1.41299053564254,0,0,1,1,0,0,0,1,1,0,0,0,0,0,0,0,"C",2718,6441
-0.103008637516491,0.0899837866329381,0.652346567520692,0,0,1,1,0,0,0,1,1,0,0,0,0,0,0,0,"C",2372,6442
-0.117541249447028,0.0645145886145213,-0.0866905214089678,0,0,1,1,0,0,0,1,1,0,0,0,0,0,0,0,"C",1117,6443
-0.07074108885312,0.0793304821223948,0.983617176780831,0,0,1,1,0,0,0,1,1,0,0,0,0,0,0,0,"C",3186,6444
-0.102655650158493,0.0667657119161634,0.140729467137201,0,0,1,1,0,0,0,1,1,0,0,0,0,0,0,0,"C",2648,6445
-0.095069962415552,0.104844511226175,0.277640236536373,0,0,1,1,0,0,0,1,1,0,0,0,0,0,0,0,"C",3379,6446
-0.0885451907280469,0.0803591585583112,0.617619228299855,0,0,1,1,0,0,0,1,1,0,0,0,0,0,0,0,"C",2742,6447
-0.125915015239643,0.104681195936401,0.992943814787499,0,0,1,1,0,0,0,1,1,0,0,0,0,0,0,0,"C",2336,6448
-0.116746887495886,0.0804177718806687,0.976949602451263,0,0,1,1,0,0,0,1,1,0,0,0,0,0,0,0,"C",267,6449
-0.0965003372913914,0.10125292458822,1.13620548734579,0,0,1,1,0,0,0,1,1,0,0,0,0,0,0,0,"C",1359,6450
-0.128235952645764,0.124091238633127,0.569279596253149,0,0,1,1,0,0,0,1,1,0,0,0,0,0,0,0,"C",1441,6451
-0.0689186751712263,0.05426653007559,0.0998497006129147,0,0,1,1,0,0,0,1,1,0,0,0,0,0,0,0,"C",1962,6452
-0.104170260676771,0.105843570822108,0.645513862445789,0,0,1,1,0,0,0,1,1,0,0,0,0,0,0,0,"C",3717,6453
-0.126727662719348,0.093174147429851,1.23252773046839,0,0,1,1,0,0,0,1,1,0,0,0,0,0,0,0,"C",347,6454
-0.0992134010065908,0.103862420180226,0.912497275732711,0,0,1,1,0,0,0,1,1,0,0,0,0,0,0,0,"C",2090,6455
-0.117057167309719,0.125469845331659,0.750664927110161,0,0,1,1,0,0,0,1,1,0,0,0,0,0,0,0,"C",3406,6456
-0.102067104174466,0.0846423492183125,0.638261219743444,0,0,1,1,0,0,0,1,1,0,0,0,0,0,0,0,"C",2061,6457
-0.136398374772326,0.103012692502415,0.500286047812057,0,0,1,1,0,0,0,1,1,0,0,0,0,0,0,0,"C",3699,6458
-0.113256201529469,0.102022368054588,0.982547884321319,0,0,1,1,0,0,0,1,1,0,0,0,0,0,0,0,"C",1385,6459
-0.111330602027753,0.100671500892237,1.29496053898516,0,0,1,1,0,0,0,1,1,0,0,0,0,0,0,0,"C",729,6460
-0.100718357864509,0.0939704944329952,0.992954594634813,0,0,1,1,0,0,0,1,1,0,0,0,0,0,0,0,"C",712,6461
-0.08392302946368,0.0823750814112637,1.28643152424132,0,0,1,1,0,0,0,1,1,0,0,0,0,0,0,0,"C",656,6462
-0.0977026650164553,0.102626491303004,1.06051868545672,0,0,1,1,0,0,0,1,1,0,0,0,0,0,0,0,"C",1397,6463
-0.095985364090944,0.0969256499796394,0.785544162466944,0,0,1,1,0,0,0,1,1,0,0,0,0,0,0,0,"C",2074,6464
-0.106483194920613,0.104934915094539,1.1040359478941,0,0,1,1,0,0,0,1,1,0,0,0,0,0,0,0,"C",857,6465
-0.131729993475619,0.0941764182651791,0.636766235212298,0,0,1,1,0,0,0,1,1,0,0,0,0,0,0,0,"C",2257,6466
-0.139388140116675,0.126261612040407,1.15288240533544,0,0,1,1,0,0,0,1,1,0,0,0,0,0,0,0,"C",1072,6467
-0.0890486867863761,0.110320733996176,1.22180623870269,0,0,1,1,0,0,0,1,1,0,0,0,0,0,0,0,"C",1687,6468
-0.118154892720988,0.0810663094684531,0.70852863830348,0,0,1,1,0,0,0,1,1,0,0,0,0,0,0,0,"C",2575,6469
-0.100757132110272,0.0946718655251096,0.594858510760288,0,0,1,1,0,0,0,1,1,0,0,0,0,0,0,0,"C",3006,6470
-0.107771505860114,0.0887036998644301,0.780313551922908,0,0,1,1,0,0,0,1,1,0,0,0,0,0,0,0,"C",3732,6471
-0.0887454454171422,0.0799032520876317,0.331606505368187,0,0,1,1,0,0,0,1,1,0,0,0,0,0,0,0,"C",482,6472
-0.0804854746076521,0.062375540429142,0.984573193565559,0,0,1,1,0,0,0,1,1,0,0,0,0,0,0,0,"C",1341,6473
-0.134620990552954,0.0938879422505928,0.477211122906197,0,0,1,1,0,0,0,1,1,0,0,0,0,0,0,0,"C",3204,6474
-0.0917252226270582,0.0680850061780411,0.603605411190787,0,0,1,1,0,0,0,1,1,0,0,0,0,0,0,0,"C",1763,6475
-0.11866545295705,0.100907923505865,1.22252901496259,0,0,1,1,0,0,0,1,1,0,0,0,0,0,0,0,"C",2318,6476
-0.134262123788254,0.0999484400987202,1.08394626103334,0,0,1,1,0,0,0,1,1,0,0,0,0,0,0,0,"C",1059,6477
-0.102353307403221,0.0925558088826016,0.731729713258314,0,0,1,1,0,0,0,1,1,0,0,0,0,0,0,0,"C",1290,6478
-0.120587151188694,0.109724912273207,1.37189214628121,0,0,1,1,0,0,0,1,1,0,0,0,0,0,0,0,"C",3146,6479
-0.0887787166958328,0.0927607857503586,1.25486133709243,0,0,1,1,0,0,0,1,1,0,0,0,0,0,0,0,"C",1594,6480
-0.104594924272574,0.110836407265375,1.22991272247576,0,0,1,1,0,0,0,1,1,0,0,0,0,0,0,0,"C",2727,6481
-0.112167869504958,0.0984504852936411,0.649123033183506,0,0,1,1,0,0,0,1,1,0,0,0,0,0,0,0,"C",2960,6482
-0.0865806595933404,0.0754081848962186,1.37965827742952,0,0,1,1,0,0,0,1,1,0,0,0,0,0,0,0,"C",3738,6483
-0.122787786715687,0.111234504619422,0.849937595166578,0,0,1,1,0,0,0,1,1,0,0,0,0,0,0,0,"C",1567,6484
-0.0761034586209537,0.067059953340054,1.99620113331004,0,0,1,1,0,0,0,1,1,0,0,0,0,0,0,0,"C",1930,6485
-0.109229769477655,0.087962697369067,0.573723835957416,0,0,1,1,0,0,0,1,1,0,0,0,0,0,0,0,"C",3714,6486
-0.102118737237321,0.107176498462755,1.18136976735362,0,0,1,1,0,0,0,1,1,0,0,0,0,0,0,0,"C",435,6487
-0.123887466442326,0.0805652226378976,0.510761384807774,0,0,1,1,0,0,0,1,1,0,0,0,0,0,0,0,"C",1461,6488
-0.0756642948322958,0.0740988576854009,0.999670125329235,0,0,1,1,0,0,0,1,1,0,0,0,0,0,0,0,"C",2661,6489
-0.118678075947077,0.0931396782446057,1.18745190730322,0,0,1,1,0,0,0,1,1,0,0,0,0,0,0,0,"C",1967,6490
-0.147545275177014,0.0786591744699966,-0.0511709023329116,0,0,1,1,0,0,0,1,1,0,0,0,0,0,0,0,"C",2087,6491
-0.127747429749478,0.0955661571809985,1.07615509686717,0,0,1,1,0,0,0,1,1,0,0,0,0,0,0,0,"C",2137,6492
-0.0942887922222385,0.107991834219512,1.18927934436596,0,0,1,1,0,0,0,1,1,0,0,0,0,0,0,0,"C",2578,6493
-0.147877272899079,0.120324791739992,0.714514227505777,0,0,1,1,0,0,0,1,1,0,0,0,0,0,0,0,"C",899,6494
-0.0888545971433743,0.108206962226021,1.17899921615651,0,0,1,1,0,0,0,1,1,0,0,0,0,0,0,0,"C",3030,6495
-0.117204638441963,0.11089088747639,0.516718817044111,0,0,1,1,0,0,0,1,1,0,0,0,0,0,0,0,"C",2602,6496
-0.10262909365213,0.0850269852851001,0.725876470980751,0,0,1,1,0,0,0,1,1,0,0,0,0,0,0,0,"C",394,6497
-0.111493687623496,0.114073741512114,1.300659132992,0,0,1,1,0,0,0,1,1,0,0,0,0,0,0,0,"C",3326,6498
-0.096969040229536,0.0733365098334622,1.29895955918715,0,0,1,1,0,0,0,1,1,0,0,0,0,0,0,0,"C",2240,6499
-0.054829829341782,0.0128416894252661,-0.0739528423490173,0,0,1,1,0,0,0,1,1,0,0,0,0,0,0,0,"D",491,6500
-0.124004739433458,0.0537745484799207,1.18878853349763,0,0,1,1,0,0,0,1,1,0,0,0,0,0,0,0,"D",3721,6501
-0.1309438735241,0.0612995224948873,0.810482200278427,0,0,1,1,0,0,0,1,1,0,0,0,0,0,0,0,"D",3402,6502
-0.104722002510667,0.0459730828002349,0.899890456298117,0,0,1,1,0,0,0,1,1,0,0,0,0,0,0,0,"D",368,6503
-0.111022838551707,0.0521139532552346,1.75611096157689,0,0,1,1,0,0,0,1,1,0,0,0,0,0,0,0,"D",1484,6504
-0.130305907211348,0.0374044286710282,0.131334451633492,0,0,1,1,0,0,0,1,1,0,0,0,0,0,0,0,"D",2487,6505
-0.118104690824377,0.0458520696715641,0.532268457238498,0,0,1,1,0,0,0,1,1,0,0,0,0,0,0,0,"D",1608,6506
-0.105576369324323,0.0407262006672089,0.55405052302681,0,0,1,1,0,0,0,1,1,0,0,0,0,0,0,0,"D",1462,6507
-0.114742093298324,0.0709977716150956,1.57021672299884,0,0,1,1,0,0,0,1,1,0,0,0,0,0,0,0,"D",3495,6508
-0.0929134286691889,0.0609344593947792,0.0863979821183817,0,0,1,1,0,0,0,1,1,0,0,0,0,0,0,0,"D",3583,6509
-0.136660822624234,0.0759115530496027,1.09506445655389,0,0,1,1,0,0,0,1,1,0,0,0,0,0,0,0,"D",1747,6510
-0.0921266424602196,0.0402893523096489,1.02920988460762,0,0,1,1,0,0,0,1,1,0,0,0,0,0,0,0,"D",344,6511
-0.131893504599654,0.076972094326037,1.44079633385352,0,0,1,1,0,0,0,1,1,0,0,0,0,0,0,0,"D",3343,6512
-0.104765301615792,0.0399822697154366,1.44801731270958,0,0,1,1,0,0,0,1,1,0,0,0,0,0,0,0,"D",2191,6513
-0.0886849440245336,0.033153565685773,1.52965092875115,0,0,1,1,0,0,0,1,1,0,0,0,0,0,0,0,"D",2986,6514
-0.126518247723934,0.0505122139097021,1.35718994515465,0,0,1,1,0,0,0,1,1,0,0,0,0,0,0,0,"D",3527,6515
-0.0980513999712444,0.0436603090810005,1.0257941287064,0,0,1,1,0,0,0,1,1,0,0,0,0,0,0,0,"D",3748,6516
-0.0937695592960546,0.0243105493201413,0.464329504308396,0,0,1,1,0,0,0,1,1,0,0,0,0,0,0,0,"D",930,6517
-0.093047638520725,0.015340538293796,0.678426376330435,0,0,1,1,0,0,0,1,1,0,0,0,0,0,0,0,"D",1560,6518
-0.0730671247986533,0.00831020587704573,1.09354535171926,0,0,1,1,0,0,0,1,1,0,0,0,0,0,0,0,"D",1549,6519
-0.121639984224998,0.0605993126994715,1.57455196566223,0,0,1,1,0,0,0,1,1,0,0,0,0,0,0,0,"D",3423,6520
-0.0734299620634703,0.0258803388156508,0.85437016744807,0,0,1,1,0,0,0,1,1,0,0,0,0,0,0,0,"D",3464,6521
-0.0895447817979837,0.017759473106553,1.26912548041807,0,0,1,1,0,0,0,1,1,0,0,0,0,0,0,0,"D",1646,6522
-0.134958289890948,0.0895825528570713,1.20597007850634,0,0,1,1,0,0,0,1,1,0,0,0,0,0,0,0,"D",2823,6523
-0.111848149557154,0.0581110648007927,1.81068384641355,0,0,1,1,0,0,0,1,1,0,0,0,0,0,0,0,"D",2022,6524
-0.101091035063357,0.0383829435609066,1.06581736782141,0,0,1,1,0,0,0,1,1,0,0,0,0,0,0,0,"D",1255,6525
-0.101276083975772,0.0388300391163876,0.912477439200246,0,0,1,1,0,0,0,1,1,0,0,0,0,0,0,0,"D",1691,6526
-0.107553902086773,0.0721045935544309,1.45198072862872,0,0,1,1,0,0,0,1,1,0,0,0,0,0,0,0,"D",3414,6527
-0.108365946663637,0.0729643240885172,2.08119539151205,0,0,1,1,0,0,0,1,1,0,0,0,0,0,0,0,"D",1362,6528
-0.126480302419645,0.0701566764151806,0.11417069659712,0,0,1,1,0,0,0,1,1,0,0,0,0,0,0,0,"D",2845,6529
-0.143378839919231,0.0654491437550181,1.34587764184609,0,0,1,1,0,0,0,1,1,0,0,0,0,0,0,0,"D",2333,6530
-0.132324896381912,0.0521696456314768,1.33333335157337,0,0,1,1,0,0,0,1,1,0,0,0,0,0,0,0,"D",2005,6531
-0.130436359783415,0.0963927710334413,1.99355469938922,0,0,1,1,0,0,0,1,1,0,0,0,0,0,0,0,"D",2937,6532
-0.136092049884367,0.0702353324058865,0.84335887441359,0,0,1,1,0,0,0,1,1,0,0,0,0,0,0,0,"D",1628,6533
-0.111825878647998,0.0303308506862735,0.818239657839545,0,0,1,1,0,0,0,1,1,0,0,0,0,0,0,0,"D",3122,6534
-0.0996902810431748,0.0593652232138921,1.63418061798848,0,0,1,1,0,0,0,1,1,0,0,0,0,0,0,0,"D",666,6535
-0.117319606464675,0.0617615318323664,0.575169670135156,0,0,1,1,0,0,0,1,1,0,0,0,0,0,0,0,"D",1125,6536
-0.0974114826851802,0.0496150978690349,0.763684405293403,0,0,1,1,0,0,0,1,1,0,0,0,0,0,0,0,"D",33,6537
-0.134909736436615,0.0795401686655301,0.874080015326199,0,0,1,1,0,0,0,1,1,0,0,0,0,0,0,0,"D",1671,6538
-0.0935155923189988,0.0484174479235567,1.94038852940715,0,0,1,1,0,0,0,1,1,0,0,0,0,0,0,0,"D",2714,6539
-0.0835527708009085,0.0653382297773669,2.32360985047486,0,0,1,1,0,0,0,1,1,0,0,0,0,0,0,0,"D",946,6540
-0.156982602023604,0.0547830251126236,1.07877323737481,0,0,1,1,0,0,0,1,1,0,0,0,0,0,0,0,"D",2718,6541
-0.123363592751935,0.059068225529117,2.44765034826866,0,0,1,1,0,0,0,1,1,0,0,0,0,0,0,0,"D",2372,6542
-0.121287904835036,0.0343299193392558,1.51255923401842,0,0,1,1,0,0,0,1,1,0,0,0,0,0,0,0,"D",1117,6543
-0.132536324004942,0.0637233509045592,1.81289489196233,0,0,1,1,0,0,0,1,1,0,0,0,0,0,0,0,"D",3186,6544
-0.1141291872979,0.0448526165204447,1.12640883064494,0,0,1,1,0,0,0,1,1,0,0,0,0,0,0,0,"D",2648,6545
-0.135618923445398,0.0833665277528439,1.58798954930829,0,0,1,1,0,0,0,1,1,0,0,0,0,0,0,0,"D",3379,6546
-0.126845824421431,0.060425674318373,1.58723813751227,0,0,1,1,0,0,0,1,1,0,0,0,0,0,0,0,"D",2742,6547
-0.0932666741517598,0.0404486672691042,2.03092511635451,0,0,1,1,0,0,0,1,1,0,0,0,0,0,0,0,"D",2336,6548
-0.107426141808062,0.0429414327299188,1.05138116194356,0,0,1,1,0,0,0,1,1,0,0,0,0,0,0,0,"D",267,6549
-0.139305531435978,0.09409747583644,2.33126802020474,0,0,1,1,0,0,0,1,1,0,0,0,0,0,0,0,"D",1359,6550
-0.117701923718833,0.0458292471141157,0.763682952926734,0,0,1,1,0,0,0,1,1,0,0,0,0,0,0,0,"D",1441,6551
-0.147289057998922,0.0807773591567386,1.88670737003549,0,0,1,1,0,0,0,1,1,0,0,0,0,0,0,0,"D",1962,6552
-0.11920904404932,0.0502481238063649,0.770197403178588,0,0,1,1,0,0,0,1,1,0,0,0,0,0,0,0,"D",3717,6553
-0.124513230695057,0.0610034696931751,1.37155422715675,0,0,1,1,0,0,0,1,1,0,0,0,0,0,0,0,"D",347,6554
-0.115211852534034,0.0276542321334146,0.850815631869218,0,0,1,1,0,0,0,1,1,0,0,0,0,0,0,0,"D",2090,6555
-0.0718500559676133,0.0307380303470226,0.561439568425707,0,0,1,1,0,0,0,1,1,0,0,0,0,0,0,0,"D",3406,6556
-0.0813196800170845,0.0460662692177055,0.286791728545316,0,0,1,1,0,0,0,1,1,0,0,0,0,0,0,0,"D",2061,6557
-0.0927924032590529,0.0237478725754116,1.64766877561554,0,0,1,1,0,0,0,1,1,0,0,0,0,0,0,0,"D",3699,6558
-0.110348825189537,0.0755777239792088,1.78941045806563,0,0,1,1,0,0,0,1,1,0,0,0,0,0,0,0,"D",1385,6559
-0.0899326786814196,0.0300137655220558,-0.263143218265089,0,0,1,1,0,0,0,1,1,0,0,0,0,0,0,0,"D",729,6560
-0.122200480569645,0.0620026874238858,1.60204797483803,0,0,1,1,0,0,0,1,1,0,0,0,0,0,0,0,"D",712,6561
-0.120985486066843,0.0534484881724803,2.25814958294414,0,0,1,1,0,0,0,1,1,0,0,0,0,0,0,0,"D",656,6562
-0.120569486404976,0.0511150096135871,0.484554026038693,0,0,1,1,0,0,0,1,1,0,0,0,0,0,0,0,"D",1397,6563
-0.0845133944353045,0.0655349328384948,2.17200128348096,0,0,1,1,0,0,0,1,1,0,0,0,0,0,0,0,"D",2074,6564
-0.107777468271698,0.0723572793961017,0.85391241415832,0,0,1,1,0,0,0,1,1,0,0,0,0,0,0,0,"D",857,6565
-0.121712866673705,0.0365649036184552,1.86346940258683,0,0,1,1,0,0,0,1,1,0,0,0,0,0,0,0,"D",2257,6566
-0.0949599960249656,0.0477421768064277,1.19563449055404,0,0,1,1,0,0,0,1,1,0,0,0,0,0,0,0,"D",1072,6567
-0.12432645173691,0.070443701308789,0.503103237473977,0,0,1,1,0,0,0,1,1,0,0,0,0,0,0,0,"D",1687,6568
-0.125314761784345,0.0657925301382842,1.44896171411976,0,0,1,1,0,0,0,1,1,0,0,0,0,0,0,0,"D",2575,6569
-0.0941839925233354,0.0391102812283007,0.615608692029567,0,0,1,1,0,0,0,1,1,0,0,0,0,0,0,0,"D",3006,6570
-0.143416743896353,0.079723579839157,1.70193587315809,0,0,1,1,0,0,0,1,1,0,0,0,0,0,0,0,"D",3732,6571
-0.136067443445631,0.0808388632106683,1.26680345236055,0,0,1,1,0,0,0,1,1,0,0,0,0,0,0,0,"D",482,6572
-0.112715331813559,0.0570193778127528,1.64716223432945,0,0,1,1,0,0,0,1,1,0,0,0,0,0,0,0,"D",1341,6573
-0.0928677497331975,0.0728061797139784,0.756935149537257,0,0,1,1,0,0,0,1,1,0,0,0,0,0,0,0,"D",3204,6574
-0.085255602990474,0.0120515308114223,0.0696216136993872,0,0,1,1,0,0,0,1,1,0,0,0,0,0,0,0,"D",1763,6575
-0.114456738483116,0.0778216752572801,1.71605956858,0,0,1,1,0,0,0,1,1,0,0,0,0,0,0,0,"D",2318,6576
-0.128224966619826,0.0557440759005914,0.390356347470955,0,0,1,1,0,0,0,1,1,0,0,0,0,0,0,0,"D",1059,6577
-0.0727430915121279,0.033439004573529,0.369615076742602,0,0,1,1,0,0,0,1,1,0,0,0,0,0,0,0,"D",1290,6578
-0.140117128237206,0.0555071580531065,1.73906894200825,0,0,1,1,0,0,0,1,1,0,0,0,0,0,0,0,"D",3146,6579
-0.124979304003859,0.0480840858899015,1.15235442607936,0,0,1,1,0,0,0,1,1,0,0,0,0,0,0,0,"D",1594,6580
-0.146919478407854,0.069200726764447,2.13783471548425,0,0,1,1,0,0,0,1,1,0,0,0,0,0,0,0,"D",2727,6581
-0.123305875531273,0.0734252931620108,1.36270715547275,0,0,1,1,0,0,0,1,1,0,0,0,0,0,0,0,"D",2960,6582
-0.155975599444757,0.0778118015289889,0.6599653891198,0,0,1,1,0,0,0,1,1,0,0,0,0,0,0,0,"D",3738,6583
-0.120297325409356,0.0163773390701266,0.550674408575897,0,0,1,1,0,0,0,1,1,0,0,0,0,0,0,0,"D",1567,6584
-0.0863839750763744,0.0278171516466472,0.842081340512593,0,0,1,1,0,0,0,1,1,0,0,0,0,0,0,0,"D",1930,6585
-0.0896909871631156,0.0182590877690668,0.110922478283564,0,0,1,1,0,0,0,1,1,0,0,0,0,0,0,0,"D",3714,6586
-0.128201696132047,0.0574681667712004,0.7373551360451,0,0,1,1,0,0,0,1,1,0,0,0,0,0,0,0,"D",435,6587
-0.12788407207444,0.0425729369237778,1.5492030501185,0,0,1,1,0,0,0,1,1,0,0,0,0,0,0,0,"D",1461,6588
-0.0872865175502033,0.0462016268000112,2.0101699945736,0,0,1,1,0,0,0,1,1,0,0,0,0,0,0,0,"D",2661,6589
-0.0864194604628045,0.0216987148559568,0.62267165457196,0,0,1,1,0,0,0,1,1,0,0,0,0,0,0,0,"D",1967,6590
-0.137153546608206,0.0440740226384884,1.5049835019419,0,0,1,1,0,0,0,1,1,0,0,0,0,0,0,0,"D",2087,6591
-0.12678199316518,0.0863598052118417,1.02801304574218,0,0,1,1,0,0,0,1,1,0,0,0,0,0,0,0,"D",2137,6592
-0.101326116795256,0.0279070352734953,0.655183156981681,0,0,1,1,0,0,0,1,1,0,0,0,0,0,0,0,"D",2578,6593
-0.118213240484587,0.034007227348889,0.49758738699452,0,0,1,1,0,0,0,1,1,0,0,0,0,0,0,0,"D",899,6594
-0.112916223173372,0.0254409145374275,0.973720418534453,0,0,1,1,0,0,0,1,1,0,0,0,0,0,0,0,"D",3030,6595
-0.142695708504484,0.0747796269239331,2.36332427018822,0,0,1,1,0,0,0,1,1,0,0,0,0,0,0,0,"D",2602,6596
-0.100455630971497,0.0580883077787244,1.6290132567563,0,0,1,1,0,0,0,1,1,0,0,0,0,0,0,0,"D",394,6597
-0.11471171613375,0.0265691025327913,-0.59324226906522,0,0,1,1,0,0,0,1,1,0,0,0,0,0,0,0,"D",3326,6598
-0.127120800385208,0.0475247456670529,1.63042854403163,0,0,1,1,0,0,0,1,1,0,0,0,0,0,0,0,"D",2240,6599
-0.113504025184533,0.118830481189425,1.22242755937748,0,0,1,1,0,0,0,1,0,1,0,0,0,0,0,0,"C",491,6600
-0.142244173680825,0.0958492995245391,0.0316018137359123,0,0,1,1,0,0,0,1,0,1,0,0,0,0,0,0,"C",3721,6601
-0.083663946160722,0.128968304686302,0.943546230607811,0,0,1,1,0,0,0,1,0,1,0,0,0,0,0,0,"C",3402,6602
-0.128636003746386,0.11736887408428,0.988919849999446,0,0,1,1,0,0,0,1,0,1,0,0,0,0,0,0,"C",368,6603
-0.117561944860405,0.108410484980219,1.44316851955709,0,0,1,1,0,0,0,1,0,1,0,0,0,0,0,0,"C",1484,6604
-0.0548740752183228,0.0853627126009703,0.590262467264477,0,0,1,1,0,0,0,1,0,1,0,0,0,0,0,0,"C",2487,6605
-0.0805428156736144,0.118910635670843,0.860720165807927,0,0,1,1,0,0,0,1,0,1,0,0,0,0,0,0,"C",1608,6606
-0.127627373401194,0.159533776658235,1.73211437856819,0,0,1,1,0,0,0,1,0,1,0,0,0,0,0,0,"C",1462,6607
-0.107766882539666,0.0947291117150064,0.751589809391602,0,0,1,1,0,0,0,1,0,1,0,0,0,0,0,0,"C",3495,6608
-0.104366350402112,0.128298312074656,2.37079712374925,0,0,1,1,0,0,0,1,0,1,0,0,0,0,0,0,"C",3583,6609
-0.121994811209689,0.0743035794166523,0.289774614343803,0,0,1,1,0,0,0,1,0,1,0,0,0,0,0,0,"C",1747,6610
-0.120584375261226,0.139193238031269,1.50531080297532,0,0,1,1,0,0,0,1,0,1,0,0,0,0,0,0,"C",344,6611
-0.132526746607934,0.0920894162969846,-1.27225326470496,0,0,1,1,0,0,0,1,0,1,0,0,0,0,0,0,"C",3343,6612
-0.0862614930358395,0.076972816349209,-0.634826026298874,0,0,1,1,0,0,0,1,0,1,0,0,0,0,0,0,"C",2191,6613
-0.09685523823309,0.149195422738382,0.808903257663063,0,0,1,1,0,0,0,1,0,1,0,0,0,0,0,0,"C",2986,6614
-0.127843643606506,0.136552064476091,1.3263674447048,0,0,1,1,0,0,0,1,0,1,0,0,0,0,0,0,"C",3527,6615
-0.144624959512539,0.153011868995136,2.06320517763739,0,0,1,1,0,0,0,1,0,1,0,0,0,0,0,0,"C",3748,6616
-0.18846505511508,0.15948882106733,2.39384568530533,0,0,1,1,0,0,0,1,0,1,0,0,0,0,0,0,"C",930,6617
-0.114535343974706,0.0894082723087446,1.02227772268544,0,0,1,1,0,0,0,1,0,1,0,0,0,0,0,0,"C",1560,6618
-0.0925545909106952,0.0771431118402956,1.09375064519801,0,0,1,1,0,0,0,1,0,1,0,0,0,0,0,0,"C",1549,6619
-0.104182906441356,0.108216571484924,0.752709028198,0,0,1,1,0,0,0,1,0,1,0,0,0,0,0,0,"C",3423,6620
-0.144259084065478,0.118387967019522,0.534109968076913,0,0,1,1,0,0,0,1,0,1,0,0,0,0,0,0,"C",3464,6621
-0.103959151292533,0.136376583142477,1.98878231677912,0,0,1,1,0,0,0,1,0,1,0,0,0,0,0,0,"C",1646,6622
-0.113191926941213,0.078001120970674,-0.100605897394825,0,0,1,1,0,0,0,1,0,1,0,0,0,0,0,0,"C",2823,6623
-0.142320082002911,0.19708169020702,1.45037824976526,0,0,1,1,0,0,0,1,0,1,0,0,0,0,0,0,"C",2022,6624
-0.154875922527595,0.18719544388065,2.08906422060318,0,0,1,1,0,0,0,1,0,1,0,0,0,0,0,0,"C",1255,6625
-0.141076211792551,0.12901994853563,1.1287166583735,0,0,1,1,0,0,0,1,0,1,0,0,0,0,0,0,"C",1691,6626
-0.125877794156904,0.116809687638163,1.16215374367738,0,0,1,1,0,0,0,1,0,1,0,0,0,0,0,0,"C",3414,6627
-0.128650682093426,0.102324340087345,0.774011022303307,0,0,1,1,0,0,0,1,0,1,0,0,0,0,0,0,"C",1362,6628
-0.102715348113613,0.0897457566572993,1.87805617531506,0,0,1,1,0,0,0,1,0,1,0,0,0,0,0,0,"C",2845,6629
-0.132548659984781,0.103067562249594,1.02121842845499,0,0,1,1,0,0,0,1,0,1,0,0,0,0,0,0,"C",2333,6630
-0.112993637420037,0.0994407515876694,1.03142572166392,0,0,1,1,0,0,0,1,0,1,0,0,0,0,0,0,"C",2005,6631
-0.101568908353245,0.100254156805176,2.24398729786789,0,0,1,1,0,0,0,1,0,1,0,0,0,0,0,0,"C",2937,6632
-0.127188798529554,0.17147362837388,-0.0638905729708903,0,0,1,1,0,0,0,1,0,1,0,0,0,0,0,0,"C",1628,6633
-0.0908311211728322,0.0975895285313301,1.1059963335195,0,0,1,1,0,0,0,1,0,1,0,0,0,0,0,0,"C",3122,6634
-0.192846662221216,0.172454398890207,-0.231186438403809,0,0,1,1,0,0,0,1,0,1,0,0,0,0,0,0,"C",666,6635
-0.177002226467601,0.146246426194543,0.838940607000177,0,0,1,1,0,0,0,1,0,1,0,0,0,0,0,0,"C",1125,6636
-0.121027163094129,0.100822032749189,1.22858196517932,0,0,1,1,0,0,0,1,0,1,0,0,0,0,0,0,"C",33,6637
-0.194539333246715,0.112615635265816,1.14308871207047,0,0,1,1,0,0,0,1,0,1,0,0,0,0,0,0,"C",1671,6638
-0.0801894606065633,0.1408623213837,0.43786633966606,0,0,1,1,0,0,0,1,0,1,0,0,0,0,0,0,"C",2714,6639
-0.119015821717855,0.0692559251513613,0.425645901486336,0,0,1,1,0,0,0,1,0,1,0,0,0,0,0,0,"C",946,6640
-0.112313097998279,0.0968639800576352,1.41497297654973,0,0,1,1,0,0,0,1,0,1,0,0,0,0,0,0,"C",2718,6641
-0.205789718344336,0.167993936261913,0.801952708855175,0,0,1,1,0,0,0,1,0,1,0,0,0,0,0,0,"C",2372,6642
-0.135074495621407,0.128253132623608,-0.00929339595511339,0,0,1,1,0,0,0,1,0,1,0,0,0,0,0,0,"C",1117,6643
-0.0282913837183696,0.0418750917117323,0.548901599784169,0,0,1,1,0,0,0,1,0,1,0,0,0,0,0,0,"C",3186,6644
-0.0679007336826415,0.0380555090744401,0.68888586617937,0,0,1,1,0,0,0,1,0,1,0,0,0,0,0,0,"C",2648,6645
-0.14539738951147,0.15757744762324,1.17789136754289,0,0,1,1,0,0,0,1,0,1,0,0,0,0,0,0,"C",3379,6646
-0.144610599602794,0.103821999514007,1.82097157502133,0,0,1,1,0,0,0,1,0,1,0,0,0,0,0,0,"C",2742,6647
-0.131070176290844,0.152213527424273,0.926550204382973,0,0,1,1,0,0,0,1,0,1,0,0,0,0,0,0,"C",2336,6648
-0.0836980831172247,0.0934576299421396,0.969491409137343,0,0,1,1,0,0,0,1,0,1,0,0,0,0,0,0,"C",267,6649
-0.204262911000412,0.185630658438801,0.365933096844646,0,0,1,1,0,0,0,1,0,1,0,0,0,0,0,0,"C",1359,6650
-0.0793348198994952,0.0895224672138386,1.1156972584596,0,0,1,1,0,0,0,1,0,1,0,0,0,0,0,0,"C",1441,6651
-0.100489708157007,0.083131408008329,0.784910222152603,0,0,1,1,0,0,0,1,0,1,0,0,0,0,0,0,"C",1962,6652
-0.130691782453313,0.12452737297588,1.96075481578093,0,0,1,1,0,0,0,1,0,1,0,0,0,0,0,0,"C",3717,6653
-0.118484881653611,0.131216407523803,1.25992631877298,0,0,1,1,0,0,0,1,0,1,0,0,0,0,0,0,"C",347,6654
-0.182075516801583,0.19915533590089,2.01307377450764,0,0,1,1,0,0,0,1,0,1,0,0,0,0,0,0,"C",2090,6655
-0.157208431295496,0.179650583929258,1.95380459540878,0,0,1,1,0,0,0,1,0,1,0,0,0,0,0,0,"C",3406,6656
-0.0463421712336323,0.0539738148859104,0.0344052221311667,0,0,1,1,0,0,0,1,0,1,0,0,0,0,0,0,"C",2061,6657
-0.0718669277892673,0.122017682393664,-0.0305958673963309,0,0,1,1,0,0,0,1,0,1,0,0,0,0,0,0,"C",3699,6658
-0.101838959828285,0.0910501950903986,0.359875068336229,0,0,1,1,0,0,0,1,0,1,0,0,0,0,0,0,"C",1385,6659
-0.10057843045757,0.0997369696281038,2.02844817691304,0,0,1,1,0,0,0,1,0,1,0,0,0,0,0,0,"C",729,6660
-0.0948124942365837,0.0960821212203616,1.95669204666074,0,0,1,1,0,0,0,1,0,1,0,0,0,0,0,0,"C",712,6661
-0.154030536536981,0.158025183963877,2.48045977078674,0,0,1,1,0,0,0,1,0,1,0,0,0,0,0,0,"C",656,6662
-0.111823108343763,0.109455669370075,0.800038581437024,0,0,1,1,0,0,0,1,0,1,0,0,0,0,0,0,"C",1397,6663
-0.12087739301039,0.126826615621402,1.23358075944968,0,0,1,1,0,0,0,1,0,1,0,0,0,0,0,0,"C",2074,6664
-0.13332657279407,0.0869964941790514,-0.129195087255472,0,0,1,1,0,0,0,1,0,1,0,0,0,0,0,0,"C",857,6665
-0.128894140388846,0.0709379278939681,0.32687384204116,0,0,1,1,0,0,0,1,0,1,0,0,0,0,0,0,"C",2257,6666
-0.102309539705087,0.0809970011240747,-1.08959835359413,0,0,1,1,0,0,0,1,0,1,0,0,0,0,0,0,"C",1072,6667
-0.153020218194472,0.136493778185535,1.39546853585059,0,0,1,1,0,0,0,1,0,1,0,0,0,0,0,0,"C",1687,6668
-0.166604791888344,0.195006781673147,2.19948031686482,0,0,1,1,0,0,0,1,0,1,0,0,0,0,0,0,"C",2575,6669
-0.0550038942236515,0.108498992343047,1.32162687636386,0,0,1,1,0,0,0,1,0,1,0,0,0,0,0,0,"C",3006,6670
-0.0929839129805848,0.118918242459298,1.03505108486701,0,0,1,1,0,0,0,1,0,1,0,0,0,0,0,0,"C",3732,6671
-0.0529306611075287,0.069407543290376,0.323087891333558,0,0,1,1,0,0,0,1,0,1,0,0,0,0,0,0,"C",482,6672
-0.0937353408590066,0.0833190273971221,2.0716390677667,0,0,1,1,0,0,0,1,0,1,0,0,0,0,0,0,"C",1341,6673
-0.133871525153326,0.132303911285902,1.42861572549178,0,0,1,1,0,0,0,1,0,1,0,0,0,0,0,0,"C",3204,6674
-0.0186613754745156,0.043685631827215,0.41566360759479,0,0,1,1,0,0,0,1,0,1,0,0,0,0,0,0,"C",1763,6675
-0.140085603289782,0.142434670283103,2.15334328448188,0,0,1,1,0,0,0,1,0,1,0,0,0,0,0,0,"C",2318,6676
-0.0513859495959552,0.0783812266707154,0.708437638579987,0,0,1,1,0,0,0,1,0,1,0,0,0,0,0,0,"C",1059,6677
-0.107285978323765,0.0836528155379684,0.420753987817069,0,0,1,1,0,0,0,1,0,1,0,0,0,0,0,0,"C",1290,6678
-0.0812621969310081,0.100356463452643,0.845070110943737,0,0,1,1,0,0,0,1,0,1,0,0,0,0,0,0,"C",3146,6679
-0.159586097232189,0.152175618235197,1.60059701237824,0,0,1,1,0,0,0,1,0,1,0,0,0,0,0,0,"C",1594,6680
-0.139117412280599,0.173503810670297,0.837187643254689,0,0,1,1,0,0,0,1,0,1,0,0,0,0,0,0,"C",2727,6681
-0.0942191204458154,0.0791805950014439,0.122191455793523,0,0,1,1,0,0,0,1,0,1,0,0,0,0,0,0,"C",2960,6682
-0.189946582714403,0.123362619046235,0.0950707116855934,0,0,1,1,0,0,0,1,0,1,0,0,0,0,0,0,"C",3738,6683
-0.141099727247207,0.159450800873726,1.88674967968302,0,0,1,1,0,0,0,1,0,1,0,0,0,0,0,0,"C",1567,6684
-0.194703654374529,0.163870455596337,1.33624750230799,0,0,1,1,0,0,0,1,0,1,0,0,0,0,0,0,"C",1930,6685
-0.128720600727559,0.155490093253896,0.250637115279495,0,0,1,1,0,0,0,1,0,1,0,0,0,0,0,0,"C",3714,6686
-0.143591983908123,0.150408921806009,1.00057470199634,0,0,1,1,0,0,0,1,0,1,0,0,0,0,0,0,"C",435,6687
-0.12468770743103,0.0962474868457524,0.917032785129559,0,0,1,1,0,0,0,1,0,1,0,0,0,0,0,0,"C",1461,6688
-0.10994846355532,0.115018169358656,2.05120180861454,0,0,1,1,0,0,0,1,0,1,0,0,0,0,0,0,"C",2661,6689
-0.180468025120583,0.129107700094451,0.624217673533863,0,0,1,1,0,0,0,1,0,1,0,0,0,0,0,0,"C",1967,6690
-0.136081656510629,0.149546057787585,1.53454148114653,0,0,1,1,0,0,0,1,0,1,0,0,0,0,0,0,"C",2087,6691
-0.0953202420891464,0.0718860751136469,0.121890330450272,0,0,1,1,0,0,0,1,0,1,0,0,0,0,0,0,"C",2137,6692
-0.0724742261939494,0.0778070403610839,0.570935148899862,0,0,1,1,0,0,0,1,0,1,0,0,0,0,0,0,"C",2578,6693
-0.110276480662758,0.0798640858296438,0.576865744686723,0,0,1,1,0,0,0,1,0,1,0,0,0,0,0,0,"C",899,6694
-0.0725417960408664,0.0580225992306724,0.864701245962256,0,0,1,1,0,0,0,1,0,1,0,0,0,0,0,0,"C",3030,6695
-0.11474639293825,0.128543938619165,2.0922494494623,0,0,1,1,0,0,0,1,0,1,0,0,0,0,0,0,"C",2602,6696
-0.107993910932578,0.151688898593242,2.30080871107847,0,0,1,1,0,0,0,1,0,1,0,0,0,0,0,0,"C",394,6697
-0.0818321636238811,0.124260280167276,2.36842234091176,0,0,1,1,0,0,0,1,0,1,0,0,0,0,0,0,"C",3326,6698
-0.104981776761,0.107769222568882,1.96510677301242,0,0,1,1,0,0,0,1,0,1,0,0,0,0,0,0,"C",2240,6699
-0.123871345429632,0.100097690419508,0.324995965275155,0,0,1,1,0,0,0,1,0,1,0,0,0,0,0,0,"D",491,6700
-0.103565013841906,0.0915256590163669,-1.85380981909089,0,0,1,1,0,0,0,1,0,1,0,0,0,0,0,0,"D",3721,6701
-0.0883825286401735,0.0644705598515242,1.04506992961739,0,0,1,1,0,0,0,1,0,1,0,0,0,0,0,0,"D",3402,6702
-0.108359946982471,0.0381615162248047,-0.890614637178116,0,0,1,1,0,0,0,1,0,1,0,0,0,0,0,0,"D",368,6703
-0.0294639763431398,0.0067758887893615,0.257043522961132,0,0,1,1,0,0,0,1,0,1,0,0,0,0,0,0,"D",1484,6704
-0.0964780918031876,0.0863361142345496,-0.747398191783845,0,0,1,1,0,0,0,1,0,1,0,0,0,0,0,0,"D",2487,6705
-0.10409851013266,0.0722746733549239,-1.46451843121164,0,0,1,1,0,0,0,1,0,1,0,0,0,0,0,0,"D",1608,6706
-0.0917686291996126,0.0878354378561458,-1.24057419992424,0,0,1,1,0,0,0,1,0,1,0,0,0,0,0,0,"D",1462,6707
-0.0513080923065073,0.0762248691310215,-1.3999591885651,0,0,1,1,0,0,0,1,0,1,0,0,0,0,0,0,"D",3495,6708
-0.122369936957506,0.127854330208669,2.06584937311983,0,0,1,1,0,0,0,1,0,1,0,0,0,0,0,0,"D",3583,6709
-0.110725898196183,0.0839596386745427,1.33411723345636,0,0,1,1,0,0,0,1,0,1,0,0,0,0,0,0,"D",1747,6710
-0.163101927939216,0.120045012381386,-2.48047864782597,0,0,1,1,0,0,0,1,0,1,0,0,0,0,0,0,"D",344,6711
-0.0693102620663985,0.030357321329977,1.07083520152551,0,0,1,1,0,0,0,1,0,1,0,0,0,0,0,0,"D",3343,6712
-0.116940532920312,0.101200496457877,0.162146724715585,0,0,1,1,0,0,0,1,0,1,0,0,0,0,0,0,"D",2191,6713
-0.124322991498115,0.13254261956158,-2.74740700817814,0,0,1,1,0,0,0,1,0,1,0,0,0,0,0,0,"D",2986,6714
-0.0217477965622142,0.0238615230592776,0.909388076792085,0,0,1,1,0,0,0,1,0,1,0,0,0,0,0,0,"D",3527,6715
-0.122487004897456,0.0809326011071047,-1.3774164375759,0,0,1,1,0,0,0,1,0,1,0,0,0,0,0,0,"D",3748,6716
-0.137710760519513,0.0936451911651509,1.44474231024964,0,0,1,1,0,0,0,1,0,1,0,0,0,0,0,0,"D",930,6717
-0.0956804229662159,0.068800002872967,0.557587769155755,0,0,1,1,0,0,0,1,0,1,0,0,0,0,0,0,"D",1560,6718
-0.123774242150012,0.0985966904027308,1.61966864037581,0,0,1,1,0,0,0,1,0,1,0,0,0,0,0,0,"D",1549,6719
-0.20501364377306,0.155166404965064,0.0884363524838659,0,0,1,1,0,0,0,1,0,1,0,0,0,0,0,0,"D",3423,6720
-0.0612756426453334,0.0487087237774369,-0.445430048268358,0,0,1,1,0,0,0,1,0,1,0,0,0,0,0,0,"D",3464,6721
-0.137121147376851,0.0638143818062401,2.22926657693061,0,0,1,1,0,0,0,1,0,1,0,0,0,0,0,0,"D",1646,6722
-0.130237537493088,0.104734479118059,0.724416662334405,0,0,1,1,0,0,0,1,0,1,0,0,0,0,0,0,"D",2823,6723
-0.148995619460823,0.125777486250066,-2.06177650981721,0,0,1,1,0,0,0,1,0,1,0,0,0,0,0,0,"D",2022,6724
-0.144875645599919,0.142263081495283,-2.1065690431443,0,0,1,1,0,0,0,1,0,1,0,0,0,0,0,0,"D",1255,6725
-0.0805171731638989,0.0549235821524903,-1.76723492763087,0,0,1,1,0,0,0,1,0,1,0,0,0,0,0,0,"D",1691,6726
-0.225351212929682,0.198412971887798,-1.1060999292891,0,0,1,1,0,0,0,1,0,1,0,0,0,0,0,0,"D",3414,6727
-0.130534625043017,0.0441418256888285,0.482598952804827,0,0,1,1,0,0,0,1,0,1,0,0,0,0,0,0,"D",1362,6728
-0.0801019937595088,0.0572141017002735,-0.707101214239021,0,0,1,1,0,0,0,1,0,1,0,0,0,0,0,0,"D",2845,6729
-0.13218087118637,0.135171179870188,-1.4665360587612,0,0,1,1,0,0,0,1,0,1,0,0,0,0,0,0,"D",2333,6730
-0.106199823811278,0.120299300426125,1.06992814719005,0,0,1,1,0,0,0,1,0,1,0,0,0,0,0,0,"D",2005,6731
-0.141105810105931,0.102732445156594,-2.00917756861191,0,0,1,1,0,0,0,1,0,1,0,0,0,0,0,0,"D",2937,6732
-0.171759400381653,0.147671881506906,-1.33008625991102,0,0,1,1,0,0,0,1,0,1,0,0,0,0,0,0,"D",1628,6733
-0.136928175918597,0.0936411355928086,1.64927889076845,0,0,1,1,0,0,0,1,0,1,0,0,0,0,0,0,"D",3122,6734
-0.09619153516249,0.0894352288184757,0.0352456601951456,0,0,1,1,0,0,0,1,0,1,0,0,0,0,0,0,"D",666,6735
-0.202255014231723,0.129445220620837,0.0871050824695182,0,0,1,1,0,0,0,1,0,1,0,0,0,0,0,0,"D",1125,6736
-0.062143127369518,0.0670800362297421,0.640708906512507,0,0,1,1,0,0,0,1,0,1,0,0,0,0,0,0,"D",33,6737
-0.0850599840741907,0.0528166045390534,0.925031696901149,0,0,1,1,0,0,0,1,0,1,0,0,0,0,0,0,"D",1671,6738
-0.0747883584159308,0.0383983591294159,-0.718292100533797,0,0,1,1,0,0,0,1,0,1,0,0,0,0,0,0,"D",2714,6739
-0.162274350076491,0.188412647914082,-0.595061097144512,0,0,1,1,0,0,0,1,0,1,0,0,0,0,0,0,"D",946,6740
-0.115746335627538,0.0797049580806511,-0.249488776646222,0,0,1,1,0,0,0,1,0,1,0,0,0,0,0,0,"D",2718,6741
-0.100291578421816,0.0840791346386409,-1.38849019776378,0,0,1,1,0,0,0,1,0,1,0,0,0,0,0,0,"D",2372,6742
-0.0468907300723011,0.0475771905986992,-0.885653909645014,0,0,1,1,0,0,0,1,0,1,0,0,0,0,0,0,"D",1117,6743
-0.0794056376483041,0.0870486303186501,-0.0325311615393132,0,0,1,1,0,0,0,1,0,1,0,0,0,0,0,0,"D",3186,6744
-0.105625377743295,0.0937631831744619,-0.327702938574988,0,0,1,1,0,0,0,1,0,1,0,0,0,0,0,0,"D",2648,6745
-0.115949187231238,0.0913556399857266,-1.04985003036989,0,0,1,1,0,0,0,1,0,1,0,0,0,0,0,0,"D",3379,6746
-0.0506473473402229,0.0576892357340009,1.59755022748287,0,0,1,1,0,0,0,1,0,1,0,0,0,0,0,0,"D",2742,6747
-0.220825978627571,0.21406638621001,-2.28588515076353,0,0,1,1,0,0,0,1,0,1,0,0,0,0,0,0,"D",2336,6748
-0.122732095403517,0.0613591531053144,0.0440286036696689,0,0,1,1,0,0,0,1,0,1,0,0,0,0,0,0,"D",267,6749
-0.141641562521568,0.0932525420528972,1.6178976505891,0,0,1,1,0,0,0,1,0,1,0,0,0,0,0,0,"D",1359,6750
-0.0863336146876783,0.0745275248441598,-1.24062450605719,0,0,1,1,0,0,0,1,0,1,0,0,0,0,0,0,"D",1441,6751
-0.073631591392259,0.0665572011890359,-0.812789630372999,0,0,1,1,0,0,0,1,0,1,0,0,0,0,0,0,"D",1962,6752
-0.101452263170908,0.0344244414227929,0.36506892746951,0,0,1,1,0,0,0,1,0,1,0,0,0,0,0,0,"D",3717,6753
-0.117436452226929,0.087451025830673,-0.0397014676956661,0,0,1,1,0,0,0,1,0,1,0,0,0,0,0,0,"D",347,6754
-0.106895853813234,0.0841095406410436,-1.18888704767603,0,0,1,1,0,0,0,1,0,1,0,0,0,0,0,0,"D",2090,6755
-0.0526540919334665,0.0601952613548635,-1.08007200095935,0,0,1,1,0,0,0,1,0,1,0,0,0,0,0,0,"D",3406,6756
-0.158829654576664,0.0905565897743053,-0.953160796464721,0,0,1,1,0,0,0,1,0,1,0,0,0,0,0,0,"D",2061,6757
-0.155228411536454,0.0823730929569233,2.25991252900794,0,0,1,1,0,0,0,1,0,1,0,0,0,0,0,0,"D",3699,6758
-0.049683146414716,0.0447698022064731,0.740589616146669,0,0,1,1,0,0,0,1,0,1,0,0,0,0,0,0,"D",1385,6759
-0.0861638804609431,0.110562955765772,1.97646683862463,0,0,1,1,0,0,0,1,0,1,0,0,0,0,0,0,"D",729,6760
-0.144959724410291,0.127579997562002,1.84526598773262,0,0,1,1,0,0,0,1,0,1,0,0,0,0,0,0,"D",712,6761
-0.141681763893681,0.095884245052763,0.65574274475787,0,0,1,1,0,0,0,1,0,1,0,0,0,0,0,0,"D",656,6762
-0.14715697865488,0.151770702741357,-1.89076648067527,0,0,1,1,0,0,0,1,0,1,0,0,0,0,0,0,"D",1397,6763
-0.140263446479885,0.0775393001808252,-2.14336217233349,0,0,1,1,0,0,0,1,0,1,0,0,0,0,0,0,"D",2074,6764
-0.083298869981516,0.112586513539917,0.0598590472044298,0,0,1,1,0,0,0,1,0,1,0,0,0,0,0,0,"D",857,6765
-0.123607372218996,0.132526239852513,1.19493300444579,0,0,1,1,0,0,0,1,0,1,0,0,0,0,0,0,"D",2257,6766
-0.0618862159114936,0.0492729578130072,-0.784775102991402,0,0,1,1,0,0,0,1,0,1,0,0,0,0,0,0,"D",1072,6767
-0.125812947738628,0.115923585462284,-1.30426453335953,0,0,1,1,0,0,0,1,0,1,0,0,0,0,0,0,"D",1687,6768
-0.0836064034150662,0.071934675659204,0.584361725078401,0,0,1,1,0,0,0,1,0,1,0,0,0,0,0,0,"D",2575,6769
-0.163065085855768,0.0907733572530458,-0.921525028076915,0,0,1,1,0,0,0,1,0,1,0,0,0,0,0,0,"D",3006,6770
-0.0958006268788116,0.0935851050192398,-1.10170635299518,0,0,1,1,0,0,0,1,0,1,0,0,0,0,0,0,"D",3732,6771
-0.0669373279616403,0.0945478512112706,0.113986153033647,0,0,1,1,0,0,0,1,0,1,0,0,0,0,0,0,"D",482,6772
-0.154825388578033,0.167874689131879,-2.17374002568026,0,0,1,1,0,0,0,1,0,1,0,0,0,0,0,0,"D",1341,6773
-0.11693059558542,0.0895340131554516,-0.206270463150551,0,0,1,1,0,0,0,1,0,1,0,0,0,0,0,0,"D",3204,6774
-0.102524545998839,0.0618696727098958,0.951515066459672,0,0,1,1,0,0,0,1,0,1,0,0,0,0,0,0,"D",1763,6775
-0.0620495341494968,0.0880032675294063,0.847806811191417,0,0,1,1,0,0,0,1,0,1,0,0,0,0,0,0,"D",2318,6776
-0.0778234824195018,0.0866023880972531,1.10372460626056,0,0,1,1,0,0,0,1,0,1,0,0,0,0,0,0,"D",1059,6777
-0.178974978799869,0.158710425506827,-1.1876598339355,0,0,1,1,0,0,0,1,0,1,0,0,0,0,0,0,"D",1290,6778
-0.107300952473045,0.089587227537079,0.668853977073881,0,0,1,1,0,0,0,1,0,1,0,0,0,0,0,0,"D",3146,6779
-0.0542870819886711,0.0660973390320323,0.181764984540137,0,0,1,1,0,0,0,1,0,1,0,0,0,0,0,0,"D",1594,6780
-0.2298507639623,0.206575624543939,-2.66339010079833,0,0,1,1,0,0,0,1,0,1,0,0,0,0,0,0,"D",2727,6781
-0.0859831532963262,0.0584946803639493,1.2593535533089,0,0,1,1,0,0,0,1,0,1,0,0,0,0,0,0,"D",2960,6782
-0.0966610758678251,0.0898459820461892,-0.397741308500613,0,0,1,1,0,0,0,1,0,1,0,0,0,0,0,0,"D",3738,6783
-0.179783927991725,0.153864288393588,2.79185351138596,0,0,1,1,0,0,0,1,0,1,0,0,0,0,0,0,"D",1567,6784
-0.0787367746527788,0.0583309669889665,0.646971316496964,0,0,1,1,0,0,0,1,0,1,0,0,0,0,0,0,"D",1930,6785
-0.14749808083367,0.0780085507585059,0.668102222839859,0,0,1,1,0,0,0,1,0,1,0,0,0,0,0,0,"D",3714,6786
-0.113652866788899,0.0786445402856075,0.597798729201042,0,0,1,1,0,0,0,1,0,1,0,0,0,0,0,0,"D",435,6787
-0.0802857648823452,0.0760612374540101,-1.50024291885861,0,0,1,1,0,0,0,1,0,1,0,0,0,0,0,0,"D",1461,6788
-0.114125034523277,0.06407121279334,-1.15997064414171,0,0,1,1,0,0,0,1,0,1,0,0,0,0,0,0,"D",2661,6789
-0.112575098234241,0.113397259170081,2.48661736124454,0,0,1,1,0,0,0,1,0,1,0,0,0,0,0,0,"D",1967,6790
-0.119741713625056,0.0846867379469027,0.277113841342105,0,0,1,1,0,0,0,1,0,1,0,0,0,0,0,0,"D",2087,6791
-0.123540834477934,0.14792636384404,-0.936270107472939,0,0,1,1,0,0,0,1,0,1,0,0,0,0,0,0,"D",2137,6792
-0.156816843427156,0.175828532855882,2.4541204340095,0,0,1,1,0,0,0,1,0,1,0,0,0,0,0,0,"D",2578,6793
-0.11389782559597,0.0862559128887591,-1.06074461432583,0,0,1,1,0,0,0,1,0,1,0,0,0,0,0,0,"D",899,6794
-0.217707691221643,0.142574709983599,-2.58791403446885,0,0,1,1,0,0,0,1,0,1,0,0,0,0,0,0,"D",3030,6795
-0.182088461519596,0.174768207407153,2.30659275441556,0,0,1,1,0,0,0,1,0,1,0,0,0,0,0,0,"D",2602,6796
-0.115781171561986,0.0695979312535886,0.120660824898006,0,0,1,1,0,0,0,1,0,1,0,0,0,0,0,0,"D",394,6797
-0.100800636186165,0.113719141535041,0.626805486694396,0,0,1,1,0,0,0,1,0,1,0,0,0,0,0,0,"D",3326,6798
-0.152846114789088,0.100393047077765,-2.54520193452827,0,0,1,1,0,0,0,1,0,1,0,0,0,0,0,0,"D",2240,6799
-0.0761593860263193,0.0805543018003221,1.00141323534779,0,0,1,1,0,0,0,1,0,0,0,0,1,0,0,0,"C",491,6800
-0.127923911626123,0.117458852930373,1.22567848315396,0,0,1,1,0,0,0,1,0,0,0,0,1,0,0,0,"C",3721,6801
-0.130505367733255,0.123944705673572,1.53606660748476,0,0,1,1,0,0,0,1,0,0,0,0,1,0,0,0,"C",3402,6802
-0.086427820835622,0.0967687128131531,0.790923705999402,0,0,1,1,0,0,0,1,0,0,0,0,1,0,0,0,"C",368,6803
-0.169969790872996,0.155202017119818,0.77796551768011,0,0,1,1,0,0,0,1,0,0,0,0,1,0,0,0,"C",1484,6804
-0.141044208981429,0.148186510394967,1.89259019944384,0,0,1,1,0,0,0,1,0,0,0,0,1,0,0,0,"C",2487,6805
-0.170081044001387,0.164497692030866,0.450399199569783,0,0,1,1,0,0,0,1,0,0,0,0,1,0,0,0,"C",1608,6806
-0.136187707433997,0.121352724465331,0.554310467785837,0,0,1,1,0,0,0,1,0,0,0,0,1,0,0,0,"C",1462,6807
-0.109954781487966,0.0986574594661491,1.24491758015752,0,0,1,1,0,0,0,1,0,0,0,0,1,0,0,0,"C",3495,6808
-0.132375047198806,0.139456989183924,2.12975190319494,0,0,1,1,0,0,0,1,0,0,0,0,1,0,0,0,"C",3583,6809
-0.127786711875623,0.11358797798451,0.675823637305143,0,0,1,1,0,0,0,1,0,0,0,0,1,0,0,0,"C",1747,6810
-0.152603067845351,0.12608728729023,0.916995653652768,0,0,1,1,0,0,0,1,0,0,0,0,1,0,0,0,"C",344,6811
-0.156290737693663,0.158276016236705,1.56170554000206,0,0,1,1,0,0,0,1,0,0,0,0,1,0,0,0,"C",3343,6812
-0.0583327413461082,0.0368820639019839,0.522550660470379,0,0,1,1,0,0,0,1,0,0,0,0,1,0,0,0,"C",2191,6813
-0.136628622690445,0.11941143817677,2.29006726989029,0,0,1,1,0,0,0,1,0,0,0,0,1,0,0,0,"C",2986,6814
-0.0810483566915021,0.060085268760793,0.87145573470406,0,0,1,1,0,0,0,1,0,0,0,0,1,0,0,0,"C",3527,6815
-0.126720613725343,0.126954925593106,1.50306263166702,0,0,1,1,0,0,0,1,0,0,0,0,1,0,0,0,"C",3748,6816
-0.157199373315597,0.179067389308532,0.709855394260129,0,0,1,1,0,0,0,1,0,0,0,0,1,0,0,0,"C",930,6817
-0.107788716002246,0.110961695434526,0.709215206082521,0,0,1,1,0,0,0,1,0,0,0,0,1,0,0,0,"C",1560,6818
-0.113233361236325,0.124076195397612,2.23928508991008,0,0,1,1,0,0,0,1,0,0,0,0,1,0,0,0,"C",1549,6819
-0.0918967645438849,0.0840161310441567,0.817670222473261,0,0,1,1,0,0,0,1,0,0,0,0,1,0,0,0,"C",3423,6820
-0.154482096214297,0.12804424572211,0.939409630557086,0,0,1,1,0,0,0,1,0,0,0,0,1,0,0,0,"C",3464,6821
-0.0636328733800983,0.0627490403688842,-1.4966920171784,0,0,1,1,0,0,0,1,0,0,0,0,1,0,0,0,"C",1646,6822
-0.157969355785161,0.146483817155602,1.30573525514601,0,0,1,1,0,0,0,1,0,0,0,0,1,0,0,0,"C",2823,6823
-0.0751975511890065,0.0810509685604394,0.687567248226949,0,0,1,1,0,0,0,1,0,0,0,0,1,0,0,0,"C",2022,6824
-0.143172485001753,0.16541371959579,1.46033671461094,0,0,1,1,0,0,0,1,0,0,0,0,1,0,0,0,"C",1255,6825
-0.13669265011177,0.140626526000717,1.59252893848763,0,0,1,1,0,0,0,1,0,0,0,0,1,0,0,0,"C",1691,6826
-0.0979017632201592,0.0981720154441579,0.888290376044577,0,0,1,1,0,0,0,1,0,0,0,0,1,0,0,0,"C",3414,6827
-0.130836570286611,0.119126506438139,2.02686526791858,0,0,1,1,0,0,0,1,0,0,0,0,1,0,0,0,"C",1362,6828
-0.157735161445392,0.150242868786832,1.42335908593305,0,0,1,1,0,0,0,1,0,0,0,0,1,0,0,0,"C",2845,6829
-0.129193525126768,0.142137448987613,1.25734443489964,0,0,1,1,0,0,0,1,0,0,0,0,1,0,0,0,"C",2333,6830
-0.108297535686929,0.114553975479572,1.99147917770291,0,0,1,1,0,0,0,1,0,0,0,0,1,0,0,0,"C",2005,6831
-0.0734836051080838,0.0727954771850959,1.10710277470285,0,0,1,1,0,0,0,1,0,0,0,0,1,0,0,0,"C",2937,6832
-0.0790962865451765,0.0814000659757496,0.904266073521967,0,0,1,1,0,0,0,1,0,0,0,0,1,0,0,0,"C",1628,6833
-0.125641805314076,0.107026288739036,1.77097016409981,0,0,1,1,0,0,0,1,0,0,0,0,1,0,0,0,"C",3122,6834
-0.0963820833428393,0.105163461955029,1.08468708515948,0,0,1,1,0,0,0,1,0,0,0,0,1,0,0,0,"C",666,6835
-0.171237900459756,0.166145738438601,1.55775680428102,0,0,1,1,0,0,0,1,0,0,0,0,1,0,0,0,"C",1125,6836
-0.0902667149303567,0.0922416798075201,1.70368556400914,0,0,1,1,0,0,0,1,0,0,0,0,1,0,0,0,"C",33,6837
-0.144793040861529,0.143078103567856,0.8882036125872,0,0,1,1,0,0,0,1,0,0,0,0,1,0,0,0,"C",1671,6838
-0.075965487884424,0.0837040013189598,0.445669972974019,0,0,1,1,0,0,0,1,0,0,0,0,1,0,0,0,"C",2714,6839
-0.156793885208522,0.141451207512238,1.73815417011015,0,0,1,1,0,0,0,1,0,0,0,0,1,0,0,0,"C",946,6840
-0.0771732795417912,0.0906282823065886,1.60658221227383,0,0,1,1,0,0,0,1,0,0,0,0,1,0,0,0,"C",2718,6841
-0.116875553794651,0.116371545289429,0.920682912029172,0,0,1,1,0,0,0,1,0,0,0,0,1,0,0,0,"C",2372,6842
-0.080782810849063,0.0834114823143447,0.433368502785707,0,0,1,1,0,0,0,1,0,0,0,0,1,0,0,0,"C",1117,6843
-0.108333967158433,0.103401753081751,2.6450402491213,0,0,1,1,0,0,0,1,0,0,0,0,1,0,0,0,"C",3186,6844
-0.0714532109469063,0.0643586708499075,-0.014886880208435,0,0,1,1,0,0,0,1,0,0,0,0,1,0,0,0,"C",2648,6845
-0.173097312213365,0.163219834514794,0.660883719448874,0,0,1,1,0,0,0,1,0,0,0,0,1,0,0,0,"C",3379,6846
-0.133285730524899,0.131283275412052,2.14955687893178,0,0,1,1,0,0,0,1,0,0,0,0,1,0,0,0,"C",2742,6847
-0.14988675061499,0.144618096988185,1.0111512420384,0,0,1,1,0,0,0,1,0,0,0,0,1,0,0,0,"C",2336,6848
-0.146277144393046,0.13523285700909,1.32655915880519,0,0,1,1,0,0,0,1,0,0,0,0,1,0,0,0,"C",267,6849
-0.140832177869151,0.13553756238593,1.48345939555052,0,0,1,1,0,0,0,1,0,0,0,0,1,0,0,0,"C",1359,6850
-0.178163625762883,0.172373495137099,0.779504590379423,0,0,1,1,0,0,0,1,0,0,0,0,1,0,0,0,"C",1441,6851
-0.191489572965136,0.171994637434668,1.6683950227677,0,0,1,1,0,0,0,1,0,0,0,0,1,0,0,0,"C",1962,6852
-0.114107939124552,0.124535836911725,0.596221342002983,0,0,1,1,0,0,0,1,0,0,0,0,1,0,0,0,"C",3717,6853
-0.0957549412362917,0.0633359592769541,1.49880587003589,0,0,1,1,0,0,0,1,0,0,0,0,1,0,0,0,"C",347,6854
-0.153309503042543,0.156332321757727,2.49144665518926,0,0,1,1,0,0,0,1,0,0,0,0,1,0,0,0,"C",2090,6855
-0.135036369095445,0.142993435315238,1.46272492598927,0,0,1,1,0,0,0,1,0,0,0,0,1,0,0,0,"C",3406,6856
-0.130170316394966,0.116553309035388,1.49924277011755,0,0,1,1,0,0,0,1,0,0,0,0,1,0,0,0,"C",2061,6857
-0.160565483511798,0.164414866050295,0.610829041734689,0,0,1,1,0,0,0,1,0,0,0,0,1,0,0,0,"C",3699,6858
-0.122367919676108,0.10767911159293,1.9459652097043,0,0,1,1,0,0,0,1,0,0,0,0,1,0,0,0,"C",1385,6859
-0.118263424407765,0.115198447575862,0.319771840292013,0,0,1,1,0,0,0,1,0,0,0,0,1,0,0,0,"C",729,6860
-0.130803281901957,0.123757880362438,0.849259330410096,0,0,1,1,0,0,0,1,0,0,0,0,1,0,0,0,"C",712,6861
-0.152455844758769,0.143398815858463,1.11857475723764,0,0,1,1,0,0,0,1,0,0,0,0,1,0,0,0,"C",656,6862
-0.141883856427593,0.139593079717099,2.25232355169588,0,0,1,1,0,0,0,1,0,0,0,0,1,0,0,0,"C",1397,6863
-0.163811835113017,0.153349957929514,0.836169874495618,0,0,1,1,0,0,0,1,0,0,0,0,1,0,0,0,"C",2074,6864
-0.129728557140546,0.110405170771699,1.75224322295098,0,0,1,1,0,0,0,1,0,0,0,0,1,0,0,0,"C",857,6865
-0.0961589510503006,0.0725262510823524,0.490918486010233,0,0,1,1,0,0,0,1,0,0,0,0,1,0,0,0,"C",2257,6866
-0.0747326927254054,0.071827648496218,-0.488695268132656,0,0,1,1,0,0,0,1,0,0,0,0,1,0,0,0,"C",1072,6867
-0.135590920819188,0.12333596094208,1.51335862776169,0,0,1,1,0,0,0,1,0,0,0,0,1,0,0,0,"C",1687,6868
-0.0636964181849023,0.047948886840149,0.880223032707975,0,0,1,1,0,0,0,1,0,0,0,0,1,0,0,0,"C",2575,6869
-0.112744354202438,0.113142763059816,1.96440805040519,0,0,1,1,0,0,0,1,0,0,0,0,1,0,0,0,"C",3006,6870
-0.15832873207107,0.146549202173087,2.22769306351432,0,0,1,1,0,0,0,1,0,0,0,0,1,0,0,0,"C",3732,6871
-0.117703922628726,0.103104800840923,0.702211110494772,0,0,1,1,0,0,0,1,0,0,0,0,1,0,0,0,"C",482,6872
-0.151425188040662,0.145875440120349,1.88461994083439,0,0,1,1,0,0,0,1,0,0,0,0,1,0,0,0,"C",1341,6873
-0.108944623880694,0.118905099405658,-1.43146907404232,0,0,1,1,0,0,0,1,0,0,0,0,1,0,0,0,"C",3204,6874
-0.156551330323309,0.149698733751919,1.05276509116032,0,0,1,1,0,0,0,1,0,0,0,0,1,0,0,0,"C",1763,6875
-0.0880305736700698,0.0861426929839892,0.706007523483379,0,0,1,1,0,0,0,1,0,0,0,0,1,0,0,0,"C",2318,6876
-0.113064539424869,0.0854913840009795,1.81101351260962,0,0,1,1,0,0,0,1,0,0,0,0,1,0,0,0,"C",1059,6877
-0.120651254068739,0.10349909145652,2.33543540330056,0,0,1,1,0,0,0,1,0,0,0,0,1,0,0,0,"C",1290,6878
-0.13094000879736,0.146044471187548,1.51112102243589,0,0,1,1,0,0,0,1,0,0,0,0,1,0,0,0,"C",3146,6879
-0.143599098728673,0.153635659548502,2.65247281349495,0,0,1,1,0,0,0,1,0,0,0,0,1,0,0,0,"C",1594,6880
-0.147372184855526,0.144046240914812,1.25723449841647,0,0,1,1,0,0,0,1,0,0,0,0,1,0,0,0,"C",2727,6881
-0.156064135100884,0.154320185724041,1.42131262174863,0,0,1,1,0,0,0,1,0,0,0,0,1,0,0,0,"C",2960,6882
-0.0785603744202536,0.0740304459937246,2.5957721687063,0,0,1,1,0,0,0,1,0,0,0,0,1,0,0,0,"C",3738,6883
-0.204664938940718,0.200942431009746,1.55434345486389,0,0,1,1,0,0,0,1,0,0,0,0,1,0,0,0,"C",1567,6884
-0.123196587916103,0.121908618898075,1.44663341558913,0,0,1,1,0,0,0,1,0,0,0,0,1,0,0,0,"C",1930,6885
-0.0749354767316314,0.0852433860272222,0.427077974660081,0,0,1,1,0,0,0,1,0,0,0,0,1,0,0,0,"C",3714,6886
-0.134020269415542,0.139604594209068,0.871497334186738,0,0,1,1,0,0,0,1,0,0,0,0,1,0,0,0,"C",435,6887
-0.127537630013208,0.121379725939566,1.97182592334462,0,0,1,1,0,0,0,1,0,0,0,0,1,0,0,0,"C",1461,6888
-0.0758572023791146,0.0648891876427717,1.99937888085013,0,0,1,1,0,0,0,1,0,0,0,0,1,0,0,0,"C",2661,6889
-0.0986035697010655,0.105930044844695,0.752984366606649,0,0,1,1,0,0,0,1,0,0,0,0,1,0,0,0,"C",1967,6890
-0.132687206809616,0.122853777393366,0.426152247779153,0,0,1,1,0,0,0,1,0,0,0,0,1,0,0,0,"C",2087,6891
-0.0593578973445071,0.0585893395562983,0.52012782963679,0,0,1,1,0,0,0,1,0,0,0,0,1,0,0,0,"C",2137,6892
-0.0954986819995448,0.110796349194971,1.9347133579536,0,0,1,1,0,0,0,1,0,0,0,0,1,0,0,0,"C",2578,6893
-0.165480740581488,0.164438124757679,0.855074324330799,0,0,1,1,0,0,0,1,0,0,0,0,1,0,0,0,"C",899,6894
-0.181567441302924,0.1741746282856,1.9142170808247,0,0,1,1,0,0,0,1,0,0,0,0,1,0,0,0,"C",3030,6895
-0.147263973381429,0.166036763012692,2.5754757018365,0,0,1,1,0,0,0,1,0,0,0,0,1,0,0,0,"C",2602,6896
-0.0845469828222881,0.0669614983502006,0.780289058102457,0,0,1,1,0,0,0,1,0,0,0,0,1,0,0,0,"C",394,6897
-0.0734324286144356,0.0819423744604609,0.966363899676923,0,0,1,1,0,0,0,1,0,0,0,0,1,0,0,0,"C",3326,6898
-0.117850741210078,0.127196908024248,1.7042296449961,0,0,1,1,0,0,0,1,0,0,0,0,1,0,0,0,"C",2240,6899
-0.0833177752644195,0.128426512558105,0.450193380783191,0,0,1,1,0,0,0,1,0,0,0,0,1,0,0,0,"D",491,6900
-0.0401424564956045,0.16409574616265,-0.0817308744227913,0,0,1,1,0,0,0,1,0,0,0,0,1,0,0,0,"D",3721,6901
-0.225108092331699,0.267910066256095,-2.07484003478882,0,0,1,1,0,0,0,1,0,0,0,0,1,0,0,0,"D",3402,6902
-0.0572631498076085,0.164605581876529,1.4932165280354,0,0,1,1,0,0,0,1,0,0,0,0,1,0,0,0,"D",368,6903
-0.0686082684393986,0.158989805497321,-1.22129549941734,0,0,1,1,0,0,0,1,0,0,0,0,1,0,0,0,"D",1484,6904
-0.0405026251341356,0.108674071079347,-1.40148187191144,0,0,1,1,0,0,0,1,0,0,0,0,1,0,0,0,"D",2487,6905
-0.131083214615544,0.193104088093587,1.58973329904281,0,0,1,1,0,0,0,1,0,0,0,0,1,0,0,0,"D",1608,6906
0.0219590857531857,0.0641231849997517,1.88826102020843,0,0,1,1,0,0,0,1,0,0,0,0,1,0,0,0,"D",1462,6907
-0.085017152356263,0.139471990494905,1.77188346469097,0,0,1,1,0,0,0,1,0,0,0,0,1,0,0,0,"D",3495,6908
-0.115087314664998,0.189737423401009,2.55946215437644,0,0,1,1,0,0,0,1,0,0,0,0,1,0,0,0,"D",3583,6909
-0.177609287690875,0.265567307068768,-2.00969184111054,0,0,1,1,0,0,0,1,0,0,0,0,1,0,0,0,"D",1747,6910
-0.0839065738414659,0.131485394072758,-0.598821544562473,0,0,1,1,0,0,0,1,0,0,0,0,1,0,0,0,"D",344,6911
-0.0576866989905849,0.135605313141117,1.16301215265203,0,0,1,1,0,0,0,1,0,0,0,0,1,0,0,0,"D",3343,6912
-0.00332826873827424,0.0946826812834187,1.10679466191942,0,0,1,1,0,0,0,1,0,0,0,0,1,0,0,0,"D",2191,6913
-0.11894513302396,0.169909791833018,-1.67078093008897,0,0,1,1,0,0,0,1,0,0,0,0,1,0,0,0,"D",2986,6914
-0.163622849594815,0.19671549326193,0.338742307496781,0,0,1,1,0,0,0,1,0,0,0,0,1,0,0,0,"D",3527,6915
-0.0795421532736132,0.156662881384964,2.73041848489446,0,0,1,1,0,0,0,1,0,0,0,0,1,0,0,0,"D",3748,6916
-0.190494897946376,0.245172926161885,-2.52566638203932,0,0,1,1,0,0,0,1,0,0,0,0,1,0,0,0,"D",930,6917
-0.0109222313023816,0.0783360896582853,1.15797272100814,0,0,1,1,0,0,0,1,0,0,0,0,1,0,0,0,"D",1560,6918
-0.0346773614235635,0.0887217276436826,0.413124714159658,0,0,1,1,0,0,0,1,0,0,0,0,1,0,0,0,"D",1549,6919
-0.0939012021832138,0.191886152060496,0.957599462918099,0,0,1,1,0,0,0,1,0,0,0,0,1,0,0,0,"D",3423,6920
0.0342870082831621,0.0523681293941974,1.41082147625534,0,0,1,1,0,0,0,1,0,0,0,0,1,0,0,0,"D",3464,6921
-0.0434749231278912,0.0652060790040704,2.27597703364555,0,0,1,1,0,0,0,1,0,0,0,0,1,0,0,0,"D",1646,6922
-0.186944557606835,0.253638866159114,-1.07068461550015,0,0,1,1,0,0,0,1,0,0,0,0,1,0,0,0,"D",2823,6923
-0.161281875872841,0.196965198856062,1.47173505092867,0,0,1,1,0,0,0,1,0,0,0,0,1,0,0,0,"D",2022,6924
-0.0485675853572586,0.143653276885678,1.46020518437046,0,0,1,1,0,0,0,1,0,0,0,0,1,0,0,0,"D",1255,6925
-0.0443909463703842,0.167808509982498,1.12751667641011,0,0,1,1,0,0,0,1,0,0,0,0,1,0,0,0,"D",1691,6926
-0.0961379778638587,0.173487166140617,1.87431139557653,0,0,1,1,0,0,0,1,0,0,0,0,1,0,0,0,"D",3414,6927
-0.157572939367761,0.220868793692313,-2.02846582946465,0,0,1,1,0,0,0,1,0,0,0,0,1,0,0,0,"D",1362,6928
-0.0388111846924667,0.0950587056136713,0.619271682649186,0,0,1,1,0,0,0,1,0,0,0,0,1,0,0,0,"D",2845,6929
0.0398311308142743,0.0967010930493368,-1.58863233880036,0,0,1,1,0,0,0,1,0,0,0,0,1,0,0,0,"D",2333,6930
-0.0750715980712334,0.104943256859109,1.32059789911565,0,0,1,1,0,0,0,1,0,0,0,0,1,0,0,0,"D",2005,6931
-0.126319535178144,0.229565354279456,2.18070651758166,0,0,1,1,0,0,0,1,0,0,0,0,1,0,0,0,"D",2937,6932
-0.168547371994153,0.219629598254397,-0.463201258248935,0,0,1,1,0,0,0,1,0,0,0,0,1,0,0,0,"D",1628,6933
-0.0844011264601361,0.112730165145277,2.04973472309098,0,0,1,1,0,0,0,1,0,0,0,0,1,0,0,0,"D",3122,6934
-0.0665255087476531,0.15401712513881,1.09546791305317,0,0,1,1,0,0,0,1,0,0,0,0,1,0,0,0,"D",666,6935
-0.0275300937970287,0.0946846999122306,-0.608844174688104,0,0,1,1,0,0,0,1,0,0,0,0,1,0,0,0,"D",1125,6936
-0.0865920826476999,0.190488279955331,-0.879422222651172,0,0,1,1,0,0,0,1,0,0,0,0,1,0,0,0,"D",33,6937
-0.181509686862696,0.241718912106206,-2.09470175150016,0,0,1,1,0,0,0,1,0,0,0,0,1,0,0,0,"D",1671,6938
-0.0432597479847237,0.123989271752004,2.65383438967869,0,0,1,1,0,0,0,1,0,0,0,0,1,0,0,0,"D",2714,6939
-0.108471430004086,0.176281412188948,1.01002558366754,0,0,1,1,0,0,0,1,0,0,0,0,1,0,0,0,"D",946,6940
-0.0313315817122364,0.0953773737845232,-1.30227550815784,0,0,1,1,0,0,0,1,0,0,0,0,1,0,0,0,"D",2718,6941
-0.148902571038657,0.207192511354262,1.68321411461974,0,0,1,1,0,0,0,1,0,0,0,0,1,0,0,0,"D",2372,6942
0.0365608280286355,0.0828285116518735,1.66453341502762,0,0,1,1,0,0,0,1,0,0,0,0,1,0,0,0,"D",1117,6943
-0.219596221669623,0.21338062807757,1.77022866773105,0,0,1,1,0,0,0,1,0,0,0,0,1,0,0,0,"D",3186,6944
-0.0904234866425508,0.10854587012426,-2.3211328518275,0,0,1,1,0,0,0,1,0,0,0,0,1,0,0,0,"D",2648,6945
-0.0780740463498987,0.192934667542681,1.66822731468679,0,0,1,1,0,0,0,1,0,0,0,0,1,0,0,0,"D",3379,6946
-0.0432165517180882,0.115112607033109,-2.41817854586111,0,0,1,1,0,0,0,1,0,0,0,0,1,0,0,0,"D",2742,6947
0.00832042779546252,0.0437967439976591,1.50117211432567,0,0,1,1,0,0,0,1,0,0,0,0,1,0,0,0,"D",2336,6948
-0.160732637700959,0.219469036370578,-1.82776961105048,0,0,1,1,0,0,0,1,0,0,0,0,1,0,0,0,"D",267,6949
-0.140338184581112,0.204407108772272,0.330460068911344,0,0,1,1,0,0,0,1,0,0,0,0,1,0,0,0,"D",1359,6950
-0.0381592000815346,0.108036616508313,1.2042925690347,0,0,1,1,0,0,0,1,0,0,0,0,1,0,0,0,"D",1441,6951
-0.12032121666873,0.193938176150973,1.79374364895743,0,0,1,1,0,0,0,1,0,0,0,0,1,0,0,0,"D",1962,6952
-0.0310572120174426,0.0962213238440481,-0.68358390249443,0,0,1,1,0,0,0,1,0,0,0,0,1,0,0,0,"D",3717,6953
-0.12167980809436,0.145475893362118,1.66956505105267,0,0,1,1,0,0,0,1,0,0,0,0,1,0,0,0,"D",347,6954
-0.0894509770082988,0.179879652810326,1.45143476296389,0,0,1,1,0,0,0,1,0,0,0,0,1,0,0,0,"D",2090,6955
-0.051401281633561,0.0948346932059976,0.713675305255172,0,0,1,1,0,0,0,1,0,0,0,0,1,0,0,0,"D",3406,6956
0.0408829579320791,0.0584040842369626,-0.874444126174428,0,0,1,1,0,0,0,1,0,0,0,0,1,0,0,0,"D",2061,6957
-0.176962885193652,0.259945762810594,-2.04184639782264,0,0,1,1,0,0,0,1,0,0,0,0,1,0,0,0,"D",3699,6958
-0.119444267710387,0.159932207353033,-2.24923344063707,0,0,1,1,0,0,0,1,0,0,0,0,1,0,0,0,"D",1385,6959
-0.0977309599382809,0.161405696810224,-2.0801667285079,0,0,1,1,0,0,0,1,0,0,0,0,1,0,0,0,"D",729,6960
-0.119960446926771,0.175413929416368,1.35918163628489,0,0,1,1,0,0,0,1,0,0,0,0,1,0,0,0,"D",712,6961
-0.0346570363733839,0.101721260470106,2.32276685379094,0,0,1,1,0,0,0,1,0,0,0,0,1,0,0,0,"D",656,6962
-0.164436653657377,0.223533786659007,0.988748113984156,0,0,1,1,0,0,0,1,0,0,0,0,1,0,0,0,"D",1397,6963
-0.145477319158832,0.19192500735145,-2.2900742349454,0,0,1,1,0,0,0,1,0,0,0,0,1,0,0,0,"D",2074,6964
-0.0507060576013001,0.169792276006065,0.0972592824943309,0,0,1,1,0,0,0,1,0,0,0,0,1,0,0,0,"D",857,6965
-0.0785993408287783,0.154932876326102,-1.68957690082932,0,0,1,1,0,0,0,1,0,0,0,0,1,0,0,0,"D",2257,6966
-0.142446476019068,0.219795543502832,-0.763195183406074,0,0,1,1,0,0,0,1,0,0,0,0,1,0,0,0,"D",1072,6967
-0.153351032637349,0.183924180874418,-0.86756476566051,0,0,1,1,0,0,0,1,0,0,0,0,1,0,0,0,"D",1687,6968
-0.0449284544893409,0.121896836204393,0.576501732025382,0,0,1,1,0,0,0,1,0,0,0,0,1,0,0,0,"D",2575,6969
-0.138388796512454,0.237539716301148,-1.94629172801288,0,0,1,1,0,0,0,1,0,0,0,0,1,0,0,0,"D",3006,6970
-0.10333969153423,0.156435192749639,-2.79105389022899,0,0,1,1,0,0,0,1,0,0,0,0,1,0,0,0,"D",3732,6971
-0.117504955339593,0.212799671252691,0.887951816091796,0,0,1,1,0,0,0,1,0,0,0,0,1,0,0,0,"D",482,6972
-0.0881490981501185,0.136763251755023,-2.88244129920114,0,0,1,1,0,0,0,1,0,0,0,0,1,0,0,0,"D",1341,6973
-0.160471028398925,0.187890754214726,1.51753254204329,0,0,1,1,0,0,0,1,0,0,0,0,1,0,0,0,"D",3204,6974
-0.0959407312145027,0.101196814547567,0.590953667190538,0,0,1,1,0,0,0,1,0,0,0,0,1,0,0,0,"D",1763,6975
-0.161635953082039,0.22033384904815,-1.05751934854398,0,0,1,1,0,0,0,1,0,0,0,0,1,0,0,0,"D",2318,6976
-0.238345629849511,0.307034525432569,-1.64303504417669,0,0,1,1,0,0,0,1,0,0,0,0,1,0,0,0,"D",1059,6977
-0.0857086608304958,0.130154381402107,0.672494045003765,0,0,1,1,0,0,0,1,0,0,0,0,1,0,0,0,"D",1290,6978
-0.00879529588012197,0.128206411611717,1.9088628633178,0,0,1,1,0,0,0,1,0,0,0,0,1,0,0,0,"D",3146,6979
-0.0726327022890244,0.114488664048259,0.643653802876227,0,0,1,1,0,0,0,1,0,0,0,0,1,0,0,0,"D",1594,6980
-0.0361595286185274,0.121510551204431,-2.40997765050109,0,0,1,1,0,0,0,1,0,0,0,0,1,0,0,0,"D",2727,6981
-0.0917834801958218,0.196489548915473,1.0583652251319,0,0,1,1,0,0,0,1,0,0,0,0,1,0,0,0,"D",2960,6982
-0.140952621394669,0.181513676897971,1.55062725374707,0,0,1,1,0,0,0,1,0,0,0,0,1,0,0,0,"D",3738,6983
-0.118782025497432,0.23072316151663,-2.12366297263909,0,0,1,1,0,0,0,1,0,0,0,0,1,0,0,0,"D",1567,6984
0.00076419021926684,0.0859664271778592,1.83248295025906,0,0,1,1,0,0,0,1,0,0,0,0,1,0,0,0,"D",1930,6985
-0.0723535645240691,0.155089966401738,0.0943027213041732,0,0,1,1,0,0,0,1,0,0,0,0,1,0,0,0,"D",3714,6986
-0.164353601880319,0.191457240869498,1.00576894251061,0,0,1,1,0,0,0,1,0,0,0,0,1,0,0,0,"D",435,6987
-0.192167664893646,0.254440984361448,-1.16372759574575,0,0,1,1,0,0,0,1,0,0,0,0,1,0,0,0,"D",1461,6988
-0.192224877158495,0.282879530389622,-1.98099512282766,0,0,1,1,0,0,0,1,0,0,0,0,1,0,0,0,"D",2661,6989
-0.0582429513612572,0.125519665432555,-0.0276816617009642,0,0,1,1,0,0,0,1,0,0,0,0,1,0,0,0,"D",1967,6990
-0.0773425002272822,0.0956243375476917,0.513385726160401,0,0,1,1,0,0,0,1,0,0,0,0,1,0,0,0,"D",2087,6991
-0.138433395284102,0.182732620983141,1.27249731854142,0,0,1,1,0,0,0,1,0,0,0,0,1,0,0,0,"D",2137,6992
-0.137875735306407,0.210828639113522,-1.52328772601916,0,0,1,1,0,0,0,1,0,0,0,0,1,0,0,0,"D",2578,6993
-0.00612727933195292,0.0631572445604499,0.302247840771393,0,0,1,1,0,0,0,1,0,0,0,0,1,0,0,0,"D",899,6994
-0.0740071728534117,0.128569012131653,-0.675484472019742,0,0,1,1,0,0,0,1,0,0,0,0,1,0,0,0,"D",3030,6995
-0.0647059750436072,0.0953353339635958,1.72780343204713,0,0,1,1,0,0,0,1,0,0,0,0,1,0,0,0,"D",2602,6996
-0.0887632975624284,0.151969027347878,0.915719176442829,0,0,1,1,0,0,0,1,0,0,0,0,1,0,0,0,"D",394,6997
-0.0565429221540353,0.129068644186262,1.26131639108978,0,0,1,1,0,0,0,1,0,0,0,0,1,0,0,0,"D",3326,6998
-0.123390404263132,0.188706907634992,2.29061973306691,0,0,1,1,0,0,0,1,0,0,0,0,1,0,0,0,"D",2240,6999
-0.0902921566955544,0.0759866222338619,-0.690958201476382,0,0,1,1,0,0,0,1,0,0,0,0,0,0,0,1,"C",491,7000
-0.061707403632612,0.0728903644324496,0.806823456480506,0,0,1,1,0,0,0,1,0,0,0,0,0,0,0,1,"C",3721,7001
-0.064953175779071,0.0586472430780759,0.620396673902695,0,0,1,1,0,0,0,1,0,0,0,0,0,0,0,1,"C",3402,7002
-0.0656707151589477,0.0656872759531091,-0.711731604722682,0,0,1,1,0,0,0,1,0,0,0,0,0,0,0,1,"C",368,7003
-0.0665442190717997,0.0638325153492404,0.0956333406090206,0,0,1,1,0,0,0,1,0,0,0,0,0,0,0,1,"C",1484,7004
-0.0833997228834935,0.0796738639568702,0.376642242752197,0,0,1,1,0,0,0,1,0,0,0,0,0,0,0,1,"C",2487,7005
-0.0712886009340853,0.0799360297908797,0.434782072441507,0,0,1,1,0,0,0,1,0,0,0,0,0,0,0,1,"C",1608,7006
-0.0704841725760194,0.070572399767812,0.179152875846123,0,0,1,1,0,0,0,1,0,0,0,0,0,0,0,1,"C",1462,7007
-0.0473158990359545,0.0563487518404266,0.389524542537907,0,0,1,1,0,0,0,1,0,0,0,0,0,0,0,1,"C",3495,7008
-0.0255503658604058,0.0375310254433198,-0.103117596188322,0,0,1,1,0,0,0,1,0,0,0,0,0,0,0,1,"C",3583,7009
-0.0762943759716106,0.0702615200197496,1.02672265262899,0,0,1,1,0,0,0,1,0,0,0,0,0,0,0,1,"C",1747,7010
-0.0782914799592187,0.0696434782842027,-0.349578735296441,0,0,1,1,0,0,0,1,0,0,0,0,0,0,0,1,"C",344,7011
-0.0538619469101905,0.0414471877676225,0.51722448220578,0,0,1,1,0,0,0,1,0,0,0,0,0,0,0,1,"C",3343,7012
-0.0613687006561467,0.0721937231570966,-0.490195211626875,0,0,1,1,0,0,0,1,0,0,0,0,0,0,0,1,"C",2191,7013
-0.0679503402208123,0.0604277865041738,-0.21106133869689,0,0,1,1,0,0,0,1,0,0,0,0,0,0,0,1,"C",2986,7014
-0.0873440717112218,0.0914797779362817,-0.834179248479117,0,0,1,1,0,0,0,1,0,0,0,0,0,0,0,1,"C",3527,7015
-0.0583207872926797,0.052643905114848,0.983780267087737,0,0,1,1,0,0,0,1,0,0,0,0,0,0,0,1,"C",3748,7016
-0.0156188138533722,0.0105777968544109,1.15041662072366,0,0,1,1,0,0,0,1,0,0,0,0,0,0,0,1,"C",930,7017
-0.0909429239519905,0.0933318902779952,-0.221483105125883,0,0,1,1,0,0,0,1,0,0,0,0,0,0,0,1,"C",1560,7018
-0.0187337963420493,0.0171940521824026,1.1493964965454,0,0,1,1,0,0,0,1,0,0,0,0,0,0,0,1,"C",1549,7019
-0.0721555834873961,0.0690330448018252,1.25590415446289,0,0,1,1,0,0,0,1,0,0,0,0,0,0,0,1,"C",3423,7020
-0.065589256653082,0.0619966990194388,0.124984017916837,0,0,1,1,0,0,0,1,0,0,0,0,0,0,0,1,"C",3464,7021
-0.0480138298115777,0.0525855940542152,0.137800047159411,0,0,1,1,0,0,0,1,0,0,0,0,0,0,0,1,"C",1646,7022
-0.0446439188184628,0.0535076579375037,0.853076813079883,0,0,1,1,0,0,0,1,0,0,0,0,0,0,0,1,"C",2823,7023
-0.0529289374527398,0.0599421946966738,1.48996723292161,0,0,1,1,0,0,0,1,0,0,0,0,0,0,0,1,"C",2022,7024
-0.057965397049434,0.0474995124598839,1.22406310186691,0,0,1,1,0,0,0,1,0,0,0,0,0,0,0,1,"C",1255,7025
-0.0716943775620396,0.0913682521202464,0.741313612104601,0,0,1,1,0,0,0,1,0,0,0,0,0,0,0,1,"C",1691,7026
-0.0432952881895634,0.0617754701799006,2.06565948498461,0,0,1,1,0,0,0,1,0,0,0,0,0,0,0,1,"C",3414,7027
-0.0614594803747209,0.0622774700415629,1.1872533187791,0,0,1,1,0,0,0,1,0,0,0,0,0,0,0,1,"C",1362,7028
-0.0311559411810179,0.0213274170991968,0.910257864688968,0,0,1,1,0,0,0,1,0,0,0,0,0,0,0,1,"C",2845,7029
-0.0669902050706075,0.0666130736299821,0.675863366479832,0,0,1,1,0,0,0,1,0,0,0,0,0,0,0,1,"C",2333,7030
-0.0435350272670227,0.0537912439735014,-0.210601977026163,0,0,1,1,0,0,0,1,0,0,0,0,0,0,0,1,"C",2005,7031
-0.038405140131177,0.0338824658211392,-0.491189225171132,0,0,1,1,0,0,0,1,0,0,0,0,0,0,0,1,"C",2937,7032
-0.0534855953540008,0.0688873448357763,-0.251512546522792,0,0,1,1,0,0,0,1,0,0,0,0,0,0,0,1,"C",1628,7033
-0.0377580634504555,0.0455753327043022,-0.0755915809087745,0,0,1,1,0,0,0,1,0,0,0,0,0,0,0,1,"C",3122,7034
-0.0810545229272451,0.0633362442342689,0.650324730854217,0,0,1,1,0,0,0,1,0,0,0,0,0,0,0,1,"C",666,7035
-0.0877666453951004,0.0758732558238754,-1.96018924966855,0,0,1,1,0,0,0,1,0,0,0,0,0,0,0,1,"C",1125,7036
-0.0393804691184842,0.031762420187495,-0.0327498686474122,0,0,1,1,0,0,0,1,0,0,0,0,0,0,0,1,"C",33,7037
-0.114269191845214,0.0982082186140637,-0.249959612835065,0,0,1,1,0,0,0,1,0,0,0,0,0,0,0,1,"C",1671,7038
-0.0468055194720818,0.0541988225161141,0.396744867198053,0,0,1,1,0,0,0,1,0,0,0,0,0,0,0,1,"C",2714,7039
-0.0598382769594669,0.0368463802399754,-0.172611662710833,0,0,1,1,0,0,0,1,0,0,0,0,0,0,0,1,"C",946,7040
0.00305946373611839,0.0143509681676981,1.70942638396,0,0,1,1,0,0,0,1,0,0,0,0,0,0,0,1,"C",2718,7041
-0.0470283989499069,0.0349593719825531,1.11313279626073,0,0,1,1,0,0,0,1,0,0,0,0,0,0,0,1,"C",2372,7042
-0.0458201775744112,0.0619534244943274,0.862374221994391,0,0,1,1,0,0,0,1,0,0,0,0,0,0,0,1,"C",1117,7043
-0.0778712927144384,0.0861786626931869,-0.825673861949286,0,0,1,1,0,0,0,1,0,0,0,0,0,0,0,1,"C",3186,7044
-0.0661671119499768,0.0673754626247538,0.30018059503506,0,0,1,1,0,0,0,1,0,0,0,0,0,0,0,1,"C",2648,7045
-0.0469086634267938,0.0516861461012223,1.31040684200021,0,0,1,1,0,0,0,1,0,0,0,0,0,0,0,1,"C",3379,7046
-0.0723782092825913,0.0708807154153266,0.170603800848752,0,0,1,1,0,0,0,1,0,0,0,0,0,0,0,1,"C",2742,7047
-0.0455194705326219,0.0419165527614311,1.22080700697243,0,0,1,1,0,0,0,1,0,0,0,0,0,0,0,1,"C",2336,7048
-0.0719350525487632,0.0553001590224127,-1.69957220146934,0,0,1,1,0,0,0,1,0,0,0,0,0,0,0,1,"C",267,7049
-0.0368007402753697,0.0574369079895545,0.162497489289078,0,0,1,1,0,0,0,1,0,0,0,0,0,0,0,1,"C",1359,7050
-0.0542559747983666,0.0624090267580965,1.48454130095803,0,0,1,1,0,0,0,1,0,0,0,0,0,0,0,1,"C",1441,7051
-0.0427062341426939,0.0353543867966614,0.796114902117652,0,0,1,1,0,0,0,1,0,0,0,0,0,0,0,1,"C",1962,7052
-0.0717100186822176,0.0702590707570222,0.707523414312357,0,0,1,1,0,0,0,1,0,0,0,0,0,0,0,1,"C",3717,7053
-0.0250477096131188,0.0247322347430796,0.883272029196057,0,0,1,1,0,0,0,1,0,0,0,0,0,0,0,1,"C",347,7054
-0.0504557819940122,0.0488107942705233,1.08181198623419,0,0,1,1,0,0,0,1,0,0,0,0,0,0,0,1,"C",2090,7055
-0.0662700604982951,0.0783339191784312,0.785730610406423,0,0,1,1,0,0,0,1,0,0,0,0,0,0,0,1,"C",3406,7056
-0.062211757711117,0.0677564307930882,-1.045253450135,0,0,1,1,0,0,0,1,0,0,0,0,0,0,0,1,"C",2061,7057
-0.055899816972592,0.0702301969789289,0.981622837469675,0,0,1,1,0,0,0,1,0,0,0,0,0,0,0,1,"C",3699,7058
-0.0559314504445842,0.0519424150260317,-0.0494561668499634,0,0,1,1,0,0,0,1,0,0,0,0,0,0,0,1,"C",1385,7059
-0.0510710099214894,0.0404643007759727,-0.113853837479854,0,0,1,1,0,0,0,1,0,0,0,0,0,0,0,1,"C",729,7060
-0.0335695212120421,0.0310815482365744,-0.0524525971272813,0,0,1,1,0,0,0,1,0,0,0,0,0,0,0,1,"C",712,7061
-0.0782970975400245,0.0899054446916375,-0.77329549660744,0,0,1,1,0,0,0,1,0,0,0,0,0,0,0,1,"C",656,7062
-0.058166851345653,0.0572915643964696,0.426219618842641,0,0,1,1,0,0,0,1,0,0,0,0,0,0,0,1,"C",1397,7063
-0.0823219746515124,0.0627422179535354,-0.283744439741352,0,0,1,1,0,0,0,1,0,0,0,0,0,0,0,1,"C",2074,7064
-0.0616897908779135,0.0602697370013347,0.625505104301945,0,0,1,1,0,0,0,1,0,0,0,0,0,0,0,1,"C",857,7065
-0.0834272708845024,0.0589324879992356,0.511884209853157,0,0,1,1,0,0,0,1,0,0,0,0,0,0,0,1,"C",2257,7066
-0.0384719698199312,0.0515114091375637,1.15707252018652,0,0,1,1,0,0,0,1,0,0,0,0,0,0,0,1,"C",1072,7067
-0.0429599104382645,0.0584801183461266,0.455291021140321,0,0,1,1,0,0,0,1,0,0,0,0,0,0,0,1,"C",1687,7068
-0.0697078595550292,0.0847670320837,-0.579575597906217,0,0,1,1,0,0,0,1,0,0,0,0,0,0,0,1,"C",2575,7069
-0.0330688230216486,0.0525897138031671,1.45516187357413,0,0,1,1,0,0,0,1,0,0,0,0,0,0,0,1,"C",3006,7070
-0.0396855362890741,0.0495290788243925,0.34964811534753,0,0,1,1,0,0,0,1,0,0,0,0,0,0,0,1,"C",3732,7071
-0.10661738153823,0.105786774640072,-0.701664751330894,0,0,1,1,0,0,0,1,0,0,0,0,0,0,0,1,"C",482,7072
-0.0269329229123671,0.0209375088376855,1.42626250650138,0,0,1,1,0,0,0,1,0,0,0,0,0,0,0,1,"C",1341,7073
-0.0526711126386473,0.0483378221941493,1.08458703662477,0,0,1,1,0,0,0,1,0,0,0,0,0,0,0,1,"C",3204,7074
-0.0597556753477989,0.058697904241396,-0.0968237140136055,0,0,1,1,0,0,0,1,0,0,0,0,0,0,0,1,"C",1763,7075
-0.0545322619661272,0.0617409007565772,1.21505427991349,0,0,1,1,0,0,0,1,0,0,0,0,0,0,0,1,"C",2318,7076
-0.0888496678393805,0.070801747295331,0.0086493611785627,0,0,1,1,0,0,0,1,0,0,0,0,0,0,0,1,"C",1059,7077
-0.0606414193303127,0.0603996708741179,0.267014887064346,0,0,1,1,0,0,0,1,0,0,0,0,0,0,0,1,"C",1290,7078
-0.0455651545097687,0.040339884657458,0.617656577850623,0,0,1,1,0,0,0,1,0,0,0,0,0,0,0,1,"C",3146,7079
-0.0467086555693579,0.0687380090981787,0.22407712701156,0,0,1,1,0,0,0,1,0,0,0,0,0,0,0,1,"C",1594,7080
-0.0758714933996179,0.0539364909805497,0.808660416430339,0,0,1,1,0,0,0,1,0,0,0,0,0,0,0,1,"C",2727,7081
-0.0644367047830291,0.0722509197733401,-0.193181722514944,0,0,1,1,0,0,0,1,0,0,0,0,0,0,0,1,"C",2960,7082
-0.0286040640316176,0.00916708777591935,0.345731817642294,0,0,1,1,0,0,0,1,0,0,0,0,0,0,0,1,"C",3738,7083
-0.0376082462936016,0.053162485946444,0.989616596321073,0,0,1,1,0,0,0,1,0,0,0,0,0,0,0,1,"C",1567,7084
-0.0222471400928565,0.0438740857430774,0.210898555513136,0,0,1,1,0,0,0,1,0,0,0,0,0,0,0,1,"C",1930,7085
-0.0231508012834535,0.037399222863887,1.6723072551358,0,0,1,1,0,0,0,1,0,0,0,0,0,0,0,1,"C",3714,7086
-0.0945007181649595,0.104005241909696,-1.6344572837622,0,0,1,1,0,0,0,1,0,0,0,0,0,0,0,1,"C",435,7087
-0.0671890736338998,0.0650397849728351,-0.982030114320118,0,0,1,1,0,0,0,1,0,0,0,0,0,0,0,1,"C",1461,7088
-0.0293624752316175,0.0351723578046641,0.0406819273678098,0,0,1,1,0,0,0,1,0,0,0,0,0,0,0,1,"C",2661,7089
-0.0779612162991199,0.0565775650566089,-0.270788750173552,0,0,1,1,0,0,0,1,0,0,0,0,0,0,0,1,"C",1967,7090
-0.0831076506566816,0.079850039774236,0.581413583236208,0,0,1,1,0,0,0,1,0,0,0,0,0,0,0,1,"C",2087,7091
-0.0325852114272823,0.0370492854792398,1.32432146832915,0,0,1,1,0,0,0,1,0,0,0,0,0,0,0,1,"C",2137,7092
-0.0142905480124658,0.0348679909303158,0.373037149892701,0,0,1,1,0,0,0,1,0,0,0,0,0,0,0,1,"C",2578,7093
-0.0873920281369619,0.060401766533127,0.507562353705469,0,0,1,1,0,0,0,1,0,0,0,0,0,0,0,1,"C",899,7094
-0.0606798574052431,0.0713536822940253,-0.0919662422099633,0,0,1,1,0,0,0,1,0,0,0,0,0,0,0,1,"C",3030,7095
-0.0500401974184036,0.0677641562082583,0.959057119412656,0,0,1,1,0,0,0,1,0,0,0,0,0,0,0,1,"C",2602,7096
-0.0446552495110596,0.0475787606675439,0.723036897897701,0,0,1,1,0,0,0,1,0,0,0,0,0,0,0,1,"C",394,7097
-0.0354886549203304,0.038736641632946,0.80843985963026,0,0,1,1,0,0,0,1,0,0,0,0,0,0,0,1,"C",3326,7098
-0.0354681559138213,0.0352247944126281,1.6443025567538,0,0,1,1,0,0,0,1,0,0,0,0,0,0,0,1,"C",2240,7099
-0.1172390296709,0.0840786645699745,1.98267564394445,0,0,1,1,0,0,0,1,0,0,0,0,0,0,0,1,"D",491,7100
-0.0838917655188394,0.0664279971564825,-0.48130215208331,0,0,1,1,0,0,0,1,0,0,0,0,0,0,0,1,"D",3721,7101
-0.109671882138723,0.0913217247094848,2.12419858884251,0,0,1,1,0,0,0,1,0,0,0,0,0,0,0,1,"D",3402,7102
-0.129143150636028,0.122144407398696,1.91711484195467,0,0,1,1,0,0,0,1,0,0,0,0,0,0,0,1,"D",368,7103
-0.087725230248958,0.040138964318525,0.613378573337647,0,0,1,1,0,0,0,1,0,0,0,0,0,0,0,1,"D",1484,7104
-0.143522099950699,0.122312870958162,0.275155733491845,0,0,1,1,0,0,0,1,0,0,0,0,0,0,0,1,"D",2487,7105
-0.139302907430202,0.0892512913613169,1.40158799903806,0,0,1,1,0,0,0,1,0,0,0,0,0,0,0,1,"D",1608,7106
-0.091406176819984,0.0726078568644767,-0.471654093782271,0,0,1,1,0,0,0,1,0,0,0,0,0,0,0,1,"D",1462,7107
-0.105178289133289,0.0756231322803895,0.285671844722379,0,0,1,1,0,0,0,1,0,0,0,0,0,0,0,1,"D",3495,7108
-0.103255654506927,0.0988504615570962,-0.638716063885609,0,0,1,1,0,0,0,1,0,0,0,0,0,0,0,1,"D",3583,7109
-0.113624603448728,0.0924916205381482,-0.639770581824346,0,0,1,1,0,0,0,1,0,0,0,0,0,0,0,1,"D",1747,7110
-0.0694184482124691,0.0589259079109511,0.703022753404831,0,0,1,1,0,0,0,1,0,0,0,0,0,0,0,1,"D",344,7111
-0.109436626958996,0.0827015425816,0.542709286421447,0,0,1,1,0,0,0,1,0,0,0,0,0,0,0,1,"D",3343,7112
-0.0826497748719958,0.0736618001424398,-0.400874597547265,0,0,1,1,0,0,0,1,0,0,0,0,0,0,0,1,"D",2191,7113
-0.0977783209741346,0.0745620139581953,0.352021030951663,0,0,1,1,0,0,0,1,0,0,0,0,0,0,0,1,"D",2986,7114
-0.143009480472439,0.124007041957236,0.74208343613409,0,0,1,1,0,0,0,1,0,0,0,0,0,0,0,1,"D",3527,7115
-0.0542082967086309,0.0436287039890325,0.406816747847979,0,0,1,1,0,0,0,1,0,0,0,0,0,0,0,1,"D",3748,7116
-0.0810161892058372,0.0629675021572519,1.7710635639872,0,0,1,1,0,0,0,1,0,0,0,0,0,0,0,1,"D",930,7117
-0.0857540208863145,0.0540754251035128,-0.963950838781031,0,0,1,1,0,0,0,1,0,0,0,0,0,0,0,1,"D",1560,7118
-0.0748701811681756,0.0328878283177252,1.43173921290228,0,0,1,1,0,0,0,1,0,0,0,0,0,0,0,1,"D",1549,7119
-0.123641208663846,0.0890775044132681,0.210530767980629,0,0,1,1,0,0,0,1,0,0,0,0,0,0,0,1,"D",3423,7120
-0.0754975207562288,0.0593676287575816,1.74014778407061,0,0,1,1,0,0,0,1,0,0,0,0,0,0,0,1,"D",3464,7121
-0.128960834271217,0.0924695117402045,0.157927734880166,0,0,1,1,0,0,0,1,0,0,0,0,0,0,0,1,"D",1646,7122
-0.145175305753824,0.132440991188309,0.135301312553823,0,0,1,1,0,0,0,1,0,0,0,0,0,0,0,1,"D",2823,7123
-0.0855483099982616,0.0684152939146337,0.400133739876327,0,0,1,1,0,0,0,1,0,0,0,0,0,0,0,1,"D",2022,7124
-0.075384727613207,0.0581318813325312,-0.336211798884457,0,0,1,1,0,0,0,1,0,0,0,0,0,0,0,1,"D",1255,7125
-0.116897546582507,0.0900782495441906,2.01777064324625,0,0,1,1,0,0,0,1,0,0,0,0,0,0,0,1,"D",1691,7126
-0.106172755464375,0.0922971328472709,-0.00838730353093141,0,0,1,1,0,0,0,1,0,0,0,0,0,0,0,1,"D",3414,7127
-0.0900939276584636,0.0711266153173253,-0.660397572161395,0,0,1,1,0,0,0,1,0,0,0,0,0,0,0,1,"D",1362,7128
-0.0880564188280445,0.0942767215661524,0.448877040924362,0,0,1,1,0,0,0,1,0,0,0,0,0,0,0,1,"D",2845,7129
-0.12013149789244,0.0950159693781009,0.608836090824883,0,0,1,1,0,0,0,1,0,0,0,0,0,0,0,1,"D",2333,7130
-0.126245194115257,0.0940075911992416,1.43615171110023,0,0,1,1,0,0,0,1,0,0,0,0,0,0,0,1,"D",2005,7131
-0.0868259817653734,0.0776151031981935,-0.00597675792102974,0,0,1,1,0,0,0,1,0,0,0,0,0,0,0,1,"D",2937,7132
-0.125991988984635,0.109318246947339,0.90200523456811,0,0,1,1,0,0,0,1,0,0,0,0,0,0,0,1,"D",1628,7133
-0.11126062472603,0.0927461031354359,0.443073808546829,0,0,1,1,0,0,0,1,0,0,0,0,0,0,0,1,"D",3122,7134
-0.0771424806211609,0.055833869719808,-0.515133011839996,0,0,1,1,0,0,0,1,0,0,0,0,0,0,0,1,"D",666,7135
-0.113888816723941,0.0861596045882055,-0.374715843439644,0,0,1,1,0,0,0,1,0,0,0,0,0,0,0,1,"D",1125,7136
-0.0865676115101056,0.0674261711472068,0.725494006551715,0,0,1,1,0,0,0,1,0,0,0,0,0,0,0,1,"D",33,7137
-0.120795742139737,0.0924826110772169,0.906842393490148,0,0,1,1,0,0,0,1,0,0,0,0,0,0,0,1,"D",1671,7138
-0.131075455917333,0.108070935459112,2.00883584996057,0,0,1,1,0,0,0,1,0,0,0,0,0,0,0,1,"D",2714,7139
-0.0793740567787873,0.0628834823047408,1.50228681016768,0,0,1,1,0,0,0,1,0,0,0,0,0,0,0,1,"D",946,7140
-0.122611511417747,0.0816859128695409,0.573008718053044,0,0,1,1,0,0,0,1,0,0,0,0,0,0,0,1,"D",2718,7141
-0.0873531868309151,0.0561909152142061,-1.24436301744718,0,0,1,1,0,0,0,1,0,0,0,0,0,0,0,1,"D",2372,7142
-0.0889132923806956,0.0848538510135856,1.03862842635463,0,0,1,1,0,0,0,1,0,0,0,0,0,0,0,1,"D",1117,7143
-0.0948257648612952,0.0945713467885532,-1.40487414332284,0,0,1,1,0,0,0,1,0,0,0,0,0,0,0,1,"D",3186,7144
-0.11032056073753,0.0871416040693692,0.615458807036835,0,0,1,1,0,0,0,1,0,0,0,0,0,0,0,1,"D",2648,7145
-0.129761081419512,0.106215169021391,0.807455004918082,0,0,1,1,0,0,0,1,0,0,0,0,0,0,0,1,"D",3379,7146
-0.0738041268361269,0.0553530265608993,0.486022028391979,0,0,1,1,0,0,0,1,0,0,0,0,0,0,0,1,"D",2742,7147
-0.0586535839923553,0.0388084620725405,-1.18691674494336,0,0,1,1,0,0,0,1,0,0,0,0,0,0,0,1,"D",2336,7148
-0.0523369053158744,0.0228643971604067,-0.656461709532623,0,0,1,1,0,0,0,1,0,0,0,0,0,0,0,1,"D",267,7149
-0.118991799889874,0.0923188370260106,-0.0918644658407219,0,0,1,1,0,0,0,1,0,0,0,0,0,0,0,1,"D",1359,7150
-0.104695826511976,0.0797225777098023,0.537413374991179,0,0,1,1,0,0,0,1,0,0,0,0,0,0,0,1,"D",1441,7151
-0.117834985108221,0.0917689667279494,0.0886390289115129,0,0,1,1,0,0,0,1,0,0,0,0,0,0,0,1,"D",1962,7152
-0.100250174556118,0.0581254595633761,0.330188217049724,0,0,1,1,0,0,0,1,0,0,0,0,0,0,0,1,"D",3717,7153
-0.099603034243114,0.0843314995017656,0.15134372707244,0,0,1,1,0,0,0,1,0,0,0,0,0,0,0,1,"D",347,7154
-0.101229467588628,0.0877850379211022,0.450795636490714,0,0,1,1,0,0,0,1,0,0,0,0,0,0,0,1,"D",2090,7155
-0.0937502486513861,0.0628616103201511,-0.0584132670282775,0,0,1,1,0,0,0,1,0,0,0,0,0,0,0,1,"D",3406,7156
-0.128598583087009,0.102182798859945,1.02695165950241,0,0,1,1,0,0,0,1,0,0,0,0,0,0,0,1,"D",2061,7157
-0.0812396059124776,0.0748164094608057,0.121249146573238,0,0,1,1,0,0,0,1,0,0,0,0,0,0,0,1,"D",3699,7158
-0.098018377572212,0.0923107421344507,-0.0824769544175722,0,0,1,1,0,0,0,1,0,0,0,0,0,0,0,1,"D",1385,7159
-0.0702452023169012,0.0654459607385071,-0.347029232656448,0,0,1,1,0,0,0,1,0,0,0,0,0,0,0,1,"D",729,7160
-0.0866763378638208,0.0755310746509396,0.845806214401079,0,0,1,1,0,0,0,1,0,0,0,0,0,0,0,1,"D",712,7161
-0.0908646785010475,0.0600042841161637,1.58766114616644,0,0,1,1,0,0,0,1,0,0,0,0,0,0,0,1,"D",656,7162
-0.114947848024077,0.0930363997359454,1.37625803523871,0,0,1,1,0,0,0,1,0,0,0,0,0,0,0,1,"D",1397,7163
-0.13570560521871,0.123031097050429,1.3958777317397,0,0,1,1,0,0,0,1,0,0,0,0,0,0,0,1,"D",2074,7164
-0.108896598664529,0.0905442733113568,0.89969832041238,0,0,1,1,0,0,0,1,0,0,0,0,0,0,0,1,"D",857,7165
-0.116906102039997,0.0955912933475482,2.21383612552065,0,0,1,1,0,0,0,1,0,0,0,0,0,0,0,1,"D",2257,7166
-0.0689604469654197,0.0548204525617606,0.480870880842378,0,0,1,1,0,0,0,1,0,0,0,0,0,0,0,1,"D",1072,7167
-0.120086034895082,0.092374429920151,0.52417121570297,0,0,1,1,0,0,0,1,0,0,0,0,0,0,0,1,"D",1687,7168
-0.118598232071608,0.0969598208703158,1.37233782329893,0,0,1,1,0,0,0,1,0,0,0,0,0,0,0,1,"D",2575,7169
-0.094444746108712,0.086586972527705,0.0624905223337026,0,0,1,1,0,0,0,1,0,0,0,0,0,0,0,1,"D",3006,7170
-0.0780314698172333,0.0769913317168596,-0.18525805363161,0,0,1,1,0,0,0,1,0,0,0,0,0,0,0,1,"D",3732,7171
-0.125113129880899,0.116070035322989,-0.0365514623592136,0,0,1,1,0,0,0,1,0,0,0,0,0,0,0,1,"D",482,7172
-0.0955007311155992,0.0594811719501011,1.11345451650657,0,0,1,1,0,0,0,1,0,0,0,0,0,0,0,1,"D",1341,7173
-0.115593708513557,0.102412113578979,0.616653337836368,0,0,1,1,0,0,0,1,0,0,0,0,0,0,0,1,"D",3204,7174
-0.119191929596917,0.103799805055563,0.0475057400362906,0,0,1,1,0,0,0,1,0,0,0,0,0,0,0,1,"D",1763,7175
-0.0748568018329097,0.0512720317920856,-0.904997095311557,0,0,1,1,0,0,0,1,0,0,0,0,0,0,0,1,"D",2318,7176
-0.0878407284755417,0.0798569921399772,0.68203783177396,0,0,1,1,0,0,0,1,0,0,0,0,0,0,0,1,"D",1059,7177
-0.143653980610697,0.102117509184514,1.5492495764833,0,0,1,1,0,0,0,1,0,0,0,0,0,0,0,1,"D",1290,7178
-0.0867881678932732,0.0664949940269907,-0.123485349180861,0,0,1,1,0,0,0,1,0,0,0,0,0,0,0,1,"D",3146,7179
-0.0738980752379549,0.0445993522367476,-0.39465332015374,0,0,1,1,0,0,0,1,0,0,0,0,0,0,0,1,"D",1594,7180
-0.117539565893992,0.0908959765165145,-0.445573130001156,0,0,1,1,0,0,0,1,0,0,0,0,0,0,0,1,"D",2727,7181
-0.135473313641618,0.118509678850746,0.772771661068694,0,0,1,1,0,0,0,1,0,0,0,0,0,0,0,1,"D",2960,7182
-0.136527061497059,0.111776362941111,0.429008502835142,0,0,1,1,0,0,0,1,0,0,0,0,0,0,0,1,"D",3738,7183
-0.0598007766879892,0.0370803280879373,-0.304426494414307,0,0,1,1,0,0,0,1,0,0,0,0,0,0,0,1,"D",1567,7184
-0.0912887545579594,0.0596653388016459,-0.673394423178271,0,0,1,1,0,0,0,1,0,0,0,0,0,0,0,1,"D",1930,7185
-0.122754411373516,0.0923214009534828,-0.769445524681958,0,0,1,1,0,0,0,1,0,0,0,0,0,0,0,1,"D",3714,7186
-0.112894553253094,0.0976882237306347,1.30044608691433,0,0,1,1,0,0,0,1,0,0,0,0,0,0,0,1,"D",435,7187
-0.0763299577046729,0.0623998976866724,0.429907436637785,0,0,1,1,0,0,0,1,0,0,0,0,0,0,0,1,"D",1461,7188
-0.115954120027549,0.0896242039977269,2.18849788571357,0,0,1,1,0,0,0,1,0,0,0,0,0,0,0,1,"D",2661,7189
-0.0924635851757262,0.0624914658082526,0.977653534386393,0,0,1,1,0,0,0,1,0,0,0,0,0,0,0,1,"D",1967,7190
-0.0868742601390625,0.0481624121751683,-0.269594473517203,0,0,1,1,0,0,0,1,0,0,0,0,0,0,0,1,"D",2087,7191
-0.0905852158101806,0.0572016784697664,0.212628147329841,0,0,1,1,0,0,0,1,0,0,0,0,0,0,0,1,"D",2137,7192
-0.120252262246353,0.11075651459608,1.37948847227786,0,0,1,1,0,0,0,1,0,0,0,0,0,0,0,1,"D",2578,7193
-0.12420158629092,0.0977386605482591,-0.186520827299827,0,0,1,1,0,0,0,1,0,0,0,0,0,0,0,1,"D",899,7194
-0.101706640072981,0.0905103676770987,0.888227114230996,0,0,1,1,0,0,0,1,0,0,0,0,0,0,0,1,"D",3030,7195
-0.0939697981940848,0.0829640466020989,1.7570136731174,0,0,1,1,0,0,0,1,0,0,0,0,0,0,0,1,"D",2602,7196
-0.11399973161443,0.0986608230985591,-0.272095028229611,0,0,1,1,0,0,0,1,0,0,0,0,0,0,0,1,"D",394,7197
-0.0857198284912351,0.0526201116645233,0.712504223155906,0,0,1,1,0,0,0,1,0,0,0,0,0,0,0,1,"D",3326,7198
-0.100410230108278,0.0739375673150886,1.00263937165449,0,0,1,1,0,0,0,1,0,0,0,0,0,0,0,1,"D",2240,7199
-0.131991536893322,0.0672394667145315,0.376236135188803,0,0,1,1,0,0,0,0,0,0,1,1,0,0,0,0,"C",491,7200
-0.0965588734488033,0.0331044587724126,-0.667997908390704,0,0,1,1,0,0,0,0,0,0,1,1,0,0,0,0,"C",3721,7201
-0.101863098216124,0.0366700448758676,-0.0451374150016089,0,0,1,1,0,0,0,0,0,0,1,1,0,0,0,0,"C",3402,7202
-0.0932378218869865,0.0447666540263877,0.594961626042647,0,0,1,1,0,0,0,0,0,0,1,1,0,0,0,0,"C",368,7203
-0.120663111701194,0.0462361258852816,0.562397087206516,0,0,1,1,0,0,0,0,0,0,1,1,0,0,0,0,"C",1484,7204
-0.137614247196673,0.0306384836048595,-0.0480289853905973,0,0,1,1,0,0,0,0,0,0,1,1,0,0,0,0,"C",2487,7205
-0.134718942085019,0.061155479968711,0.5199933773455,0,0,1,1,0,0,0,0,0,0,1,1,0,0,0,0,"C",1608,7206
-0.112318932024868,0.050461458096291,-0.444860167514733,0,0,1,1,0,0,0,0,0,0,1,1,0,0,0,0,"C",1462,7207
-0.097603222958466,0.0286366010985438,0.206315585739469,0,0,1,1,0,0,0,0,0,0,1,1,0,0,0,0,"C",3495,7208
-0.0944590349989569,0.0638508434239189,-0.211621875899785,0,0,1,1,0,0,0,0,0,0,1,1,0,0,0,0,"C",3583,7209
-0.130307776371837,0.060732368656102,0.250191836765858,0,0,1,1,0,0,0,0,0,0,1,1,0,0,0,0,"C",1747,7210
-0.144138813149945,0.0708091636869256,0.04319270126404,0,0,1,1,0,0,0,0,0,0,1,1,0,0,0,0,"C",344,7211
-0.107543507079686,0.0553661275784211,-0.0763057990494253,0,0,1,1,0,0,0,0,0,0,1,1,0,0,0,0,"C",3343,7212
-0.106855857224945,0.0482914381797425,-0.682026149287887,0,0,1,1,0,0,0,0,0,0,1,1,0,0,0,0,"C",2191,7213
-0.10302271274484,0.0480082517485638,-0.125228759149242,0,0,1,1,0,0,0,0,0,0,1,1,0,0,0,0,"C",2986,7214
-0.101669212215509,0.0588058904627949,0.736082227503328,0,0,1,1,0,0,0,0,0,0,1,1,0,0,0,0,"C",3527,7215
-0.119872400202508,0.0721233838245477,1.04347242420695,0,0,1,1,0,0,0,0,0,0,1,1,0,0,0,0,"C",3748,7216
-0.104232132543425,0.0628025489721036,-0.313186355072203,0,0,1,1,0,0,0,0,0,0,1,1,0,0,0,0,"C",930,7217
-0.0987213464702728,0.0475649835843502,-0.161927721581466,0,0,1,1,0,0,0,0,0,0,1,1,0,0,0,0,"C",1560,7218
-0.0801109576414278,0.0174857974113786,0.635427412059842,0,0,1,1,0,0,0,0,0,0,1,1,0,0,0,0,"C",1549,7219
-0.105546550031593,0.0667668797516533,0.803768879491057,0,0,1,1,0,0,0,0,0,0,1,1,0,0,0,0,"C",3423,7220
-0.0936254461235891,0.0326531070010176,0.810229844916204,0,0,1,1,0,0,0,0,0,0,1,1,0,0,0,0,"C",3464,7221
-0.107881349989867,0.0342481465553139,-0.00872662752717446,0,0,1,1,0,0,0,0,0,0,1,1,0,0,0,0,"C",1646,7222
-0.106068871653519,0.0560899935696198,0.439294946786422,0,0,1,1,0,0,0,0,0,0,1,1,0,0,0,0,"C",2823,7223
-0.135403950399873,0.0635053312480057,0.0928629475446793,0,0,1,1,0,0,0,0,0,0,1,1,0,0,0,0,"C",2022,7224
-0.108875316064906,0.0561750011890887,0.123002524291684,0,0,1,1,0,0,0,0,0,0,1,1,0,0,0,0,"C",1255,7225
-0.110429542122002,0.0627774540629735,0.693526972796333,0,0,1,1,0,0,0,0,0,0,1,1,0,0,0,0,"C",1691,7226
-0.113552101166961,0.0825752195051192,1.16253770360502,0,0,1,1,0,0,0,0,0,0,1,1,0,0,0,0,"C",3414,7227
-0.112778034752601,0.0675820005016834,0.098846687438702,0,0,1,1,0,0,0,0,0,0,1,1,0,0,0,0,"C",1362,7228
-0.118661308791191,0.04053861053866,0.711973102376656,0,0,1,1,0,0,0,0,0,0,1,1,0,0,0,0,"C",2845,7229
-0.105055415851633,0.0690208463454621,0.206633483221543,0,0,1,1,0,0,0,0,0,0,1,1,0,0,0,0,"C",2333,7230
-0.144173026216146,0.0494314810754695,0.371624276110475,0,0,1,1,0,0,0,0,0,0,1,1,0,0,0,0,"C",2005,7231
-0.108894276069084,0.0155884219124745,0.388237200889613,0,0,1,1,0,0,0,0,0,0,1,1,0,0,0,0,"C",2937,7232
-0.106337148780563,0.0398452093860396,-0.325575202441114,0,0,1,1,0,0,0,0,0,0,1,1,0,0,0,0,"C",1628,7233
-0.122106415705022,0.0446615360630731,-0.232927145480199,0,0,1,1,0,0,0,0,0,0,1,1,0,0,0,0,"C",3122,7234
-0.113009147120912,0.0545419062091764,-0.0284447163234882,0,0,1,1,0,0,0,0,0,0,1,1,0,0,0,0,"C",666,7235
-0.09682729946745,0.0287112214248289,0.389658248293828,0,0,1,1,0,0,0,0,0,0,1,1,0,0,0,0,"C",1125,7236
-0.0931736135100347,0.0349622276184699,0.00053601006545007,0,0,1,1,0,0,0,0,0,0,1,1,0,0,0,0,"C",33,7237
-0.119532340361638,0.0577121961207373,-0.54768910838314,0,0,1,1,0,0,0,0,0,0,1,1,0,0,0,0,"C",1671,7238
-0.0891248228579747,0.0346466108911009,0.217021270051567,0,0,1,1,0,0,0,0,0,0,1,1,0,0,0,0,"C",2714,7239
-0.122713571284757,0.0292256884007855,0.103705560777691,0,0,1,1,0,0,0,0,0,0,1,1,0,0,0,0,"C",946,7240
-0.116426882286745,0.0407823090022726,0.236257405477392,0,0,1,1,0,0,0,0,0,0,1,1,0,0,0,0,"C",2718,7241
-0.115455438517874,0.0532708503387624,0.32905025415837,0,0,1,1,0,0,0,0,0,0,1,1,0,0,0,0,"C",2372,7242
-0.105399857826007,0.0587912527242675,0.537792384416352,0,0,1,1,0,0,0,0,0,0,1,1,0,0,0,0,"C",1117,7243
-0.105727844478152,0.0580935261256888,0.249364885698977,0,0,1,1,0,0,0,0,0,0,1,1,0,0,0,0,"C",3186,7244
-0.101388805043675,0.0169017522019625,0.441460965180398,0,0,1,1,0,0,0,0,0,0,1,1,0,0,0,0,"C",2648,7245
-0.105108418232575,0.0332949489568351,0.817515604469732,0,0,1,1,0,0,0,0,0,0,1,1,0,0,0,0,"C",3379,7246
-0.0977687612567092,0.0494415942684626,0.494003079158043,0,0,1,1,0,0,0,0,0,0,1,1,0,0,0,0,"C",2742,7247
-0.109708732035829,0.0442250315380051,0.473970627945995,0,0,1,1,0,0,0,0,0,0,1,1,0,0,0,0,"C",2336,7248
-0.104859904303119,0.029043123541365,-0.0937640681950374,0,0,1,1,0,0,0,0,0,0,1,1,0,0,0,0,"C",267,7249
-0.0878662548124673,0.0491095287647024,0.174399892430956,0,0,1,1,0,0,0,0,0,0,1,1,0,0,0,0,"C",1359,7250
-0.119985881947232,0.0489323685916471,0.879335136101013,0,0,1,1,0,0,0,0,0,0,1,1,0,0,0,0,"C",1441,7251
-0.0767920966792611,0.0280450520768142,0.119048336822918,0,0,1,1,0,0,0,0,0,0,1,1,0,0,0,0,"C",1962,7252
-0.122522868761321,0.029094969476657,0.334145482438756,0,0,1,1,0,0,0,0,0,0,1,1,0,0,0,0,"C",3717,7253
-0.100489069517799,0.0753441279316865,0.477424809895576,0,0,1,1,0,0,0,0,0,0,1,1,0,0,0,0,"C",347,7254
-0.118324768834657,0.0488388443674143,0.514969554119013,0,0,1,1,0,0,0,0,0,0,1,1,0,0,0,0,"C",2090,7255
-0.0761235179356571,0.0491738008043672,1.04985272702951,0,0,1,1,0,0,0,0,0,0,1,1,0,0,0,0,"C",3406,7256
-0.126260816858531,0.0382007365926469,-0.170744528343727,0,0,1,1,0,0,0,0,0,0,1,1,0,0,0,0,"C",2061,7257
-0.0772128595061327,0.0634145863943362,0.978912653231673,0,0,1,1,0,0,0,0,0,0,1,1,0,0,0,0,"C",3699,7258
-0.0979883085246088,0.032289438516998,-0.127830916278195,0,0,1,1,0,0,0,0,0,0,1,1,0,0,0,0,"C",1385,7259
-0.0832051129398512,0.0445266493496922,-0.387708768043911,0,0,1,1,0,0,0,0,0,0,1,1,0,0,0,0,"C",729,7260
-0.103866903849093,0.0334040718853431,0.739192584636895,0,0,1,1,0,0,0,0,0,0,1,1,0,0,0,0,"C",712,7261
-0.102414026886532,0.0348804504624737,0.571289806771642,0,0,1,1,0,0,0,0,0,0,1,1,0,0,0,0,"C",656,7262
-0.0952590465759779,0.042364949456644,0.613515276017651,0,0,1,1,0,0,0,0,0,0,1,1,0,0,0,0,"C",1397,7263
-0.109971295734323,-0.00243798030867585,0.374082991564756,0,0,1,1,0,0,0,0,0,0,1,1,0,0,0,0,"C",2074,7264
-0.100083228104822,0.0278606978399293,0.117729194193075,0,0,1,1,0,0,0,0,0,0,1,1,0,0,0,0,"C",857,7265
-0.10299955710551,0.047740061572399,0.257860185718872,0,0,1,1,0,0,0,0,0,0,1,1,0,0,0,0,"C",2257,7266
-0.10271375054464,0.0184956814656452,0.364731659557781,0,0,1,1,0,0,0,0,0,0,1,1,0,0,0,0,"C",1072,7267
-0.100661094027382,0.053862090803709,0.23567107523429,0,0,1,1,0,0,0,0,0,0,1,1,0,0,0,0,"C",1687,7268
-0.115149092940148,0.0650458044536928,0.337600662323428,0,0,1,1,0,0,0,0,0,0,1,1,0,0,0,0,"C",2575,7269
-0.107915377936729,0.0401267790906977,0.906891764877307,0,0,1,1,0,0,0,0,0,0,1,1,0,0,0,0,"C",3006,7270
-0.114002378578277,0.0307729434145617,0.287395233484409,0,0,1,1,0,0,0,0,0,0,1,1,0,0,0,0,"C",3732,7271
-0.102697490513665,0.045482872077216,0.650528385151149,0,0,1,1,0,0,0,0,0,0,1,1,0,0,0,0,"C",482,7272
-0.111951398133066,0.0262265989033993,0.0985824513688902,0,0,1,1,0,0,0,0,0,0,1,1,0,0,0,0,"C",1341,7273
-0.0961846751668409,0.0397478600673405,0.467412202987373,0,0,1,1,0,0,0,0,0,0,1,1,0,0,0,0,"C",3204,7274
-0.0942624437859974,0.0640606192323496,0.0892477254603385,0,0,1,1,0,0,0,0,0,0,1,1,0,0,0,0,"C",1763,7275
-0.113454014613097,0.0542564263371203,0.332644719038487,0,0,1,1,0,0,0,0,0,0,1,1,0,0,0,0,"C",2318,7276
-0.126790718340046,0.0222493981591436,0.905761521229374,0,0,1,1,0,0,0,0,0,0,1,1,0,0,0,0,"C",1059,7277
-0.128105216377888,0.0405331656173433,-0.522555176050051,0,0,1,1,0,0,0,0,0,0,1,1,0,0,0,0,"C",1290,7278
-0.123531781958999,0.0544343860223741,-0.0542978335780794,0,0,1,1,0,0,0,0,0,0,1,1,0,0,0,0,"C",3146,7279
-0.100443311057753,0.0305084093094111,-0.558061867357211,0,0,1,1,0,0,0,0,0,0,1,1,0,0,0,0,"C",1594,7280
-0.128971284244969,0.0557736536921074,0.465635514374155,0,0,1,1,0,0,0,0,0,0,1,1,0,0,0,0,"C",2727,7281
-0.12585016668281,0.0270629806155878,0.281929758600163,0,0,1,1,0,0,0,0,0,0,1,1,0,0,0,0,"C",2960,7282
-0.0887760028459068,0.0427365405598099,0.399937806421926,0,0,1,1,0,0,0,0,0,0,1,1,0,0,0,0,"C",3738,7283
-0.117620549469025,0.0559155002544395,0.278307366744062,0,0,1,1,0,0,0,0,0,0,1,1,0,0,0,0,"C",1567,7284
-0.0861024685665744,0.0449204140513753,0.11699579706433,0,0,1,1,0,0,0,0,0,0,1,1,0,0,0,0,"C",1930,7285
-0.115635742126108,0.0431103198042755,-0.0641410989808522,0,0,1,1,0,0,0,0,0,0,1,1,0,0,0,0,"C",3714,7286
-0.107386654286689,0.0423231189639035,0.290098309531127,0,0,1,1,0,0,0,0,0,0,1,1,0,0,0,0,"C",435,7287
-0.112828196230188,0.0378707923941026,0.400557597115225,0,0,1,1,0,0,0,0,0,0,1,1,0,0,0,0,"C",1461,7288
-0.114079054049439,0.0288590962990447,0.0620639753597897,0,0,1,1,0,0,0,0,0,0,1,1,0,0,0,0,"C",2661,7289
-0.107211804369357,0.0502480409004046,0.415153351390027,0,0,1,1,0,0,0,0,0,0,1,1,0,0,0,0,"C",1967,7290
-0.123678624414071,0.0534971970455448,0.208992955573036,0,0,1,1,0,0,0,0,0,0,1,1,0,0,0,0,"C",2087,7291
-0.0976792391762051,0.0171617183046201,0.759780789941742,0,0,1,1,0,0,0,0,0,0,1,1,0,0,0,0,"C",2137,7292
-0.0927742291248616,0.047634667688998,0.51816977461672,0,0,1,1,0,0,0,0,0,0,1,1,0,0,0,0,"C",2578,7293
-0.125305814645819,0.0543684689000861,0.299882771235803,0,0,1,1,0,0,0,0,0,0,1,1,0,0,0,0,"C",899,7294
-0.11236299556796,0.0308999956051109,-0.269580314672852,0,0,1,1,0,0,0,0,0,0,1,1,0,0,0,0,"C",3030,7295
-0.0913476611684811,0.0274239393309438,0.458738614509915,0,0,1,1,0,0,0,0,0,0,1,1,0,0,0,0,"C",2602,7296
-0.118990893904465,0.0455347793545928,-0.0303420737274191,0,0,1,1,0,0,0,0,0,0,1,1,0,0,0,0,"C",394,7297
-0.106834159229354,0.0449640036769976,0.0512558588932601,0,0,1,1,0,0,0,0,0,0,1,1,0,0,0,0,"C",3326,7298
-0.11665729914462,0.0859964008791738,0.285953561862456,0,0,1,1,0,0,0,0,0,0,1,1,0,0,0,0,"C",2240,7299
-0.0900467669176614,0.0504637194559082,1.22386757074757,0,0,1,1,0,0,0,0,0,0,1,1,0,0,0,0,"D",491,7300
-0.102654694560815,0.0379459083069764,1.06817090364927,0,0,1,1,0,0,0,0,0,0,1,1,0,0,0,0,"D",3721,7301
-0.121037086120995,0.0388939090576006,0.731616967394546,0,0,1,1,0,0,0,0,0,0,1,1,0,0,0,0,"D",3402,7302
-0.11344293698788,0.0439387674790923,0.744970273252549,0,0,1,1,0,0,0,0,0,0,1,1,0,0,0,0,"D",368,7303
-0.100907061387884,0.0415669263526377,0.653974830667278,0,0,1,1,0,0,0,0,0,0,1,1,0,0,0,0,"D",1484,7304
-0.126326519795883,0.0191603760007712,1.22144290988893,0,0,1,1,0,0,0,0,0,0,1,1,0,0,0,0,"D",2487,7305
-0.0981483012372784,0.0286782704836993,0.100880259793509,0,0,1,1,0,0,0,0,0,0,1,1,0,0,0,0,"D",1608,7306
-0.141695821623504,0.00411247432242424,0.586198652119417,0,0,1,1,0,0,0,0,0,0,1,1,0,0,0,0,"D",1462,7307
-0.100680473325777,0.0267037313607522,0.447745877354396,0,0,1,1,0,0,0,0,0,0,1,1,0,0,0,0,"D",3495,7308
-0.137273579101027,0.0292148396316563,0.840725562465723,0,0,1,1,0,0,0,0,0,0,1,1,0,0,0,0,"D",3583,7309
-0.139925998062121,0.0181525447107272,1.16003666864997,0,0,1,1,0,0,0,0,0,0,1,1,0,0,0,0,"D",1747,7310
-0.119110781569523,0.040123879890721,0.989363446453869,0,0,1,1,0,0,0,0,0,0,1,1,0,0,0,0,"D",344,7311
-0.105583529618297,0.028224706794256,0.857181769216467,0,0,1,1,0,0,0,0,0,0,1,1,0,0,0,0,"D",3343,7312
-0.128143151605896,0.0350695224891714,0.608659236296785,0,0,1,1,0,0,0,0,0,0,1,1,0,0,0,0,"D",2191,7313
-0.144121563330128,0.0437558121777666,0.729872168411111,0,0,1,1,0,0,0,0,0,0,1,1,0,0,0,0,"D",2986,7314
-0.108555845186219,0.0322856173664007,0.937203627465038,0,0,1,1,0,0,0,0,0,0,1,1,0,0,0,0,"D",3527,7315
-0.113884000831569,0.0291626586526211,0.875614342501138,0,0,1,1,0,0,0,0,0,0,1,1,0,0,0,0,"D",3748,7316
-0.131099345148699,0.0295331063380142,0.901604305380816,0,0,1,1,0,0,0,0,0,0,1,1,0,0,0,0,"D",930,7317
-0.132291144517227,0.0307548024629545,0.727139214782358,0,0,1,1,0,0,0,0,0,0,1,1,0,0,0,0,"D",1560,7318
-0.111528300305361,0.0317491568456972,0.597516261705167,0,0,1,1,0,0,0,0,0,0,1,1,0,0,0,0,"D",1549,7319
-0.148524832126056,0.0324565481613358,0.624509864576944,0,0,1,1,0,0,0,0,0,0,1,1,0,0,0,0,"D",3423,7320
-0.110323198313344,0.0299049595996238,1.13572461095685,0,0,1,1,0,0,0,0,0,0,1,1,0,0,0,0,"D",3464,7321
-0.114972983984304,0.0620029590729657,0.933006458365992,0,0,1,1,0,0,0,0,0,0,1,1,0,0,0,0,"D",1646,7322
-0.127043909665759,0.0347393214653464,0.535437862636451,0,0,1,1,0,0,0,0,0,0,1,1,0,0,0,0,"D",2823,7323
-0.132542458720008,0.010107216224626,1.08707720261806,0,0,1,1,0,0,0,0,0,0,1,1,0,0,0,0,"D",2022,7324
-0.103528733265078,0.020233292571998,0.736135631293527,0,0,1,1,0,0,0,0,0,0,1,1,0,0,0,0,"D",1255,7325
-0.119073010651644,0.00822382966524614,0.309162326391738,0,0,1,1,0,0,0,0,0,0,1,1,0,0,0,0,"D",1691,7326
-0.108832033180457,-0.000230483127532353,-0.261541085114325,0,0,1,1,0,0,0,0,0,0,1,1,0,0,0,0,"D",3414,7327
-0.140903009950257,0.030814323962538,1.13819632721887,0,0,1,1,0,0,0,0,0,0,1,1,0,0,0,0,"D",1362,7328
-0.107663578608506,0.0255743780212005,1.20498225922589,0,0,1,1,0,0,0,0,0,0,1,1,0,0,0,0,"D",2845,7329
-0.133214987674686,-0.00191109190765534,0.467891053224248,0,0,1,1,0,0,0,0,0,0,1,1,0,0,0,0,"D",2333,7330
-0.128222830333086,0.00818991765824329,1.52387399796921,0,0,1,1,0,0,0,0,0,0,1,1,0,0,0,0,"D",2005,7331
-0.121058497848264,0.0281409362039265,0.676304870522948,0,0,1,1,0,0,0,0,0,0,1,1,0,0,0,0,"D",2937,7332
-0.131081112073801,0.0492574926061824,0.544575796956499,0,0,1,1,0,0,0,0,0,0,1,1,0,0,0,0,"D",1628,7333
-0.0945122000976839,0.0529804815042877,0.896363063743104,0,0,1,1,0,0,0,0,0,0,1,1,0,0,0,0,"D",3122,7334
-0.129578186766428,0.0192664434948929,0.842393078736022,0,0,1,1,0,0,0,0,0,0,1,1,0,0,0,0,"D",666,7335
-0.122309144991417,0.0439136018373653,-0.169731992970809,0,0,1,1,0,0,0,0,0,0,1,1,0,0,0,0,"D",1125,7336
-0.105319265789593,0.0160554643885751,1.36454770604875,0,0,1,1,0,0,0,0,0,0,1,1,0,0,0,0,"D",33,7337
-0.11696149609276,0.0393782711643978,0.67739269407874,0,0,1,1,0,0,0,0,0,0,1,1,0,0,0,0,"D",1671,7338
-0.126114667180485,0.0220823652873676,1.00987922047986,0,0,1,1,0,0,0,0,0,0,1,1,0,0,0,0,"D",2714,7339
-0.107528318028793,0.0376312353102864,0.334197886550947,0,0,1,1,0,0,0,0,0,0,1,1,0,0,0,0,"D",946,7340
-0.121599630105279,0.0210170947017269,0.90968332131328,0,0,1,1,0,0,0,0,0,0,1,1,0,0,0,0,"D",2718,7341
-0.115877425072715,0.0371172778340323,1.04979057962507,0,0,1,1,0,0,0,0,0,0,1,1,0,0,0,0,"D",2372,7342
-0.123251064471664,0.0342429376375225,0.893416652212796,0,0,1,1,0,0,0,0,0,0,1,1,0,0,0,0,"D",1117,7343
-0.109196528445774,0.0146370536838861,1.17120458202136,0,0,1,1,0,0,0,0,0,0,1,1,0,0,0,0,"D",3186,7344
-0.0971962553921323,0.0270694464003399,0.256151708821136,0,0,1,1,0,0,0,0,0,0,1,1,0,0,0,0,"D",2648,7345
-0.117107741643257,0.0405111033188288,0.471833783777402,0,0,1,1,0,0,0,0,0,0,1,1,0,0,0,0,"D",3379,7346
-0.119433016879743,0.0366527632780989,1.03155346753524,0,0,1,1,0,0,0,0,0,0,1,1,0,0,0,0,"D",2742,7347
-0.12709319441414,0.0134561667491668,1.20001164014253,0,0,1,1,0,0,0,0,0,0,1,1,0,0,0,0,"D",2336,7348
-0.119098938042543,0.00623600225938255,1.20203930314181,0,0,1,1,0,0,0,0,0,0,1,1,0,0,0,0,"D",267,7349
-0.131939235220141,0.0617088505870311,0.69993598299045,0,0,1,1,0,0,0,0,0,0,1,1,0,0,0,0,"D",1359,7350
-0.113109814672433,0.00964336374246978,1.25350972690799,0,0,1,1,0,0,0,0,0,0,1,1,0,0,0,0,"D",1441,7351
-0.126447567790546,0.0413370869590621,0.94987720078751,0,0,1,1,0,0,0,0,0,0,1,1,0,0,0,0,"D",1962,7352
-0.119160842745037,0.000642493298895012,1.24996215260705,0,0,1,1,0,0,0,0,0,0,1,1,0,0,0,0,"D",3717,7353
-0.129415756653792,0.00287349101639393,0.62929318086352,0,0,1,1,0,0,0,0,0,0,1,1,0,0,0,0,"D",347,7354
-0.148331583947906,0.0552900382639671,0.730996301130917,0,0,1,1,0,0,0,0,0,0,1,1,0,0,0,0,"D",2090,7355
-0.122926061917392,0.0513786431089386,0.567020327506523,0,0,1,1,0,0,0,0,0,0,1,1,0,0,0,0,"D",3406,7356
-0.13972637006617,0.0376281798604009,0.811109665894331,0,0,1,1,0,0,0,0,0,0,1,1,0,0,0,0,"D",2061,7357
-0.125847859536363,0.0695631217367692,1.18028703227491,0,0,1,1,0,0,0,0,0,0,1,1,0,0,0,0,"D",3699,7358
-0.110544657312148,0.0392709576497498,1.24393954071269,0,0,1,1,0,0,0,0,0,0,1,1,0,0,0,0,"D",1385,7359
-0.138462140254306,0.026178377366127,0.533222705375516,0,0,1,1,0,0,0,0,0,0,1,1,0,0,0,0,"D",729,7360
-0.119519680752115,0.025771098853177,0.842932758931786,0,0,1,1,0,0,0,0,0,0,1,1,0,0,0,0,"D",712,7361
-0.109545888809176,0.0347556398640132,0.965379154623147,0,0,1,1,0,0,0,0,0,0,1,1,0,0,0,0,"D",656,7362
-0.127194044040264,0.00575383411226162,0.960617831028097,0,0,1,1,0,0,0,0,0,0,1,1,0,0,0,0,"D",1397,7363
-0.11035679255397,0.0474073089805006,0.766881256767198,0,0,1,1,0,0,0,0,0,0,1,1,0,0,0,0,"D",2074,7364
-0.117291652293432,0.061818241272658,0.691500968153523,0,0,1,1,0,0,0,0,0,0,1,1,0,0,0,0,"D",857,7365
-0.109171040485423,0.0300604059742895,0.308398266689453,0,0,1,1,0,0,0,0,0,0,1,1,0,0,0,0,"D",2257,7366
-0.104486113564199,0.0341933413371706,0.690720692621746,0,0,1,1,0,0,0,0,0,0,1,1,0,0,0,0,"D",1072,7367
-0.144801244824253,0.0343221151721931,0.673790704892542,0,0,1,1,0,0,0,0,0,0,1,1,0,0,0,0,"D",1687,7368
-0.0976475174186387,0.0281937023156005,0.282021964836045,0,0,1,1,0,0,0,0,0,0,1,1,0,0,0,0,"D",2575,7369
-0.12806435521721,0.0415592081949278,0.854020691560012,0,0,1,1,0,0,0,0,0,0,1,1,0,0,0,0,"D",3006,7370
-0.133145066070315,0.0395278840407628,0.498802152406172,0,0,1,1,0,0,0,0,0,0,1,1,0,0,0,0,"D",3732,7371
-0.13064358282108,0.0430226784997598,0.958898579710511,0,0,1,1,0,0,0,0,0,0,1,1,0,0,0,0,"D",482,7372
-0.0995088952625764,0.0325704676697714,0.834178965242217,0,0,1,1,0,0,0,0,0,0,1,1,0,0,0,0,"D",1341,7373
-0.115524331561235,0.0261338537615008,0.37062888780843,0,0,1,1,0,0,0,0,0,0,1,1,0,0,0,0,"D",3204,7374
-0.11182594798185,0.00684624815910648,0.817933410745324,0,0,1,1,0,0,0,0,0,0,1,1,0,0,0,0,"D",1763,7375
-0.116051607646341,0.0176960841690821,0.66243290854479,0,0,1,1,0,0,0,0,0,0,1,1,0,0,0,0,"D",2318,7376
-0.127349534440886,0.0420327400797612,0.937298079476464,0,0,1,1,0,0,0,0,0,0,1,1,0,0,0,0,"D",1059,7377
-0.101539896709422,0.0544402936496243,0.488342764655455,0,0,1,1,0,0,0,0,0,0,1,1,0,0,0,0,"D",1290,7378
-0.13892364492846,0.0150626603371016,0.80325600873512,0,0,1,1,0,0,0,0,0,0,1,1,0,0,0,0,"D",3146,7379
-0.117314573965034,0.0238278181477794,0.409627047634952,0,0,1,1,0,0,0,0,0,0,1,1,0,0,0,0,"D",1594,7380
-0.105108795810463,0.0117308783396569,0.135049400516615,0,0,1,1,0,0,0,0,0,0,1,1,0,0,0,0,"D",2727,7381
-0.132908021072137,0.0391996294367499,0.904700576032621,0,0,1,1,0,0,0,0,0,0,1,1,0,0,0,0,"D",2960,7382
-0.12113953542782,0.0509327711273582,0.669037196064048,0,0,1,1,0,0,0,0,0,0,1,1,0,0,0,0,"D",3738,7383
-0.102345118587349,0.0179959963191673,0.826536536145191,0,0,1,1,0,0,0,0,0,0,1,1,0,0,0,0,"D",1567,7384
-0.10932963349238,0.00863274537345244,0.809641257149097,0,0,1,1,0,0,0,0,0,0,1,1,0,0,0,0,"D",1930,7385
-0.128075072681184,0.0272668550925289,0.22362629030896,0,0,1,1,0,0,0,0,0,0,1,1,0,0,0,0,"D",3714,7386
-0.117242260350593,0.0285677009433215,0.768180261106389,0,0,1,1,0,0,0,0,0,0,1,1,0,0,0,0,"D",435,7387
-0.125741469133938,0.0317390723705732,1.02562558738316,0,0,1,1,0,0,0,0,0,0,1,1,0,0,0,0,"D",1461,7388
-0.145001149629468,0.0146744135676094,0.910131235541573,0,0,1,1,0,0,0,0,0,0,1,1,0,0,0,0,"D",2661,7389
-0.0977830343517743,0.00593631820867476,1.00703564479265,0,0,1,1,0,0,0,0,0,0,1,1,0,0,0,0,"D",1967,7390
-0.119301176093014,0.0148395548140592,0.936323135504434,0,0,1,1,0,0,0,0,0,0,1,1,0,0,0,0,"D",2087,7391
-0.102079222850549,0.0463274654884694,0.609753990663254,0,0,1,1,0,0,0,0,0,0,1,1,0,0,0,0,"D",2137,7392
-0.119501244742254,0.0319027797637796,0.954864266575972,0,0,1,1,0,0,0,0,0,0,1,1,0,0,0,0,"D",2578,7393
-0.104284400779983,0.0054309004858648,1.28911223633115,0,0,1,1,0,0,0,0,0,0,1,1,0,0,0,0,"D",899,7394
-0.101984653235847,0.0496000406571729,0.932328636965784,0,0,1,1,0,0,0,0,0,0,1,1,0,0,0,0,"D",3030,7395
-0.116637434979281,0.0481762077260994,0.838023507311587,0,0,1,1,0,0,0,0,0,0,1,1,0,0,0,0,"D",2602,7396
-0.105154458509467,0.0181454082256823,-0.31537588443336,0,0,1,1,0,0,0,0,0,0,1,1,0,0,0,0,"D",394,7397
-0.120462426180357,0.0203068060641309,1.0950090664885,0,0,1,1,0,0,0,0,0,0,1,1,0,0,0,0,"D",3326,7398
-0.100860949882939,-0.00936167116499097,0.747988913526853,0,0,1,1,0,0,0,0,0,0,1,1,0,0,0,0,"D",2240,7399
-0.160332352657067,0.128470484263345,1.08922762431023,0,0,1,1,0,0,0,0,0,0,1,0,0,1,0,0,"C",491,7400
-0.114642557534208,0.112961457283082,1.11976108732684,0,0,1,1,0,0,0,0,0,0,1,0,0,1,0,0,"C",3721,7401
-0.125626225312764,0.0967156461851592,0.877054000806107,0,0,1,1,0,0,0,0,0,0,1,0,0,1,0,0,"C",3402,7402
-0.0964797727611029,0.0822673759206569,1.55811235145303,0,0,1,1,0,0,0,0,0,0,1,0,0,1,0,0,"C",368,7403
-0.118873887755308,0.100157383104913,1.24685813990934,0,0,1,1,0,0,0,0,0,0,1,0,0,1,0,0,"C",1484,7404
-0.147112686415091,0.113350316597732,0.790224811887208,0,0,1,1,0,0,0,0,0,0,1,0,0,1,0,0,"C",2487,7405
-0.143483882943571,0.0790242269627785,0.300720164764852,0,0,1,1,0,0,0,0,0,0,1,0,0,1,0,0,"C",1608,7406
-0.13400144744629,0.0887357585478807,0.736605541563414,0,0,1,1,0,0,0,0,0,0,1,0,0,1,0,0,"C",1462,7407
-0.123155025896012,0.0842881948011637,0.916622382043953,0,0,1,1,0,0,0,0,0,0,1,0,0,1,0,0,"C",3495,7408
-0.140426615747917,0.131703087899561,1.51818008187315,0,0,1,1,0,0,0,0,0,0,1,0,0,1,0,0,"C",3583,7409
-0.159128190956161,0.119666145332072,1.00830677575959,0,0,1,1,0,0,0,0,0,0,1,0,0,1,0,0,"C",1747,7410
-0.145432850828505,0.0987961981923332,0.754149953286931,0,0,1,1,0,0,0,0,0,0,1,0,0,1,0,0,"C",344,7411
-0.0949260840131368,0.0638119076243188,1.69511533702709,0,0,1,1,0,0,0,0,0,0,1,0,0,1,0,0,"C",3343,7412
-0.136089387907052,0.11491166935766,1.47565210678309,0,0,1,1,0,0,0,0,0,0,1,0,0,1,0,0,"C",2191,7413
-0.119007524989246,0.101622660753559,1.40574835745228,0,0,1,1,0,0,0,0,0,0,1,0,0,1,0,0,"C",2986,7414
-0.156701963940009,0.115754597235122,0.927790016514784,0,0,1,1,0,0,0,0,0,0,1,0,0,1,0,0,"C",3527,7415
-0.139861633571647,0.101263050433516,1.14534309218127,0,0,1,1,0,0,0,0,0,0,1,0,0,1,0,0,"C",3748,7416
-0.140132149884833,0.119776831665187,1.04155108175735,0,0,1,1,0,0,0,0,0,0,1,0,0,1,0,0,"C",930,7417
-0.129264467744324,0.0855742744630788,1.04963406574821,0,0,1,1,0,0,0,0,0,0,1,0,0,1,0,0,"C",1560,7418
-0.101744614361083,0.0708963120566863,0.999000621384592,0,0,1,1,0,0,0,0,0,0,1,0,0,1,0,0,"C",1549,7419
-0.111078255404748,0.077408243144638,0.555564957956402,0,0,1,1,0,0,0,0,0,0,1,0,0,1,0,0,"C",3423,7420
-0.109611533092174,0.0972173690453957,1.17044960911557,0,0,1,1,0,0,0,0,0,0,1,0,0,1,0,0,"C",3464,7421
-0.138894759216611,0.0932912146867603,0.591914862553633,0,0,1,1,0,0,0,0,0,0,1,0,0,1,0,0,"C",1646,7422
-0.131267219526669,0.100090964080554,0.595970263414747,0,0,1,1,0,0,0,0,0,0,1,0,0,1,0,0,"C",2823,7423
-0.132280876034799,0.100725566743714,0.619742853817594,0,0,1,1,0,0,0,0,0,0,1,0,0,1,0,0,"C",2022,7424
-0.111420675091167,0.100176764907895,0.856734502521034,0,0,1,1,0,0,0,0,0,0,1,0,0,1,0,0,"C",1255,7425
-0.143749769852217,0.121039330682828,0.996842384003548,0,0,1,1,0,0,0,0,0,0,1,0,0,1,0,0,"C",1691,7426
-0.126079509440193,0.114907976963415,0.699923166767559,0,0,1,1,0,0,0,0,0,0,1,0,0,1,0,0,"C",3414,7427
-0.137696708491368,0.115312181228401,0.747814224237703,0,0,1,1,0,0,0,0,0,0,1,0,0,1,0,0,"C",1362,7428
-0.127260897325087,0.085286528017849,1.47729875590012,0,0,1,1,0,0,0,0,0,0,1,0,0,1,0,0,"C",2845,7429
-0.127835114378881,0.103683055351592,1.03104229413669,0,0,1,1,0,0,0,0,0,0,1,0,0,1,0,0,"C",2333,7430
-0.132464722420049,0.0732449801627185,1.06583110067147,0,0,1,1,0,0,0,0,0,0,1,0,0,1,0,0,"C",2005,7431
-0.138892232037146,0.0753699311564889,1.7391151418099,0,0,1,1,0,0,0,0,0,0,1,0,0,1,0,0,"C",2937,7432
-0.104634032735831,0.0801775540544376,1.04010809863111,0,0,1,1,0,0,0,0,0,0,1,0,0,1,0,0,"C",1628,7433
-0.143227760098401,0.0785321671110303,0.37532423370512,0,0,1,1,0,0,0,0,0,0,1,0,0,1,0,0,"C",3122,7434
-0.115979858382279,0.0910958534409587,0.124720285105597,0,0,1,1,0,0,0,0,0,0,1,0,0,1,0,0,"C",666,7435
-0.104076332332925,0.0520119386297795,1.39728938925785,0,0,1,1,0,0,0,0,0,0,1,0,0,1,0,0,"C",1125,7436
-0.121198212770102,0.0882094899885264,1.04058021752643,0,0,1,1,0,0,0,0,0,0,1,0,0,1,0,0,"C",33,7437
-0.147502895742145,0.103274205571613,0.671397501317678,0,0,1,1,0,0,0,0,0,0,1,0,0,1,0,0,"C",1671,7438
-0.107957593777342,0.0835703317806361,1.11759522700871,0,0,1,1,0,0,0,0,0,0,1,0,0,1,0,0,"C",2714,7439
-0.144546775299609,0.101477427301833,1.1070712600152,0,0,1,1,0,0,0,0,0,0,1,0,0,1,0,0,"C",946,7440
-0.103741808334063,0.0428958390674965,0.247299093551828,0,0,1,1,0,0,0,0,0,0,1,0,0,1,0,0,"C",2718,7441
-0.156881718487012,0.100765538153877,0.622812198998563,0,0,1,1,0,0,0,0,0,0,1,0,0,1,0,0,"C",2372,7442
-0.106604436649918,0.107239113215341,1.36818835435158,0,0,1,1,0,0,0,0,0,0,1,0,0,1,0,0,"C",1117,7443
-0.134220170226622,0.0984001867152116,0.974759050613224,0,0,1,1,0,0,0,0,0,0,1,0,0,1,0,0,"C",3186,7444
-0.108816882105504,0.0535347964749621,0.500941470847311,0,0,1,1,0,0,0,0,0,0,1,0,0,1,0,0,"C",2648,7445
-0.141703015809924,0.115944246228551,1.46695032200132,0,0,1,1,0,0,0,0,0,0,1,0,0,1,0,0,"C",3379,7446
-0.0988709193582933,0.0860992040548939,0.811358499948272,0,0,1,1,0,0,0,0,0,0,1,0,0,1,0,0,"C",2742,7447
-0.106956011822918,0.0775526291389641,0.680344303334997,0,0,1,1,0,0,0,0,0,0,1,0,0,1,0,0,"C",2336,7448
-0.137258472264894,0.0866405426182713,1.4399564987253,0,0,1,1,0,0,0,0,0,0,1,0,0,1,0,0,"C",267,7449
-0.100542808755253,0.0865057850154034,1.61655065612116,0,0,1,1,0,0,0,0,0,0,1,0,0,1,0,0,"C",1359,7450
-0.132461614079054,0.0890373904637329,1.16083370239745,0,0,1,1,0,0,0,0,0,0,1,0,0,1,0,0,"C",1441,7451
-0.12477937391378,0.0855898774094171,0.699282123872216,0,0,1,1,0,0,0,0,0,0,1,0,0,1,0,0,"C",1962,7452
-0.13561093086262,0.0657453373510664,0.741747473475138,0,0,1,1,0,0,0,0,0,0,1,0,0,1,0,0,"C",3717,7453
-0.140869840638284,0.113355723554199,1.25101247639188,0,0,1,1,0,0,0,0,0,0,1,0,0,1,0,0,"C",347,7454
-0.136835980711362,0.101072379031254,1.07646756539114,0,0,1,1,0,0,0,0,0,0,1,0,0,1,0,0,"C",2090,7455
-0.108128757783975,0.109539441150664,0.75939836374057,0,0,1,1,0,0,0,0,0,0,1,0,0,1,0,0,"C",3406,7456
-0.145919876158904,0.0879735932013627,0.206716853239453,0,0,1,1,0,0,0,0,0,0,1,0,0,1,0,0,"C",2061,7457
-0.113732661125142,0.100213551001126,1.18969621876028,0,0,1,1,0,0,0,0,0,0,1,0,0,1,0,0,"C",3699,7458
-0.140677217617831,0.108022513813651,1.3763942673614,0,0,1,1,0,0,0,0,0,0,1,0,0,1,0,0,"C",1385,7459
-0.0963322741242215,0.0860209905493144,1.53340012499512,0,0,1,1,0,0,0,0,0,0,1,0,0,1,0,0,"C",729,7460
-0.110952412485491,0.0842872270819718,1.34086383145321,0,0,1,1,0,0,0,0,0,0,1,0,0,1,0,0,"C",712,7461
-0.100227090928738,0.0766614610962256,0.668173577133942,0,0,1,1,0,0,0,0,0,0,1,0,0,1,0,0,"C",656,7462
-0.112706357827945,0.0920073151432663,1.76242934530946,0,0,1,1,0,0,0,0,0,0,1,0,0,1,0,0,"C",1397,7463
-0.132956566013788,0.057759504520983,1.29553630427237,0,0,1,1,0,0,0,0,0,0,1,0,0,1,0,0,"C",2074,7464
-0.111670420307887,0.0732489444444626,0.887411802507798,0,0,1,1,0,0,0,0,0,0,1,0,0,1,0,0,"C",857,7465
-0.149973944754925,0.102070775590923,1.21834019484041,0,0,1,1,0,0,0,0,0,0,1,0,0,1,0,0,"C",2257,7466
-0.111360545318205,0.0589163804724259,0.50303890670906,0,0,1,1,0,0,0,0,0,0,1,0,0,1,0,0,"C",1072,7467
-0.133599545039794,0.0937589977916892,-0.0113876141893911,0,0,1,1,0,0,0,0,0,0,1,0,0,1,0,0,"C",1687,7468
-0.150422581653547,0.117497161160274,1.5032530160974,0,0,1,1,0,0,0,0,0,0,1,0,0,1,0,0,"C",2575,7469
-0.117430646812091,0.0710026026013937,1.168888632357,0,0,1,1,0,0,0,0,0,0,1,0,0,1,0,0,"C",3006,7470
-0.145634519791906,0.094891972692169,1.43829985674468,0,0,1,1,0,0,0,0,0,0,1,0,0,1,0,0,"C",3732,7471
-0.140436840715958,0.0849651403699081,1.09196283544766,0,0,1,1,0,0,0,0,0,0,1,0,0,1,0,0,"C",482,7472
-0.139383414851404,0.0607203940499434,1.26016624932572,0,0,1,1,0,0,0,0,0,0,1,0,0,1,0,0,"C",1341,7473
-0.112353514981384,0.0930395378197535,1.47160895959024,0,0,1,1,0,0,0,0,0,0,1,0,0,1,0,0,"C",3204,7474
-0.0940651770453406,0.0700560451642906,0.879036830400821,0,0,1,1,0,0,0,0,0,0,1,0,0,1,0,0,"C",1763,7475
-0.105181251577181,0.0686368292974082,1.71828692769548,0,0,1,1,0,0,0,0,0,0,1,0,0,1,0,0,"C",2318,7476
-0.104620835536118,0.0473567891333675,1.25063133197921,0,0,1,1,0,0,0,0,0,0,1,0,0,1,0,0,"C",1059,7477
-0.143895926984974,0.0879025619168595,1.24256536181773,0,0,1,1,0,0,0,0,0,0,1,0,0,1,0,0,"C",1290,7478
-0.133347233595469,0.0810891992092874,1.18423190982341,0,0,1,1,0,0,0,0,0,0,1,0,0,1,0,0,"C",3146,7479
-0.128549210401721,0.0875578679267914,1.57610984891967,0,0,1,1,0,0,0,0,0,0,1,0,0,1,0,0,"C",1594,7480
-0.151350570379679,0.0986721090569806,0.416913100045564,0,0,1,1,0,0,0,0,0,0,1,0,0,1,0,0,"C",2727,7481
-0.116483781263006,0.0708811536193037,0.377187264078163,0,0,1,1,0,0,0,0,0,0,1,0,0,1,0,0,"C",2960,7482
-0.0946446138378848,0.0579831189965456,0.861577361582814,0,0,1,1,0,0,0,0,0,0,1,0,0,1,0,0,"C",3738,7483
-0.147737284870201,0.114385519590131,1.11004159082053,0,0,1,1,0,0,0,0,0,0,1,0,0,1,0,0,"C",1567,7484
-0.119448308538846,0.0925877834163147,1.54331953029968,0,0,1,1,0,0,0,0,0,0,1,0,0,1,0,0,"C",1930,7485
-0.0881327164968364,0.0523543427444636,0.428959726884396,0,0,1,1,0,0,0,0,0,0,1,0,0,1,0,0,"C",3714,7486
-0.12801119095025,0.0842036744423758,1.0494914901473,0,0,1,1,0,0,0,0,0,0,1,0,0,1,0,0,"C",435,7487
-0.133615408444845,0.108904354134755,1.13264289366725,0,0,1,1,0,0,0,0,0,0,1,0,0,1,0,0,"C",1461,7488
-0.142274537251048,0.0834479424806547,1.12207799504465,0,0,1,1,0,0,0,0,0,0,1,0,0,1,0,0,"C",2661,7489
-0.118100396044085,0.0684862963414276,0.848744775312754,0,0,1,1,0,0,0,0,0,0,1,0,0,1,0,0,"C",1967,7490
-0.105314976893184,0.0709530268565266,0.53903699820711,0,0,1,1,0,0,0,0,0,0,1,0,0,1,0,0,"C",2087,7491
-0.0955566397639623,0.051841914269032,0.821962394009291,0,0,1,1,0,0,0,0,0,0,1,0,0,1,0,0,"C",2137,7492
-0.109728452259857,0.082590980263381,1.13252457215314,0,0,1,1,0,0,0,0,0,0,1,0,0,1,0,0,"C",2578,7493
-0.112432535337688,0.095598468189402,1.26218834700295,0,0,1,1,0,0,0,0,0,0,1,0,0,1,0,0,"C",899,7494
-0.157552765354137,0.0909728511867141,1.52358870066907,0,0,1,1,0,0,0,0,0,0,1,0,0,1,0,0,"C",3030,7495
-0.126340810606435,0.0822224538697353,1.01472317959861,0,0,1,1,0,0,0,0,0,0,1,0,0,1,0,0,"C",2602,7496
-0.154170166340877,0.0988834806505667,1.43297388205911,0,0,1,1,0,0,0,0,0,0,1,0,0,1,0,0,"C",394,7497
-0.114206014972943,0.0709372051539287,0.779492030030955,0,0,1,1,0,0,0,0,0,0,1,0,0,1,0,0,"C",3326,7498
-0.176857029682658,0.139747965205579,0.975634245075019,0,0,1,1,0,0,0,0,0,0,1,0,0,1,0,0,"C",2240,7499
-0.1154861611999,0.056428809065447,1.82690963560029,0,0,1,1,0,0,0,0,0,0,1,0,0,1,0,0,"D",491,7500
-0.164407893571692,0.0667205544472031,1.16938365105714,0,0,1,1,0,0,0,0,0,0,1,0,0,1,0,0,"D",3721,7501
-0.107107222944237,0.013453322142751,0.386393992850466,0,0,1,1,0,0,0,0,0,0,1,0,0,1,0,0,"D",3402,7502
-0.108197016127722,0.050049093535545,0.897187762946715,0,0,1,1,0,0,0,0,0,0,1,0,0,1,0,0,"D",368,7503
-0.129326357937242,0.0386060274385619,1.71150682793489,0,0,1,1,0,0,0,0,0,0,1,0,0,1,0,0,"D",1484,7504
-0.154433532590544,0.0387536877346522,0.855243300621053,0,0,1,1,0,0,0,0,0,0,1,0,0,1,0,0,"D",2487,7505
-0.133105038687113,0.0706177900739152,1.21926441747519,0,0,1,1,0,0,0,0,0,0,1,0,0,1,0,0,"D",1608,7506
-0.160286612893786,0.0388372426486717,1.10759216996175,0,0,1,1,0,0,0,0,0,0,1,0,0,1,0,0,"D",1462,7507
-0.128495133013463,0.078164638406146,1.03559377931998,0,0,1,1,0,0,0,0,0,0,1,0,0,1,0,0,"D",3495,7508
-0.155489148280806,0.0590759417525133,0.805728702749944,0,0,1,1,0,0,0,0,0,0,1,0,0,1,0,0,"D",3583,7509
-0.136436224119383,0.0121520540893087,1.11787659306786,0,0,1,1,0,0,0,0,0,0,1,0,0,1,0,0,"D",1747,7510
-0.106945547892937,0.0366267976526884,0.986044184048727,0,0,1,1,0,0,0,0,0,0,1,0,0,1,0,0,"D",344,7511
-0.145077035987235,0.0276034566119761,1.57274233443445,0,0,1,1,0,0,0,0,0,0,1,0,0,1,0,0,"D",3343,7512
-0.14845427531873,0.0586105112593388,1.38305768221891,0,0,1,1,0,0,0,0,0,0,1,0,0,1,0,0,"D",2191,7513
-0.142040377772432,0.0179195076819453,0.830606945989722,0,0,1,1,0,0,0,0,0,0,1,0,0,1,0,0,"D",2986,7514
-0.109348347548106,0.0302334832937862,1.20417017435904,0,0,1,1,0,0,0,0,0,0,1,0,0,1,0,0,"D",3527,7515
-0.143952785600889,0.0389662206882379,0.678941538272,0,0,1,1,0,0,0,0,0,0,1,0,0,1,0,0,"D",3748,7516
-0.158089064684386,0.0412859738185511,1.15530726126012,0,0,1,1,0,0,0,0,0,0,1,0,0,1,0,0,"D",930,7517
-0.120865947255183,0.0304103643870104,1.0547851707431,0,0,1,1,0,0,0,0,0,0,1,0,0,1,0,0,"D",1560,7518
-0.165434343155641,0.0689689538506903,1.14863341643603,0,0,1,1,0,0,0,0,0,0,1,0,0,1,0,0,"D",1549,7519
-0.0902496697610943,-0.0156707401403126,1.2496691583446,0,0,1,1,0,0,0,0,0,0,1,0,0,1,0,0,"D",3423,7520
-0.107041558404008,0.0249370737160862,0.935496313194715,0,0,1,1,0,0,0,0,0,0,1,0,0,1,0,0,"D",3464,7521
-0.107513773116857,0.0385891173354842,1.87563443001019,0,0,1,1,0,0,0,0,0,0,1,0,0,1,0,0,"D",1646,7522
-0.132321378767611,0.0278513354422426,0.534919796974561,0,0,1,1,0,0,0,0,0,0,1,0,0,1,0,0,"D",2823,7523
-0.180348649479045,0.0596598789846552,1.05684967923089,0,0,1,1,0,0,0,0,0,0,1,0,0,1,0,0,"D",2022,7524
-0.0683990302971477,-0.00247121668003493,0.601390110869406,0,0,1,1,0,0,0,0,0,0,1,0,0,1,0,0,"D",1255,7525
-0.106045727437534,0.0319578910592399,0.634651772503751,0,0,1,1,0,0,0,0,0,0,1,0,0,1,0,0,"D",1691,7526
-0.105452679013697,0.0293985772205465,0.00263991596481112,0,0,1,1,0,0,0,0,0,0,1,0,0,1,0,0,"D",3414,7527
-0.139961588949057,0.0249795728780624,1.15897852354216,0,0,1,1,0,0,0,0,0,0,1,0,0,1,0,0,"D",1362,7528
-0.134307240784828,0.0364176601493573,1.16152508984073,0,0,1,1,0,0,0,0,0,0,1,0,0,1,0,0,"D",2845,7529
-0.158644019462162,0.0485563195950096,1.14795935478434,0,0,1,1,0,0,0,0,0,0,1,0,0,1,0,0,"D",2333,7530
-0.148928482492731,0.0253889287381293,1.20223049746959,0,0,1,1,0,0,0,0,0,0,1,0,0,1,0,0,"D",2005,7531
-0.0987196877257022,0.0132392364547668,1.52230006151022,0,0,1,1,0,0,0,0,0,0,1,0,0,1,0,0,"D",2937,7532
-0.169216377414298,0.0861832752990214,0.941507517799423,0,0,1,1,0,0,0,0,0,0,1,0,0,1,0,0,"D",1628,7533
-0.122107269029972,0.0587035279149927,0.8099162302827,0,0,1,1,0,0,0,0,0,0,1,0,0,1,0,0,"D",3122,7534
-0.131610964823556,0.0346276411011147,1.54972156093942,0,0,1,1,0,0,0,0,0,0,1,0,0,1,0,0,"D",666,7535
-0.0952803945676354,0.0241918142853461,0.500237223955579,0,0,1,1,0,0,0,0,0,0,1,0,0,1,0,0,"D",1125,7536
-0.140861821443599,0.0450496165686602,0.891334457610116,0,0,1,1,0,0,0,0,0,0,1,0,0,1,0,0,"D",33,7537
-0.135638516709897,0.0534406500466653,0.830371983812931,0,0,1,1,0,0,0,0,0,0,1,0,0,1,0,0,"D",1671,7538
-0.113936009892862,0.0180810777518529,1.46857859790615,0,0,1,1,0,0,0,0,0,0,1,0,0,1,0,0,"D",2714,7539
-0.144533805215697,0.0762193441629231,0.926556516559667,0,0,1,1,0,0,0,0,0,0,1,0,0,1,0,0,"D",946,7540
-0.160615968873562,0.0452530994778586,0.964226069384766,0,0,1,1,0,0,0,0,0,0,1,0,0,1,0,0,"D",2718,7541
-0.149719513312278,0.0503587971333471,0.741843742592564,0,0,1,1,0,0,0,0,0,0,1,0,0,1,0,0,"D",2372,7542
-0.114018080127444,0.0136865302130275,0.550882138708207,0,0,1,1,0,0,0,0,0,0,1,0,0,1,0,0,"D",1117,7543
-0.142016574931183,0.0121979249082629,1.34727210126237,0,0,1,1,0,0,0,0,0,0,1,0,0,1,0,0,"D",3186,7544
-0.118603712338772,0.042478822952512,0.641213214346807,0,0,1,1,0,0,0,0,0,0,1,0,0,1,0,0,"D",2648,7545
-0.168552582709942,0.110052077975337,1.59968579077742,0,0,1,1,0,0,0,0,0,0,1,0,0,1,0,0,"D",3379,7546
-0.124337515771694,0.00651506725323745,1.06082982968619,0,0,1,1,0,0,0,0,0,0,1,0,0,1,0,0,"D",2742,7547
-0.0897602581212736,-0.039665110427606,1.64390517499337,0,0,1,1,0,0,0,0,0,0,1,0,0,1,0,0,"D",2336,7548
-0.146916471893852,0.0380703774506181,1.13711097050219,0,0,1,1,0,0,0,0,0,0,1,0,0,1,0,0,"D",267,7549
-0.120778950013769,0.0445436274628483,0.893285240065795,0,0,1,1,0,0,0,0,0,0,1,0,0,1,0,0,"D",1359,7550
-0.129086260022908,0.00392146141728452,1.50814941503239,0,0,1,1,0,0,0,0,0,0,1,0,0,1,0,0,"D",1441,7551
-0.0992388195296253,-0.000467653541928915,1.25316703936442,0,0,1,1,0,0,0,0,0,0,1,0,0,1,0,0,"D",1962,7552
-0.144473189703569,0.0472266658194246,1.11793321478533,0,0,1,1,0,0,0,0,0,0,1,0,0,1,0,0,"D",3717,7553
-0.130237956737743,0.0457575261131829,0.894472341480008,0,0,1,1,0,0,0,0,0,0,1,0,0,1,0,0,"D",347,7554
-0.186099222501098,0.0891254688375845,0.869092106458013,0,0,1,1,0,0,0,0,0,0,1,0,0,1,0,0,"D",2090,7555
-0.163059844024619,0.0752935611954877,1.20216848983516,0,0,1,1,0,0,0,0,0,0,1,0,0,1,0,0,"D",3406,7556
-0.125892957300486,0.0157930257852457,0.901997748582056,0,0,1,1,0,0,0,0,0,0,1,0,0,1,0,0,"D",2061,7557
-0.101723066418927,0.055871378583018,1.75426035502007,0,0,1,1,0,0,0,0,0,0,1,0,0,1,0,0,"D",3699,7558
-0.142186473966694,0.0694075187852775,1.22889705486234,0,0,1,1,0,0,0,0,0,0,1,0,0,1,0,0,"D",1385,7559
-0.106326760325225,0.0237643456457951,0.876143198394536,0,0,1,1,0,0,0,0,0,0,1,0,0,1,0,0,"D",729,7560
-0.14062789324984,0.0684331495852655,1.6203033442173,0,0,1,1,0,0,0,0,0,0,1,0,0,1,0,0,"D",712,7561
-0.129339762457874,0.0362706099474165,0.559418430965909,0,0,1,1,0,0,0,0,0,0,1,0,0,1,0,0,"D",656,7562
-0.176426992568809,0.0502636843047529,1.21184827391242,0,0,1,1,0,0,0,0,0,0,1,0,0,1,0,0,"D",1397,7563
-0.10132623462545,0.0303031373574823,0.759920439632282,0,0,1,1,0,0,0,0,0,0,1,0,0,1,0,0,"D",2074,7564
-0.120449280052842,0.0512559337193949,1.88360081685038,0,0,1,1,0,0,0,0,0,0,1,0,0,1,0,0,"D",857,7565
-0.126308954244535,0.0484138659886674,0.816317366005335,0,0,1,1,0,0,0,0,0,0,1,0,0,1,0,0,"D",2257,7566
-0.116248072617691,0.0389299008014218,1.3638294476565,0,0,1,1,0,0,0,0,0,0,1,0,0,1,0,0,"D",1072,7567
-0.13641465688573,0.0600901912782012,1.03265151576288,0,0,1,1,0,0,0,0,0,0,1,0,0,1,0,0,"D",1687,7568
-0.116981666165835,0.0384320992638997,1.2876713212106,0,0,1,1,0,0,0,0,0,0,1,0,0,1,0,0,"D",2575,7569
-0.147095710494013,0.0404959620123,2.00983364210379,0,0,1,1,0,0,0,0,0,0,1,0,0,1,0,0,"D",3006,7570
-0.160577436859805,0.0745317944707849,1.26236031898041,0,0,1,1,0,0,0,0,0,0,1,0,0,1,0,0,"D",3732,7571
-0.117906025678058,0.0283249262367231,1.18094338754039,0,0,1,1,0,0,0,0,0,0,1,0,0,1,0,0,"D",482,7572
-0.115621685995013,0.0645420666376465,0.508202800823704,0,0,1,1,0,0,0,0,0,0,1,0,0,1,0,0,"D",1341,7573
-0.098011390335175,0.0344108596188908,0.800627960177361,0,0,1,1,0,0,0,0,0,0,1,0,0,1,0,0,"D",3204,7574
-0.116801118064475,0.031538325280586,0.995525772360937,0,0,1,1,0,0,0,0,0,0,1,0,0,1,0,0,"D",1763,7575
-0.131062019058625,0.0473763885363108,1.07870571526089,0,0,1,1,0,0,0,0,0,0,1,0,0,1,0,0,"D",2318,7576
-0.134469709697643,0.0521550607708769,1.61172498893871,0,0,1,1,0,0,0,0,0,0,1,0,0,1,0,0,"D",1059,7577
-0.0911781051382344,0.045246923679324,0.68157736222151,0,0,1,1,0,0,0,0,0,0,1,0,0,1,0,0,"D",1290,7578
-0.156612081957047,0.0365233863841347,0.877833263864329,0,0,1,1,0,0,0,0,0,0,1,0,0,1,0,0,"D",3146,7579
-0.151441832413275,0.0552779298885784,1.85912891736606,0,0,1,1,0,0,0,0,0,0,1,0,0,1,0,0,"D",1594,7580
-0.118902737722437,0.0489720615676804,1.49213260032311,0,0,1,1,0,0,0,0,0,0,1,0,0,1,0,0,"D",2727,7581
-0.168740403659967,0.0581116890708652,0.963803223936257,0,0,1,1,0,0,0,0,0,0,1,0,0,1,0,0,"D",2960,7582
-0.116248215911006,0.0515982530619777,1.22028979262631,0,0,1,1,0,0,0,0,0,0,1,0,0,1,0,0,"D",3738,7583
-0.114768440460083,0.0512584672609876,1.49006225142892,0,0,1,1,0,0,0,0,0,0,1,0,0,1,0,0,"D",1567,7584
-0.138925614600087,0.0189384119591468,1.05718208255143,0,0,1,1,0,0,0,0,0,0,1,0,0,1,0,0,"D",1930,7585
-0.0935652820745903,0.0393054745015997,1.40307052166916,0,0,1,1,0,0,0,0,0,0,1,0,0,1,0,0,"D",3714,7586
-0.12866592966243,0.0400596002087275,1.10991038579131,0,0,1,1,0,0,0,0,0,0,1,0,0,1,0,0,"D",435,7587
-0.154378281410022,0.0465798332509442,0.947403088918926,0,0,1,1,0,0,0,0,0,0,1,0,0,1,0,0,"D",1461,7588
-0.143786907953143,-8.13551511685759e-05,1.3306657209626,0,0,1,1,0,0,0,0,0,0,1,0,0,1,0,0,"D",2661,7589
-0.140526868819919,0.0499496171515905,0.979812921555376,0,0,1,1,0,0,0,0,0,0,1,0,0,1,0,0,"D",1967,7590
-0.128608931335805,0.0269031419877828,0.934802217580196,0,0,1,1,0,0,0,0,0,0,1,0,0,1,0,0,"D",2087,7591
-0.104140642533429,0.016192930150321,2.05211053451256,0,0,1,1,0,0,0,0,0,0,1,0,0,1,0,0,"D",2137,7592
-0.116872526136868,0.0350219362598623,1.21873637452295,0,0,1,1,0,0,0,0,0,0,1,0,0,1,0,0,"D",2578,7593
-0.14415709999125,0.0304958080122621,1.27690169493781,0,0,1,1,0,0,0,0,0,0,1,0,0,1,0,0,"D",899,7594
-0.124689141319914,0.0456491646803918,1.1341570884653,0,0,1,1,0,0,0,0,0,0,1,0,0,1,0,0,"D",3030,7595
-0.126413714205521,0.0577254994320113,1.26550915010971,0,0,1,1,0,0,0,0,0,0,1,0,0,1,0,0,"D",2602,7596
-0.110178786171063,0.0680099100465222,1.26289310744958,0,0,1,1,0,0,0,0,0,0,1,0,0,1,0,0,"D",394,7597
-0.140100544148266,0.0384818949539304,1.08824452672256,0,0,1,1,0,0,0,0,0,0,1,0,0,1,0,0,"D",3326,7598
-0.166505906167292,0.0412010725814856,0.823392239775315,0,0,1,1,0,0,0,0,0,0,1,0,0,1,0,0,"D",2240,7599
-0.100667462501721,0.099404537510913,-0.547609909160736,0,0,1,1,0,0,0,0,0,0,1,0,0,0,1,0,"C",491,7600
-0.174038621832806,0.146017182982011,-2.08940799420694,0,0,1,1,0,0,0,0,0,0,1,0,0,0,1,0,"C",3721,7601
-0.123543302801948,0.109383237948745,-0.824352008883017,0,0,1,1,0,0,0,0,0,0,1,0,0,0,1,0,"C",3402,7602
-0.10318464774883,0.0886629290159937,-1.49482544220276,0,0,1,1,0,0,0,0,0,0,1,0,0,0,1,0,"C",368,7603
-0.0743832404860058,0.0653654053537451,-1.43352301675678,0,0,1,1,0,0,0,0,0,0,1,0,0,0,1,0,"C",1484,7604
-0.100570331847336,0.0788758766112449,-1.14526196687186,0,0,1,1,0,0,0,0,0,0,1,0,0,0,1,0,"C",2487,7605
-0.106712879214154,0.0618643865313582,-0.505070588599257,0,0,1,1,0,0,0,0,0,0,1,0,0,0,1,0,"C",1608,7606
-0.06427183579108,0.0382138093167116,-0.549397008609155,0,0,1,1,0,0,0,0,0,0,1,0,0,0,1,0,"C",1462,7607
-0.141159570804197,0.119237040897402,-1.57192836141162,0,0,1,1,0,0,0,0,0,0,1,0,0,0,1,0,"C",3495,7608
-0.104639637297075,0.0801434019309327,-1.78957010277299,0,0,1,1,0,0,0,0,0,0,1,0,0,0,1,0,"C",3583,7609
-0.162025870333772,0.124513761408868,-0.986279789221582,0,0,1,1,0,0,0,0,0,0,1,0,0,0,1,0,"C",1747,7610
-0.146912601702695,0.121060980459219,-1.22874089587204,0,0,1,1,0,0,0,0,0,0,1,0,0,0,1,0,"C",344,7611
-0.103288244917116,0.0827776391878023,-1.52788062219646,0,0,1,1,0,0,0,0,0,0,1,0,0,0,1,0,"C",3343,7612
-0.112054410060891,0.0947791719368272,-1.50283530731202,0,0,1,1,0,0,0,0,0,0,1,0,0,0,1,0,"C",2191,7613
-0.128179708930399,0.111122807595006,-2.2166545111119,0,0,1,1,0,0,0,0,0,0,1,0,0,0,1,0,"C",2986,7614
-0.0814121913137436,0.0653649131330016,-0.501363358675693,0,0,1,1,0,0,0,0,0,0,1,0,0,0,1,0,"C",3527,7615
-0.0950146075369232,0.0731227444084415,-0.40066375453731,0,0,1,1,0,0,0,0,0,0,1,0,0,0,1,0,"C",3748,7616
-0.0922341031252546,0.0976083893089857,-1.20093722606772,0,0,1,1,0,0,0,0,0,0,1,0,0,0,1,0,"C",930,7617
-0.0967504871826198,0.0836583204637854,-1.6085042405706,0,0,1,1,0,0,0,0,0,0,1,0,0,0,1,0,"C",1560,7618
-0.0705389197222523,0.0481028485586566,-2.0496680994708,0,0,1,1,0,0,0,0,0,0,1,0,0,0,1,0,"C",1549,7619
-0.116955983515831,0.113796762981127,-0.41006041488299,0,0,1,1,0,0,0,0,0,0,1,0,0,0,1,0,"C",3423,7620
-0.087566977514162,0.082527529698744,-1.40205140638816,0,0,1,1,0,0,0,0,0,0,1,0,0,0,1,0,"C",3464,7621
-0.102695277452662,0.0699243250164509,-0.388600888055678,0,0,1,1,0,0,0,0,0,0,1,0,0,0,1,0,"C",1646,7622
-0.106396861479897,0.088113773182702,-1.8106498064612,0,0,1,1,0,0,0,0,0,0,1,0,0,0,1,0,"C",2823,7623
-0.119608465440817,0.0911610068429979,-1.43107558269276,0,0,1,1,0,0,0,0,0,0,1,0,0,0,1,0,"C",2022,7624
-0.111612162037642,0.105640330433706,-1.10315363923224,0,0,1,1,0,0,0,0,0,0,1,0,0,0,1,0,"C",1255,7625
-0.119820108477344,0.0966200038698961,-0.781280839542388,0,0,1,1,0,0,0,0,0,0,1,0,0,0,1,0,"C",1691,7626
-0.0846302847018906,0.0988678926697705,0.383116962302712,0,0,1,1,0,0,0,0,0,0,1,0,0,0,1,0,"C",3414,7627
-0.0920259354574509,0.106565004893099,-0.624993961469154,0,0,1,1,0,0,0,0,0,0,1,0,0,0,1,0,"C",1362,7628
-0.0951524417538905,0.066396202906303,-1.18466398311885,0,0,1,1,0,0,0,0,0,0,1,0,0,0,1,0,"C",2845,7629
-0.0600030348459846,0.0671565496698039,-0.195656986568367,0,0,1,1,0,0,0,0,0,0,1,0,0,0,1,0,"C",2333,7630
-0.115762331455486,0.0761569798963807,-0.859493729807366,0,0,1,1,0,0,0,0,0,0,1,0,0,0,1,0,"C",2005,7631
-0.119800274365576,0.0903614963912621,-2.14169912285565,0,0,1,1,0,0,0,0,0,0,1,0,0,0,1,0,"C",2937,7632
-0.108322548538501,0.0878172827312959,-1.39854365072201,0,0,1,1,0,0,0,0,0,0,1,0,0,0,1,0,"C",1628,7633
-0.131416612775776,0.0885721595571763,-0.700713717546844,0,0,1,1,0,0,0,0,0,0,1,0,0,0,1,0,"C",3122,7634
-0.111365279915002,0.104562697167384,-1.57021384990564,0,0,1,1,0,0,0,0,0,0,1,0,0,0,1,0,"C",666,7635
-0.0326570825021472,0.0167986282840505,-0.350890413642727,0,0,1,1,0,0,0,0,0,0,1,0,0,0,1,0,"C",1125,7636
-0.0675170695828915,0.0364586925905964,-0.639683029266512,0,0,1,1,0,0,0,0,0,0,1,0,0,0,1,0,"C",33,7637
-0.135040919980451,0.113071835985124,-0.441080420588118,0,0,1,1,0,0,0,0,0,0,1,0,0,0,1,0,"C",1671,7638
-0.144961695046506,0.129033210764854,-1.74446005504008,0,0,1,1,0,0,0,0,0,0,1,0,0,0,1,0,"C",2714,7639
-0.105609567839976,0.064797272700579,-1.68566699364109,0,0,1,1,0,0,0,0,0,0,1,0,0,0,1,0,"C",946,7640
-0.0492453848013959,0.038529123773913,-0.726482872739419,0,0,1,1,0,0,0,0,0,0,1,0,0,0,1,0,"C",2718,7641
-0.132750676067262,0.0909624531830855,-1.77566005365792,0,0,1,1,0,0,0,0,0,0,1,0,0,0,1,0,"C",2372,7642
-0.114181731539268,0.10428325848963,-1.193091478839,0,0,1,1,0,0,0,0,0,0,1,0,0,0,1,0,"C",1117,7643
-0.117343728718136,0.0991089710838381,-2.23867672248831,0,0,1,1,0,0,0,0,0,0,1,0,0,0,1,0,"C",3186,7644
-0.103474615312746,0.0744852861528823,-1.08147249982865,0,0,1,1,0,0,0,0,0,0,1,0,0,0,1,0,"C",2648,7645
-0.109628102188942,0.0916209850353993,-1.78737417359188,0,0,1,1,0,0,0,0,0,0,1,0,0,0,1,0,"C",3379,7646
-0.0790098562490407,0.0726998370225337,-1.44975531073553,0,0,1,1,0,0,0,0,0,0,1,0,0,0,1,0,"C",2742,7647
-0.120828450623145,0.100653090182721,-1.67295872809033,0,0,1,1,0,0,0,0,0,0,1,0,0,0,1,0,"C",2336,7648
-0.126616451280725,0.0850681503435476,-1.19009194288997,0,0,1,1,0,0,0,0,0,0,1,0,0,0,1,0,"C",267,7649
-0.0831997661764973,0.0739737024863668,-1.15721131286753,0,0,1,1,0,0,0,0,0,0,1,0,0,0,1,0,"C",1359,7650
-0.14039444781422,0.120740620513375,-1.34069192939283,0,0,1,1,0,0,0,0,0,0,1,0,0,0,1,0,"C",1441,7651
-0.0897051343705482,0.0477913434846795,-0.925608597075891,0,0,1,1,0,0,0,0,0,0,1,0,0,0,1,0,"C",1962,7652
-0.134646245714008,0.100376194899356,-0.99863574866562,0,0,1,1,0,0,0,0,0,0,1,0,0,0,1,0,"C",3717,7653
-0.0831897082539591,0.0698200446292262,-1.09800752000021,0,0,1,1,0,0,0,0,0,0,1,0,0,0,1,0,"C",347,7654
-0.101355048397601,0.0802913933365219,-0.437761610256531,0,0,1,1,0,0,0,0,0,0,1,0,0,0,1,0,"C",2090,7655
-0.102951843963309,0.109424457152716,-0.21020090943239,0,0,1,1,0,0,0,0,0,0,1,0,0,0,1,0,"C",3406,7656
-0.105648928329584,0.0597238416735613,-0.505007994766239,0,0,1,1,0,0,0,0,0,0,1,0,0,0,1,0,"C",2061,7657
-0.111338274371082,0.115476717827535,-1.07736291631912,0,0,1,1,0,0,0,0,0,0,1,0,0,0,1,0,"C",3699,7658
-0.0878970520981184,0.04528409073066,-1.1888947644149,0,0,1,1,0,0,0,0,0,0,1,0,0,0,1,0,"C",1385,7659
-0.0600346083281152,0.0379819850041718,-0.303229852564081,0,0,1,1,0,0,0,0,0,0,1,0,0,0,1,0,"C",729,7660
-0.0986990709571755,0.0887080490249895,-1.54544444944431,0,0,1,1,0,0,0,0,0,0,1,0,0,0,1,0,"C",712,7661
-0.0852773431488326,0.0634890105946153,-1.09481155377056,0,0,1,1,0,0,0,0,0,0,1,0,0,0,1,0,"C",656,7662
-0.145471096740632,0.126963036455564,-1.11314069500499,0,0,1,1,0,0,0,0,0,0,1,0,0,0,1,0,"C",1397,7663
-0.106406776342809,0.0554396853299305,-1.25495426544748,0,0,1,1,0,0,0,0,0,0,1,0,0,0,1,0,"C",2074,7664
-0.109335181805795,0.077135987793063,-1.4928819039588,0,0,1,1,0,0,0,0,0,0,1,0,0,0,1,0,"C",857,7665
-0.098952657761811,0.0755205278494506,-2.14230905872432,0,0,1,1,0,0,0,0,0,0,1,0,0,0,1,0,"C",2257,7666
-0.139056471557556,0.0901839963374434,-1.54780746940246,0,0,1,1,0,0,0,0,0,0,1,0,0,0,1,0,"C",1072,7667
-0.090667840052642,0.0684089941201497,-1.49471664126896,0,0,1,1,0,0,0,0,0,0,1,0,0,0,1,0,"C",1687,7668
-0.149997309398343,0.116683152973216,-1.23944094376064,0,0,1,1,0,0,0,0,0,0,1,0,0,0,1,0,"C",2575,7669
-0.127602306898079,0.110155998982979,-1.94065937178851,0,0,1,1,0,0,0,0,0,0,1,0,0,0,1,0,"C",3006,7670
-0.117657062814696,0.0804627304368876,-1.38416757644287,0,0,1,1,0,0,0,0,0,0,1,0,0,0,1,0,"C",3732,7671
-0.165685144420055,0.142375221792141,-2.39964089940739,0,0,1,1,0,0,0,0,0,0,1,0,0,0,1,0,"C",482,7672
-0.0914785436759429,0.0544435468709534,-0.684743724509247,0,0,1,1,0,0,0,0,0,0,1,0,0,0,1,0,"C",1341,7673
-0.107544306225651,0.100297098054977,-1.70883078578195,0,0,1,1,0,0,0,0,0,0,1,0,0,0,1,0,"C",3204,7674
-0.0871591858334358,0.0972081432016767,-0.680284656358929,0,0,1,1,0,0,0,0,0,0,1,0,0,0,1,0,"C",1763,7675
-0.121030773609451,0.0957986837451448,-0.822956039687818,0,0,1,1,0,0,0,0,0,0,1,0,0,0,1,0,"C",2318,7676
-0.135891112603799,0.0854863783161689,-1.62437028446726,0,0,1,1,0,0,0,0,0,0,1,0,0,0,1,0,"C",1059,7677
-0.0909080306565314,0.0555271730561842,-0.957114609854501,0,0,1,1,0,0,0,0,0,0,1,0,0,0,1,0,"C",1290,7678
-0.0913259919638697,0.0571759238815526,-0.476494368602054,0,0,1,1,0,0,0,0,0,0,1,0,0,0,1,0,"C",3146,7679
-0.0838892652124061,0.0506960172115138,-0.940449492093997,0,0,1,1,0,0,0,0,0,0,1,0,0,0,1,0,"C",1594,7680
-0.101598540777595,0.0763147196576569,-0.89216691778064,0,0,1,1,0,0,0,0,0,0,1,0,0,0,1,0,"C",2727,7681
-0.135284779783697,0.0949010034101845,-1.78685895872544,0,0,1,1,0,0,0,0,0,0,1,0,0,0,1,0,"C",2960,7682
-0.0645588407658185,0.070054394399626,-1.51787392743549,0,0,1,1,0,0,0,0,0,0,1,0,0,0,1,0,"C",3738,7683
-0.161985333632533,0.135706907229523,-2.13799131620917,0,0,1,1,0,0,0,0,0,0,1,0,0,0,1,0,"C",1567,7684
-0.121875403163125,0.0924800119093812,-1.11036635462676,0,0,1,1,0,0,0,0,0,0,1,0,0,0,1,0,"C",1930,7685
-0.119963427628788,0.0948610906761409,-1.38309291762125,0,0,1,1,0,0,0,0,0,0,1,0,0,0,1,0,"C",3714,7686
-0.10406425902003,0.0967389034992006,-1.42576875828558,0,0,1,1,0,0,0,0,0,0,1,0,0,0,1,0,"C",435,7687
-0.0915032709840413,0.0723500676247146,-0.856992888467793,0,0,1,1,0,0,0,0,0,0,1,0,0,0,1,0,"C",1461,7688
-0.14675188348954,0.108850326020084,-1.7000462924349,0,0,1,1,0,0,0,0,0,0,1,0,0,0,1,0,"C",2661,7689
-0.11665384256361,0.0951338468601851,-1.23376016838942,0,0,1,1,0,0,0,0,0,0,1,0,0,0,1,0,"C",1967,7690
-0.127437966397653,0.10413076737588,-0.636786316536587,0,0,1,1,0,0,0,0,0,0,1,0,0,0,1,0,"C",2087,7691
-0.105351532516246,0.0752567296522604,-1.44557033870636,0,0,1,1,0,0,0,0,0,0,1,0,0,0,1,0,"C",2137,7692
-0.06032439970264,0.0682509967634796,-1.32270231288015,0,0,1,1,0,0,0,0,0,0,1,0,0,0,1,0,"C",2578,7693
-0.0973210259099801,0.0771269105694665,0.107323909536951,0,0,1,1,0,0,0,0,0,0,1,0,0,0,1,0,"C",899,7694
-0.118935623625533,0.0726824979000009,-1.16656645327408,0,0,1,1,0,0,0,0,0,0,1,0,0,0,1,0,"C",3030,7695
-0.126563885085382,0.106940478908499,-1.29960358615218,0,0,1,1,0,0,0,0,0,0,1,0,0,0,1,0,"C",2602,7696
-0.106397369527632,0.0760834796547981,-1.39121187238316,0,0,1,1,0,0,0,0,0,0,1,0,0,0,1,0,"C",394,7697
-0.0983515168001571,0.0673630297108033,-1.79394389360635,0,0,1,1,0,0,0,0,0,0,1,0,0,0,1,0,"C",3326,7698
-0.113556621138148,0.124989489454758,-0.814503726962659,0,0,1,1,0,0,0,0,0,0,1,0,0,0,1,0,"C",2240,7699
-0.0471209560819074,0.03464584806647,0.27307483500986,0,0,1,1,0,0,0,0,0,0,1,0,0,0,1,0,"D",491,7700
-0.0967625618765804,0.0426213818334853,0.90994537191344,0,0,1,1,0,0,0,0,0,0,1,0,0,0,1,0,"D",3721,7701
-0.128896619058361,0.0613418789492685,0.574652126561031,0,0,1,1,0,0,0,0,0,0,1,0,0,0,1,0,"D",3402,7702
-0.0977032741409319,0.0484948356542863,1.01360289510439,0,0,1,1,0,0,0,0,0,0,1,0,0,0,1,0,"D",368,7703
-0.106220889500764,0.050407839204279,1.01987152256229,0,0,1,1,0,0,0,0,0,0,1,0,0,0,1,0,"D",1484,7704
-0.112921963558084,0.0236712216809374,1.34476622747868,0,0,1,1,0,0,0,0,0,0,1,0,0,0,1,0,"D",2487,7705
-0.11200857614009,0.0770912666693546,1.62821834980189,0,0,1,1,0,0,0,0,0,0,1,0,0,0,1,0,"D",1608,7706
-0.117191367440171,0.0300892482383708,1.33899795606372,0,0,1,1,0,0,0,0,0,0,1,0,0,0,1,0,"D",1462,7707
-0.117343244809858,0.0624947343201717,0.33864065010901,0,0,1,1,0,0,0,0,0,0,1,0,0,0,1,0,"D",3495,7708
-0.128130223253228,0.0393636506349108,0.912678702841065,0,0,1,1,0,0,0,0,0,0,1,0,0,0,1,0,"D",3583,7709
-0.100264239582,0.00318951931537336,1.65692549319233,0,0,1,1,0,0,0,0,0,0,1,0,0,0,1,0,"D",1747,7710
-0.134557220505875,0.0647394691921554,1.06720035679216,0,0,1,1,0,0,0,0,0,0,1,0,0,0,1,0,"D",344,7711
-0.132489930032328,0.068508323639501,1.17548653224847,0,0,1,1,0,0,0,0,0,0,1,0,0,0,1,0,"D",3343,7712
-0.154151237852768,0.0881141890126217,0.816382334996664,0,0,1,1,0,0,0,0,0,0,1,0,0,0,1,0,"D",2191,7713
-0.14235386965796,0.0689039910588228,0.571235355742441,0,0,1,1,0,0,0,0,0,0,1,0,0,0,1,0,"D",2986,7714
-0.0742240931757096,0.0116444241995015,1.4305618669997,0,0,1,1,0,0,0,0,0,0,1,0,0,0,1,0,"D",3527,7715
-0.094519712469217,0.0260750560315776,0.754266539549257,0,0,1,1,0,0,0,0,0,0,1,0,0,0,1,0,"D",3748,7716
-0.0984831637439,0.0115072487614371,1.24027504403461,0,0,1,1,0,0,0,0,0,0,1,0,0,0,1,0,"D",930,7717
-0.115058446587294,0.0545634592097185,1.22215255326323,0,0,1,1,0,0,0,0,0,0,1,0,0,0,1,0,"D",1560,7718
-0.090694840696517,0.0285727869957782,0.726202227421625,0,0,1,1,0,0,0,0,0,0,1,0,0,0,1,0,"D",1549,7719
-0.1251294799133,0.0254826581705774,1.03733233887069,0,0,1,1,0,0,0,0,0,0,1,0,0,0,1,0,"D",3423,7720
-0.102429495932096,0.0365457009621585,-0.418478192020738,0,0,1,1,0,0,0,0,0,0,1,0,0,0,1,0,"D",3464,7721
-0.071662521446762,0.0437320109562156,1.32510940610782,0,0,1,1,0,0,0,0,0,0,1,0,0,0,1,0,"D",1646,7722
-0.120183072027344,0.0475483464612915,0.560072186661642,0,0,1,1,0,0,0,0,0,0,1,0,0,0,1,0,"D",2823,7723
-0.111111523303097,0.0253369372164166,1.07420380427417,0,0,1,1,0,0,0,0,0,0,1,0,0,0,1,0,"D",2022,7724
-0.0717400706048258,0.0109295208227193,0.676818855410987,0,0,1,1,0,0,0,0,0,0,1,0,0,0,1,0,"D",1255,7725
-0.086842390260446,0.0266124802725093,1.17259320456623,0,0,1,1,0,0,0,0,0,0,1,0,0,0,1,0,"D",1691,7726
-0.0906136331963241,0.02674050563442,0.703749147735832,0,0,1,1,0,0,0,0,0,0,1,0,0,0,1,0,"D",3414,7727
-0.134228566168074,0.0423404976544955,0.831682286136925,0,0,1,1,0,0,0,0,0,0,1,0,0,0,1,0,"D",1362,7728
-0.108312759135278,0.0433946533444213,1.07265018792144,0,0,1,1,0,0,0,0,0,0,1,0,0,0,1,0,"D",2845,7729
-0.0939891341315065,0.0206182391250846,1.32228198593941,0,0,1,1,0,0,0,0,0,0,1,0,0,0,1,0,"D",2333,7730
-0.152488399390046,0.0507490842856295,1.02431246798851,0,0,1,1,0,0,0,0,0,0,1,0,0,0,1,0,"D",2005,7731
-0.120694656163599,0.0617756463519327,0.736157227179276,0,0,1,1,0,0,0,0,0,0,1,0,0,0,1,0,"D",2937,7732
-0.112904211366798,0.0536267855561136,0.498501992644421,0,0,1,1,0,0,0,0,0,0,1,0,0,0,1,0,"D",1628,7733
-0.0934969093748634,0.0571701833704778,0.769689127802,0,0,1,1,0,0,0,0,0,0,1,0,0,0,1,0,"D",3122,7734
-0.156647873797474,0.0903102769746862,0.7835965209493,0,0,1,1,0,0,0,0,0,0,1,0,0,0,1,0,"D",666,7735
-0.109796391837943,0.0658598451878717,0.458512639682989,0,0,1,1,0,0,0,0,0,0,1,0,0,0,1,0,"D",1125,7736
-0.111659195326304,0.0228702772335544,1.24524280490345,0,0,1,1,0,0,0,0,0,0,1,0,0,0,1,0,"D",33,7737
-0.119738873755417,0.0488364681120267,0.561027183866144,0,0,1,1,0,0,0,0,0,0,1,0,0,0,1,0,"D",1671,7738
-0.107952121578249,0.0240344418259746,0.683696664726929,0,0,1,1,0,0,0,0,0,0,1,0,0,0,1,0,"D",2714,7739
-0.117389688717913,0.0730542867946902,0.399692113031636,0,0,1,1,0,0,0,0,0,0,1,0,0,0,1,0,"D",946,7740
-0.117394235129263,0.0337741665899796,0.961586901187368,0,0,1,1,0,0,0,0,0,0,1,0,0,0,1,0,"D",2718,7741
-0.110902866649208,0.0336585960947417,1.04891561618232,0,0,1,1,0,0,0,0,0,0,1,0,0,0,1,0,"D",2372,7742
-0.0768849272827602,0.0150547352076163,1.1417469832403,0,0,1,1,0,0,0,0,0,0,1,0,0,0,1,0,"D",1117,7743
-0.128249472583265,0.0481855592896636,0.937106323426125,0,0,1,1,0,0,0,0,0,0,1,0,0,0,1,0,"D",3186,7744
-0.0995704872858066,0.0596402803360976,0.992225201139156,0,0,1,1,0,0,0,0,0,0,1,0,0,0,1,0,"D",2648,7745
-0.0955772872764698,0.0474207628535439,0.945850313503127,0,0,1,1,0,0,0,0,0,0,1,0,0,0,1,0,"D",3379,7746
-0.104417319508958,0.0266299921985093,1.22156862098391,0,0,1,1,0,0,0,0,0,0,1,0,0,0,1,0,"D",2742,7747
-0.113092853245213,0.0321261104702144,1.14712206000052,0,0,1,1,0,0,0,0,0,0,1,0,0,0,1,0,"D",2336,7748
-0.126665956099121,0.0442588432190307,1.01188214267613,0,0,1,1,0,0,0,0,0,0,1,0,0,0,1,0,"D",267,7749
-0.133097604335759,0.0834256699967587,0.610114939332569,0,0,1,1,0,0,0,0,0,0,1,0,0,0,1,0,"D",1359,7750
-0.0951794411360511,0.0122620640478504,1.34035609011443,0,0,1,1,0,0,0,0,0,0,1,0,0,0,1,0,"D",1441,7751
-0.130438271581264,0.0549868782487624,0.68030319375914,0,0,1,1,0,0,0,0,0,0,1,0,0,0,1,0,"D",1962,7752
-0.114373758153044,0.0379547888205162,1.26949424505507,0,0,1,1,0,0,0,0,0,0,1,0,0,0,1,0,"D",3717,7753
-0.101045409458918,0.0372974597105217,0.999962273624286,0,0,1,1,0,0,0,0,0,0,1,0,0,0,1,0,"D",347,7754
-0.129894708352906,0.0592191884647572,0.711261838078288,0,0,1,1,0,0,0,0,0,0,1,0,0,0,1,0,"D",2090,7755
-0.100140207757775,0.0489217742263379,0.704998009515433,0,0,1,1,0,0,0,0,0,0,1,0,0,0,1,0,"D",3406,7756
-0.126319850131589,0.0448683268854252,0.913900904603673,0,0,1,1,0,0,0,0,0,0,1,0,0,0,1,0,"D",2061,7757
-0.0813889137508991,0.0570057545620416,1.41609706848697,0,0,1,1,0,0,0,0,0,0,1,0,0,0,1,0,"D",3699,7758
-0.0924591760478005,0.0319696611173551,1.07099448727343,0,0,1,1,0,0,0,0,0,0,1,0,0,0,1,0,"D",1385,7759
-0.0873368151418267,0.0257390380436969,0.359086678339696,0,0,1,1,0,0,0,0,0,0,1,0,0,0,1,0,"D",729,7760
-0.111382403021389,0.0409384960932727,0.890412199779099,0,0,1,1,0,0,0,0,0,0,1,0,0,0,1,0,"D",712,7761
-0.0715771957684836,0.0167975659822096,1.47748472519637,0,0,1,1,0,0,0,0,0,0,1,0,0,0,1,0,"D",656,7762
-0.131256399669185,0.0469196688117251,0.819259502631011,0,0,1,1,0,0,0,0,0,0,1,0,0,0,1,0,"D",1397,7763
-0.084599185109562,0.0328673960811538,1.50186646098736,0,0,1,1,0,0,0,0,0,0,1,0,0,0,1,0,"D",2074,7764
-0.103920300370794,0.057321452622876,0.633466748796085,0,0,1,1,0,0,0,0,0,0,1,0,0,0,1,0,"D",857,7765
-0.0876428498021871,0.0424797297609278,0.76066432629403,0,0,1,1,0,0,0,0,0,0,1,0,0,0,1,0,"D",2257,7766
-0.0663959117110242,0.02325668338412,0.534928359074609,0,0,1,1,0,0,0,0,0,0,1,0,0,0,1,0,"D",1072,7767
-0.112797211975311,0.0456750094874764,0.987982045774297,0,0,1,1,0,0,0,0,0,0,1,0,0,0,1,0,"D",1687,7768
-0.115836199243238,0.0766030100148084,0.765709964679703,0,0,1,1,0,0,0,0,0,0,1,0,0,0,1,0,"D",2575,7769
-0.110882896695577,0.0437001984462464,1.01710543052033,0,0,1,1,0,0,0,0,0,0,1,0,0,0,1,0,"D",3006,7770
-0.137496197264314,0.0744613566262112,0.823116619022386,0,0,1,1,0,0,0,0,0,0,1,0,0,0,1,0,"D",3732,7771
-0.121077754951809,0.0525232644005123,1.0301076301161,0,0,1,1,0,0,0,0,0,0,1,0,0,0,1,0,"D",482,7772
-0.0979423534826382,0.0510612255174536,1.23736048452088,0,0,1,1,0,0,0,0,0,0,1,0,0,0,1,0,"D",1341,7773
-0.091210582188271,0.0447789524814163,0.801990338508223,0,0,1,1,0,0,0,0,0,0,1,0,0,0,1,0,"D",3204,7774
-0.104370119021344,0.0365972708278182,1.16081465839693,0,0,1,1,0,0,0,0,0,0,1,0,0,0,1,0,"D",1763,7775
-0.100932901848058,0.040569946832958,0.175592462938254,0,0,1,1,0,0,0,0,0,0,1,0,0,0,1,0,"D",2318,7776
-0.0914665640667016,0.0267981735613555,1.0403208410598,0,0,1,1,0,0,0,0,0,0,1,0,0,0,1,0,"D",1059,7777
-0.0709415448460704,0.0402275680926128,0.744451814366939,0,0,1,1,0,0,0,0,0,0,1,0,0,0,1,0,"D",1290,7778
-0.120300359693112,0.0368424859879181,1.16830692565563,0,0,1,1,0,0,0,0,0,0,1,0,0,0,1,0,"D",3146,7779
-0.141935622877919,0.0654356275759504,1.19167188970255,0,0,1,1,0,0,0,0,0,0,1,0,0,0,1,0,"D",1594,7780
-0.101246720227827,0.050697511593408,0.756786640112524,0,0,1,1,0,0,0,0,0,0,1,0,0,0,1,0,"D",2727,7781
-0.151961268876431,0.0799970105069445,0.768146087759332,0,0,1,1,0,0,0,0,0,0,1,0,0,0,1,0,"D",2960,7782
-0.0959195480987649,0.0496262985036705,1.23243236750507,0,0,1,1,0,0,0,0,0,0,1,0,0,0,1,0,"D",3738,7783
-0.0916601557553903,0.0374300996889362,0.967524022776655,0,0,1,1,0,0,0,0,0,0,1,0,0,0,1,0,"D",1567,7784
-0.0967379285546082,0.00902653157669492,1.2242357281907,0,0,1,1,0,0,0,0,0,0,1,0,0,0,1,0,"D",1930,7785
-0.0864223158558898,0.0441960765553395,0.0831777829251094,0,0,1,1,0,0,0,0,0,0,1,0,0,0,1,0,"D",3714,7786
-0.0747676485654505,0.0202406495829428,1.01054667706046,0,0,1,1,0,0,0,0,0,0,1,0,0,0,1,0,"D",435,7787
-0.132029301516136,0.069833665879331,1.12530741427237,0,0,1,1,0,0,0,0,0,0,1,0,0,0,1,0,"D",1461,7788
-0.100526492914641,0.000340516110504502,1.48616429849032,0,0,1,1,0,0,0,0,0,0,1,0,0,0,1,0,"D",2661,7789
-0.090940459404278,0.0327103542322989,1.38779034794903,0,0,1,1,0,0,0,0,0,0,1,0,0,0,1,0,"D",1967,7790
-0.100577284801981,0.0143546017149905,1.31251030882693,0,0,1,1,0,0,0,0,0,0,1,0,0,0,1,0,"D",2087,7791
-0.101603354786636,0.0641584303995823,0.986122432479232,0,0,1,1,0,0,0,0,0,0,1,0,0,0,1,0,"D",2137,7792
-0.0785845681949089,0.0166719196689859,1.25286956457476,0,0,1,1,0,0,0,0,0,0,1,0,0,0,1,0,"D",2578,7793
-0.100388139934639,0.0069708208416133,1.63522082521451,0,0,1,1,0,0,0,0,0,0,1,0,0,0,1,0,"D",899,7794
-0.125476167068497,0.076261367786423,-1.43329213256757,0,0,1,1,0,0,0,0,0,0,1,0,0,0,1,0,"D",3030,7795
-0.10495246612843,0.0738732520254881,1.07039881308635,0,0,1,1,0,0,0,0,0,0,1,0,0,0,1,0,"D",2602,7796
-0.0632121103628449,0.0173298660031519,0.837939499013765,0,0,1,1,0,0,0,0,0,0,1,0,0,0,1,0,"D",394,7797
-0.0887672638814053,0.0222105285036586,1.48916681709233,0,0,1,1,0,0,0,0,0,0,1,0,0,0,1,0,"D",3326,7798
-0.0832307462966153,-0.000485408079140947,1.42590799202271,0,0,1,1,0,0,0,0,0,0,1,0,0,0,1,0,"D",2240,7799
-0.126943139646656,0.168291735314197,-0.746236181309351,1,0,1,1,0,0,0,0,0,0,1,0,0,0,0,0,"C",491,7800
-0.159775038878368,0.14313619054209,-1.51134273555272,1,0,1,1,0,0,0,0,0,0,1,0,0,0,0,0,"C",3721,7801
-0.0883020580528417,0.0844631220078102,-0.835851032532534,1,0,1,1,0,0,0,0,0,0,1,0,0,0,0,0,"C",3402,7802
-0.100625079164307,0.106260183913284,-1.59297793716194,1,0,1,1,0,0,0,0,0,0,1,0,0,0,0,0,"C",368,7803
-0.137494600709952,0.10962860409791,-1.39834230504203,1,0,1,1,0,0,0,0,0,0,1,0,0,0,0,0,"C",1484,7804
-0.110528453089323,0.0863901091972596,-0.771656462399357,1,0,1,1,0,0,0,0,0,0,1,0,0,0,0,0,"C",2487,7805
-0.11259859373103,0.0804085890058906,-1.72382814743517,1,0,1,1,0,0,0,0,0,0,1,0,0,0,0,0,"C",1608,7806
-0.18951641236187,0.155253654518161,-1.64598884874562,1,0,1,1,0,0,0,0,0,0,1,0,0,0,0,0,"C",1462,7807
-0.084766198221537,0.0784336874129891,-1.99407259918578,1,0,1,1,0,0,0,0,0,0,1,0,0,0,0,0,"C",3495,7808
-0.161080445894238,0.16866018517095,-0.918734397905602,1,0,1,1,0,0,0,0,0,0,1,0,0,0,0,0,"C",3583,7809
-0.126259652132048,0.129528797284193,-1.33143724142596,1,0,1,1,0,0,0,0,0,0,1,0,0,0,0,0,"C",1747,7810
-0.203141583852772,0.180941220832584,-1.4654922980003,1,0,1,1,0,0,0,0,0,0,1,0,0,0,0,0,"C",344,7811
-0.211882756201054,0.185314171613731,-2.24260612870891,1,0,1,1,0,0,0,0,0,0,1,0,0,0,0,0,"C",3343,7812
-0.0425183815201167,0.0485966312027582,-1.77463555409723,1,0,1,1,0,0,0,0,0,0,1,0,0,0,0,0,"C",2191,7813
-0.11748809789645,0.118825151770448,-1.01290312066595,1,0,1,1,0,0,0,0,0,0,1,0,0,0,0,0,"C",2986,7814
-0.134439690745026,0.136771422943525,-2.37913874177088,1,0,1,1,0,0,0,0,0,0,1,0,0,0,0,0,"C",3527,7815
-0.0991357985117735,0.0510103100303868,0.528422660106499,1,0,1,1,0,0,0,0,0,0,1,0,0,0,0,0,"C",3748,7816
-0.0905539152032809,0.0817878188863913,-0.941158250923132,1,0,1,1,0,0,0,0,0,0,1,0,0,0,0,0,"C",930,7817
-0.0895158158699716,0.123002176195465,-2.59039574939343,1,0,1,1,0,0,0,0,0,0,1,0,0,0,0,0,"C",1560,7818
-0.1388904312049,0.166882619722065,-1.72660036490847,1,0,1,1,0,0,0,0,0,0,1,0,0,0,0,0,"C",1549,7819
-0.212359379072484,0.185425350912015,-1.17592761794341,1,0,1,1,0,0,0,0,0,0,1,0,0,0,0,0,"C",3423,7820
-0.11262123630915,0.124002711813944,-1.57301089245332,1,0,1,1,0,0,0,0,0,0,1,0,0,0,0,0,"C",3464,7821
-0.25788902407383,0.204435485719546,-2.44340779110688,1,0,1,1,0,0,0,0,0,0,1,0,0,0,0,0,"C",1646,7822
-0.0452897637737099,0.0724267642130592,-0.839914751827969,1,0,1,1,0,0,0,0,0,0,1,0,0,0,0,0,"C",2823,7823
-0.13435572466846,0.0845480763593627,-0.490781193200555,1,0,1,1,0,0,0,0,0,0,1,0,0,0,0,0,"C",2022,7824
-0.237415326500738,0.245313066672504,-1.46005852911767,1,0,1,1,0,0,0,0,0,0,1,0,0,0,0,0,"C",1255,7825
-0.122998560590362,0.106697769841171,-1.98896581943002,1,0,1,1,0,0,0,0,0,0,1,0,0,0,0,0,"C",1691,7826
-0.0986267719073004,0.111783894353411,-0.95036250648211,1,0,1,1,0,0,0,0,0,0,1,0,0,0,0,0,"C",3414,7827
-0.21648994751006,0.247519617482171,-1.15901784505471,1,0,1,1,0,0,0,0,0,0,1,0,0,0,0,0,"C",1362,7828
-0.103568271970232,0.0966514883986337,-1.49428866619925,1,0,1,1,0,0,0,0,0,0,1,0,0,0,0,0,"C",2845,7829
-0.173242377193235,0.198764359123486,-1.16946122398562,1,0,1,1,0,0,0,0,0,0,1,0,0,0,0,0,"C",2333,7830
-0.176753867546817,0.19036995407077,-1.04876982072717,1,0,1,1,0,0,0,0,0,0,1,0,0,0,0,0,"C",2005,7831
-0.133198998852216,0.137079101502917,-2.36883206079251,1,0,1,1,0,0,0,0,0,0,1,0,0,0,0,0,"C",2937,7832
-0.00765328379904252,0.0274402867286827,-0.961524415334428,1,0,1,1,0,0,0,0,0,0,1,0,0,0,0,0,"C",1628,7833
-0.0904782573579088,0.0592095313195534,-0.586853200594525,1,0,1,1,0,0,0,0,0,0,1,0,0,0,0,0,"C",3122,7834
-0.225788044692528,0.249746082244814,-1.39832397879308,1,0,1,1,0,0,0,0,0,0,1,0,0,0,0,0,"C",666,7835
-0.136344848758131,0.13586045151947,-1.79013857976323,1,0,1,1,0,0,0,0,0,0,1,0,0,0,0,0,"C",1125,7836
-0.0194674028367857,0.0714289918425619,-1.56340148877038,1,0,1,1,0,0,0,0,0,0,1,0,0,0,0,0,"C",33,7837
-0.185507105071165,0.201753441401959,-1.07726404335484,1,0,1,1,0,0,0,0,0,0,1,0,0,0,0,0,"C",1671,7838
-0.109429615132551,0.127324715006054,-2.48480661396192,1,0,1,1,0,0,0,0,0,0,1,0,0,0,0,0,"C",2714,7839
-0.135907398650596,0.0931188122490652,-1.41021312711904,1,0,1,1,0,0,0,0,0,0,1,0,0,0,0,0,"C",946,7840
-0.118561785904644,0.0955074791451141,-1.14771404342065,1,0,1,1,0,0,0,0,0,0,1,0,0,0,0,0,"C",2718,7841
-0.216143211987688,0.200283271077394,-2.54713624151904,1,0,1,1,0,0,0,0,0,0,1,0,0,0,0,0,"C",2372,7842
-0.150353221007843,0.130622192682991,-1.03170231111802,1,0,1,1,0,0,0,0,0,0,1,0,0,0,0,0,"C",1117,7843
-0.135237266633813,0.14524962420122,-2.35339135955863,1,0,1,1,0,0,0,0,0,0,1,0,0,0,0,0,"C",3186,7844
-0.156873329600968,0.151062518053082,-2.04580966977102,1,0,1,1,0,0,0,0,0,0,1,0,0,0,0,0,"C",2648,7845
-0.1254110866076,0.168655982182125,-1.44397669634599,1,0,1,1,0,0,0,0,0,0,1,0,0,0,0,0,"C",3379,7846
-0.0609887074836574,0.0746355192637171,-2.00803849149634,1,0,1,1,0,0,0,0,0,0,1,0,0,0,0,0,"C",2742,7847
-0.172626866476389,0.164595599413315,-1.14129173146808,1,0,1,1,0,0,0,0,0,0,1,0,0,0,0,0,"C",2336,7848
-0.134049503540477,0.157994111742639,-1.49917112865398,1,0,1,1,0,0,0,0,0,0,1,0,0,0,0,0,"C",267,7849
-0.134959221013662,0.202848814204092,-1.69328049690707,1,0,1,1,0,0,0,0,0,0,1,0,0,0,0,0,"C",1359,7850
-0.16959374073537,0.16053799501617,-0.939533497772362,1,0,1,1,0,0,0,0,0,0,1,0,0,0,0,0,"C",1441,7851
-0.146569461845896,0.119855046259503,-1.46128414095663,1,0,1,1,0,0,0,0,0,0,1,0,0,0,0,0,"C",1962,7852
-0.1828810115523,0.20147482143009,-1.81220114123822,1,0,1,1,0,0,0,0,0,0,1,0,0,0,0,0,"C",3717,7853
-0.117492438957719,0.0657779210535585,-0.679339948583413,1,0,1,1,0,0,0,0,0,0,1,0,0,0,0,0,"C",347,7854
-0.159355452973942,0.15445853648687,-2.1752196264203,1,0,1,1,0,0,0,0,0,0,1,0,0,0,0,0,"C",2090,7855
-0.0994595032955694,0.114706154795989,-1.62024280358337,1,0,1,1,0,0,0,0,0,0,1,0,0,0,0,0,"C",3406,7856
-0.10991354923509,0.0465406374417812,-1.03706867256773,1,0,1,1,0,0,0,0,0,0,1,0,0,0,0,0,"C",2061,7857
-0.229733556436515,0.241894848779168,-1.25613120921623,1,0,1,1,0,0,0,0,0,0,1,0,0,0,0,0,"C",3699,7858
-0.0428108114619925,0.0415083410648488,-0.56376187441574,1,0,1,1,0,0,0,0,0,0,1,0,0,0,0,0,"C",1385,7859
-0.074379030317074,0.0635352336925515,-2.11489940452144,1,0,1,1,0,0,0,0,0,0,1,0,0,0,0,0,"C",729,7860
-0.0299347066306755,0.0747404922800892,-0.911794718397399,1,0,1,1,0,0,0,0,0,0,1,0,0,0,0,0,"C",712,7861
-0.213809778268796,0.238198347531214,-2.24414099515428,1,0,1,1,0,0,0,0,0,0,1,0,0,0,0,0,"C",656,7862
-0.144789059987474,0.138305864132706,-2.39828852794523,1,0,1,1,0,0,0,0,0,0,1,0,0,0,0,0,"C",1397,7863
-0.211807776379194,0.143875912957626,-1.53097789897351,1,0,1,1,0,0,0,0,0,0,1,0,0,0,0,0,"C",2074,7864
-0.124299623579768,0.140353302732921,-0.410805216909717,1,0,1,1,0,0,0,0,0,0,1,0,0,0,0,0,"C",857,7865
-0.127995975596095,0.123681130310553,-2.37964959418248,1,0,1,1,0,0,0,0,0,0,1,0,0,0,0,0,"C",2257,7866
-0.184380555786618,0.17862134499767,-1.63619506359719,1,0,1,1,0,0,0,0,0,0,1,0,0,0,0,0,"C",1072,7867
-0.159535539210269,0.19861154731199,-1.45089965125562,1,0,1,1,0,0,0,0,0,0,1,0,0,0,0,0,"C",1687,7868
-0.137289451710477,0.112040019020839,-1.84625117842072,1,0,1,1,0,0,0,0,0,0,1,0,0,0,0,0,"C",2575,7869
-0.127775061023569,0.102926350018823,-0.981756550294156,1,0,1,1,0,0,0,0,0,0,1,0,0,0,0,0,"C",3006,7870
-0.1361275579832,0.196479995975762,-1.63899194510091,1,0,1,1,0,0,0,0,0,0,1,0,0,0,0,0,"C",3732,7871
-0.105392701906547,0.104087457543332,-1.55451359823154,1,0,1,1,0,0,0,0,0,0,1,0,0,0,0,0,"C",482,7872
-0.0299179946557727,0.0303503735172278,-0.449427372904877,1,0,1,1,0,0,0,0,0,0,1,0,0,0,0,0,"C",1341,7873
-0.0960571885715596,0.111361602182285,-0.75810010885794,1,0,1,1,0,0,0,0,0,0,1,0,0,0,0,0,"C",3204,7874
-0.0919682749362939,0.127582564646696,-0.980772966696672,1,0,1,1,0,0,0,0,0,0,1,0,0,0,0,0,"C",1763,7875
-0.0223060763599531,0.0550425825625367,-0.438946251693321,1,0,1,1,0,0,0,0,0,0,1,0,0,0,0,0,"C",2318,7876
-0.105677030529337,0.0830187860547307,-1.67921110326687,1,0,1,1,0,0,0,0,0,0,1,0,0,0,0,0,"C",1059,7877
-0.209733328788722,0.211811883057373,-1.85105261710765,1,0,1,1,0,0,0,0,0,0,1,0,0,0,0,0,"C",1290,7878
-0.139415059374961,0.175828222832992,-2.34227129432524,1,0,1,1,0,0,0,0,0,0,1,0,0,0,0,0,"C",3146,7879
-0.150241651267582,0.143202936025317,-1.3046591842123,1,0,1,1,0,0,0,0,0,0,1,0,0,0,0,0,"C",1594,7880
-0.0975666498745562,0.0932422244364901,-1.32066074816614,1,0,1,1,0,0,0,0,0,0,1,0,0,0,0,0,"C",2727,7881
-0.110631492629962,0.127801357266172,-1.39719516417319,1,0,1,1,0,0,0,0,0,0,1,0,0,0,0,0,"C",2960,7882
-0.0696060754767145,0.102485467613686,-1.23287385922798,1,0,1,1,0,0,0,0,0,0,1,0,0,0,0,0,"C",3738,7883
-0.150312369391778,0.0994644348970846,-1.40658570498345,1,0,1,1,0,0,0,0,0,0,1,0,0,0,0,0,"C",1567,7884
-0.0806056613600858,0.0725757204471844,-2.39354366711017,1,0,1,1,0,0,0,0,0,0,1,0,0,0,0,0,"C",1930,7885
-0.160914773540494,0.149030035435269,-0.848825450416256,1,0,1,1,0,0,0,0,0,0,1,0,0,0,0,0,"C",3714,7886
-0.162419684021464,0.146824895948818,-2.67819011703585,1,0,1,1,0,0,0,0,0,0,1,0,0,0,0,0,"C",435,7887
-0.0513372423809434,0.0816666599146714,-1.05727358934919,1,0,1,1,0,0,0,0,0,0,1,0,0,0,0,0,"C",1461,7888
-0.114733263154623,0.0738843085588722,-0.847228493085397,1,0,1,1,0,0,0,0,0,0,1,0,0,0,0,0,"C",2661,7889
-0.0991308866753008,0.131352953102949,-1.58681349889906,1,0,1,1,0,0,0,0,0,0,1,0,0,0,0,0,"C",1967,7890
-0.129699709840267,0.123404896951728,-1.34672499215067,1,0,1,1,0,0,0,0,0,0,1,0,0,0,0,0,"C",2087,7891
-0.132501961932987,0.167163552318725,-1.29911144868733,1,0,1,1,0,0,0,0,0,0,1,0,0,0,0,0,"C",2137,7892
-0.182656705140518,0.177402116138304,-2.06671625155302,1,0,1,1,0,0,0,0,0,0,1,0,0,0,0,0,"C",2578,7893
-0.153353320593605,0.137545755480128,-1.37657930249039,1,0,1,1,0,0,0,0,0,0,1,0,0,0,0,0,"C",899,7894
-0.169135199171971,0.0899446015510429,-0.637193383349731,1,0,1,1,0,0,0,0,0,0,1,0,0,0,0,0,"C",3030,7895
-0.191328358774769,0.184930326892852,-1.44399081274509,1,0,1,1,0,0,0,0,0,0,1,0,0,0,0,0,"C",2602,7896
-0.0565528888700918,0.0589620462261654,-2.273001511109,1,0,1,1,0,0,0,0,0,0,1,0,0,0,0,0,"C",394,7897
-0.147676517658673,0.162044036816324,-1.3491738109409,1,0,1,1,0,0,0,0,0,0,1,0,0,0,0,0,"C",3326,7898
-0.148873612642563,0.174191152201351,-0.74316167486431,1,0,1,1,0,0,0,0,0,0,1,0,0,0,0,0,"C",2240,7899
-0.22153941351185,0.18005219806081,-1.16745935512676,1,0,1,1,0,0,0,0,0,0,1,0,0,0,0,0,"D",491,7900
-0.140624307019082,0.120080674647202,-1.33317267328786,1,0,1,1,0,0,0,0,0,0,1,0,0,0,0,0,"D",3721,7901
-0.338224912053251,0.252329357362219,0.677866659102794,1,0,1,1,0,0,0,0,0,0,1,0,0,0,0,0,"D",3402,7902
-0.084782992882832,0.0840533486507603,1.20103815578429,1,0,1,1,0,0,0,0,0,0,1,0,0,0,0,0,"D",368,7903
-0.186011660525577,0.143547401906743,1.1407922951951,1,0,1,1,0,0,0,0,0,0,1,0,0,0,0,0,"D",1484,7904
-0.160941084625898,0.174573801805348,2.09955149673117,1,0,1,1,0,0,0,0,0,0,1,0,0,0,0,0,"D",2487,7905
-0.241895781139702,0.258905313379171,1.66014721206468,1,0,1,1,0,0,0,0,0,0,1,0,0,0,0,0,"D",1608,7906
-0.276715268880695,0.172124351386202,0.244393300046072,1,0,1,1,0,0,0,0,0,0,1,0,0,0,0,0,"D",1462,7907
-0.293181860624356,0.271273413296288,-0.237422125121952,1,0,1,1,0,0,0,0,0,0,1,0,0,0,0,0,"D",3495,7908
-0.119483516631227,0.103527232219283,0.66934986711173,1,0,1,1,0,0,0,0,0,0,1,0,0,0,0,0,"D",3583,7909
0.0467346816995322,0.0587164623282118,-0.232668920005116,1,0,1,1,0,0,0,0,0,0,1,0,0,0,0,0,"D",1747,7910
-0.218992576493192,0.193142130736553,-1.12684670862699,1,0,1,1,0,0,0,0,0,0,1,0,0,0,0,0,"D",344,7911
-0.339859265159287,0.265513294265253,-0.846552070617047,1,0,1,1,0,0,0,0,0,0,1,0,0,0,0,0,"D",3343,7912
-0.17709621320048,0.099425215078217,-1.53782409831188,1,0,1,1,0,0,0,0,0,0,1,0,0,0,0,0,"D",2191,7913
-0.18335173645582,0.0904845485739003,1.38673763568185,1,0,1,1,0,0,0,0,0,0,1,0,0,0,0,0,"D",2986,7914
-0.150009370456432,0.102608504233116,-1.09917432138894,1,0,1,1,0,0,0,0,0,0,1,0,0,0,0,0,"D",3527,7915
-0.107661354371688,0.0880538293989422,0.137469588966678,1,0,1,1,0,0,0,0,0,0,1,0,0,0,0,0,"D",3748,7916
-0.22387642476145,0.187458500849711,-0.799552135151574,1,0,1,1,0,0,0,0,0,0,1,0,0,0,0,0,"D",930,7917
-0.361454819486006,0.280662357265039,0.102963042362663,1,0,1,1,0,0,0,0,0,0,1,0,0,0,0,0,"D",1560,7918
-0.262077437633453,0.184463715601636,-2.1217796014704,1,0,1,1,0,0,0,0,0,0,1,0,0,0,0,0,"D",1549,7919
-0.254971530689448,0.153736527287137,-1.13545094270601,1,0,1,1,0,0,0,0,0,0,1,0,0,0,0,0,"D",3423,7920
-0.147161977658009,0.0698293005479447,-0.753424475100963,1,0,1,1,0,0,0,0,0,0,1,0,0,0,0,0,"D",3464,7921
-0.149390219397288,0.199470812232212,2.13739568571268,1,0,1,1,0,0,0,0,0,0,1,0,0,0,0,0,"D",1646,7922
-0.201405822889969,0.095441503811193,-1.25202668498629,1,0,1,1,0,0,0,0,0,0,1,0,0,0,0,0,"D",2823,7923
-0.218784279329877,0.163636466643392,0.769111807913991,1,0,1,1,0,0,0,0,0,0,1,0,0,0,0,0,"D",2022,7924
-0.307703606801619,0.241491273094566,-0.495900594845661,1,0,1,1,0,0,0,0,0,0,1,0,0,0,0,0,"D",1255,7925
-0.0485358637220597,0.0769630723959872,-0.98700597065841,1,0,1,1,0,0,0,0,0,0,1,0,0,0,0,0,"D",1691,7926
-0.166838613289914,0.202212009651528,-1.46249310158387,1,0,1,1,0,0,0,0,0,0,1,0,0,0,0,0,"D",3414,7927
-0.316276773505712,0.253656880569779,2.29314173503217,1,0,1,1,0,0,0,0,0,0,1,0,0,0,0,0,"D",1362,7928
-0.0902597524624262,0.0324045955132979,-1.11651802176336,1,0,1,1,0,0,0,0,0,0,1,0,0,0,0,0,"D",2845,7929
-0.179497109377537,0.0782792398448378,-1.80047566677446,1,0,1,1,0,0,0,0,0,0,1,0,0,0,0,0,"D",2333,7930
-0.190230479084142,0.0502087255298004,-0.134573881147927,1,0,1,1,0,0,0,0,0,0,1,0,0,0,0,0,"D",2005,7931
-0.336164056552842,0.260510089773212,1.87237041566154,1,0,1,1,0,0,0,0,0,0,1,0,0,0,0,0,"D",2937,7932
-0.239718052151205,0.20064250062511,-0.00335710927139598,1,0,1,1,0,0,0,0,0,0,1,0,0,0,0,0,"D",1628,7933
-0.208359857113545,0.193154059144983,1.36619698139178,1,0,1,1,0,0,0,0,0,0,1,0,0,0,0,0,"D",3122,7934
-0.144440181508459,0.0814562445110863,-1.17973545611749,1,0,1,1,0,0,0,0,0,0,1,0,0,0,0,0,"D",666,7935
-0.12843421284126,0.152766665481917,-1.87841292558481,1,0,1,1,0,0,0,0,0,0,1,0,0,0,0,0,"D",1125,7936
-0.100997357003916,0.176469531658011,1.96384063625956,1,0,1,1,0,0,0,0,0,0,1,0,0,0,0,0,"D",33,7937
-0.327670283809371,0.287397512163027,1.61876894400666,1,0,1,1,0,0,0,0,0,0,1,0,0,0,0,0,"D",1671,7938
-0.152868465815707,0.221309061868587,1.14029089423047,1,0,1,1,0,0,0,0,0,0,1,0,0,0,0,0,"D",2714,7939
-0.257428263458464,0.238388359556815,1.68021251768427,1,0,1,1,0,0,0,0,0,0,1,0,0,0,0,0,"D",946,7940
-0.153745153203696,0.102993626426898,0.912305999201159,1,0,1,1,0,0,0,0,0,0,1,0,0,0,0,0,"D",2718,7941
-0.34279439236745,0.234995131059351,-1.47202502558867,1,0,1,1,0,0,0,0,0,0,1,0,0,0,0,0,"D",2372,7942
-0.134294043515372,0.149394717016539,-2.35931749528543,1,0,1,1,0,0,0,0,0,0,1,0,0,0,0,0,"D",1117,7943
-0.221864525043575,0.168185117275268,1.61672922145847,1,0,1,1,0,0,0,0,0,0,1,0,0,0,0,0,"D",3186,7944
-0.365719513410574,0.30370281826287,-0.771452999386611,1,0,1,1,0,0,0,0,0,0,1,0,0,0,0,0,"D",2648,7945
-0.167825300941261,0.17048899123311,1.20333042137415,1,0,1,1,0,0,0,0,0,0,1,0,0,0,0,0,"D",3379,7946
-0.13223024143812,0.0944849063061654,0.112499715501559,1,0,1,1,0,0,0,0,0,0,1,0,0,0,0,0,"D",2742,7947
-0.350650872749144,0.22974880454454,-0.305455203670267,1,0,1,1,0,0,0,0,0,0,1,0,0,0,0,0,"D",2336,7948
-0.202933111854627,0.158590809303292,-0.922755361299207,1,0,1,1,0,0,0,0,0,0,1,0,0,0,0,0,"D",267,7949
-0.296313688049555,0.238676066946077,-0.774837078501131,1,0,1,1,0,0,0,0,0,0,1,0,0,0,0,0,"D",1359,7950
-0.302248169178843,0.225708573700468,-1.49598535618772,1,0,1,1,0,0,0,0,0,0,1,0,0,0,0,0,"D",1441,7951
-0.0537068383183991,0.0249850430743637,0.660329105535171,1,0,1,1,0,0,0,0,0,0,1,0,0,0,0,0,"D",1962,7952
-0.183192004931984,0.170097110204049,2.39041831767105,1,0,1,1,0,0,0,0,0,0,1,0,0,0,0,0,"D",3717,7953
-0.149582359769651,0.15404094226662,0.629814321585043,1,0,1,1,0,0,0,0,0,0,1,0,0,0,0,0,"D",347,7954
-0.311574344839194,0.24527729449982,1.44704829455477,1,0,1,1,0,0,0,0,0,0,1,0,0,0,0,0,"D",2090,7955
-0.308824889703473,0.246389502131905,-1.12455702380277,1,0,1,1,0,0,0,0,0,0,1,0,0,0,0,0,"D",3406,7956
-0.0689574728982354,0.0419699858405645,-1.4802157789847,1,0,1,1,0,0,0,0,0,0,1,0,0,0,0,0,"D",2061,7957
-0.101056728158108,0.12069350710693,-0.108427807186565,1,0,1,1,0,0,0,0,0,0,1,0,0,0,0,0,"D",3699,7958
-0.297546685417469,0.250837775872595,-0.469245041561934,1,0,1,1,0,0,0,0,0,0,1,0,0,0,0,0,"D",1385,7959
-0.259954592854316,0.176129027543076,1.30820291018628,1,0,1,1,0,0,0,0,0,0,1,0,0,0,0,0,"D",729,7960
-0.168139050541371,0.196367727217753,2.28864522569042,1,0,1,1,0,0,0,0,0,0,1,0,0,0,0,0,"D",712,7961
-0.303661393999041,0.293330082165142,1.45188668050012,1,0,1,1,0,0,0,0,0,0,1,0,0,0,0,0,"D",656,7962
-0.154663285060836,0.109952852656761,-1.19661832589843,1,0,1,1,0,0,0,0,0,0,1,0,0,0,0,0,"D",1397,7963
-0.136936365638117,0.189717104493943,-0.0187474745948375,1,0,1,1,0,0,0,0,0,0,1,0,0,0,0,0,"D",2074,7964
-0.184334900619271,0.221623143156741,0.917606170071761,1,0,1,1,0,0,0,0,0,0,1,0,0,0,0,0,"D",857,7965
-0.206070862094014,0.129001157399005,-0.698277251324855,1,0,1,1,0,0,0,0,0,0,1,0,0,0,0,0,"D",2257,7966
-0.158372877196164,0.153649238951985,0.78199906860101,1,0,1,1,0,0,0,0,0,0,1,0,0,0,0,0,"D",1072,7967
-0.312471089526866,0.192296890959348,-0.926547123136011,1,0,1,1,0,0,0,0,0,0,1,0,0,0,0,0,"D",1687,7968
-0.177677211805313,0.155094110112504,0.933587853551855,1,0,1,1,0,0,0,0,0,0,1,0,0,0,0,0,"D",2575,7969
-0.18988295719066,0.141535557926771,2.23816391135034,1,0,1,1,0,0,0,0,0,0,1,0,0,0,0,0,"D",3006,7970
-0.239613933661477,0.153155855471642,1.9701728607306,1,0,1,1,0,0,0,0,0,0,1,0,0,0,0,0,"D",3732,7971
-0.221093885581383,0.152101148847361,2.10748886468672,1,0,1,1,0,0,0,0,0,0,1,0,0,0,0,0,"D",482,7972
-0.130914189031582,0.0701950257546722,1.14097395922131,1,0,1,1,0,0,0,0,0,0,1,0,0,0,0,0,"D",1341,7973
-0.27515644430515,0.281370552925438,-1.11907527695418,1,0,1,1,0,0,0,0,0,0,1,0,0,0,0,0,"D",3204,7974
-0.231409832537027,0.181075561422155,2.1077769889637,1,0,1,1,0,0,0,0,0,0,1,0,0,0,0,0,"D",1763,7975
-0.286522058407284,0.203557583343491,0.0267277971535569,1,0,1,1,0,0,0,0,0,0,1,0,0,0,0,0,"D",2318,7976
-0.186068222878814,0.073898190340601,0.601115494488503,1,0,1,1,0,0,0,0,0,0,1,0,0,0,0,0,"D",1059,7977
-0.217515497943479,0.244093614363074,0.440017418550131,1,0,1,1,0,0,0,0,0,0,1,0,0,0,0,0,"D",1290,7978
-0.261670694209294,0.147362377152643,1.30956197733424,1,0,1,1,0,0,0,0,0,0,1,0,0,0,0,0,"D",3146,7979
-0.180213785900002,0.154626656885991,-2.58873374614969,1,0,1,1,0,0,0,0,0,0,1,0,0,0,0,0,"D",1594,7980
-0.20409647560648,0.178534720412639,-0.487998590972553,1,0,1,1,0,0,0,0,0,0,1,0,0,0,0,0,"D",2727,7981
-0.322786474072662,0.205653454965089,0.777120307019768,1,0,1,1,0,0,0,0,0,0,1,0,0,0,0,0,"D",2960,7982
-0.170884535329739,0.18436339393575,-0.973483622554804,1,0,1,1,0,0,0,0,0,0,1,0,0,0,0,0,"D",3738,7983
-0.242211295372405,0.200552625923129,-1.49419590798338,1,0,1,1,0,0,0,0,0,0,1,0,0,0,0,0,"D",1567,7984
-0.161112635990101,0.109824029890879,-1.12434261341664,1,0,1,1,0,0,0,0,0,0,1,0,0,0,0,0,"D",1930,7985
-0.177807749704163,0.129461262062857,-1.17028763598112,1,0,1,1,0,0,0,0,0,0,1,0,0,0,0,0,"D",3714,7986
-0.242716012885094,0.17717714347296,-1.06576026082873,1,0,1,1,0,0,0,0,0,0,1,0,0,0,0,0,"D",435,7987
-0.179086166736192,0.197849117651477,2.23146703435173,1,0,1,1,0,0,0,0,0,0,1,0,0,0,0,0,"D",1461,7988
-0.135041128546328,0.102813592284747,-1.54942433177357,1,0,1,1,0,0,0,0,0,0,1,0,0,0,0,0,"D",2661,7989
-0.127366948488601,0.0911284114917191,-1.86010633440947,1,0,1,1,0,0,0,0,0,0,1,0,0,0,0,0,"D",1967,7990
-0.135180140213084,0.168120276293313,-0.747408154149956,1,0,1,1,0,0,0,0,0,0,1,0,0,0,0,0,"D",2087,7991
-0.163585617581993,0.107612513374194,-0.0553352347619116,1,0,1,1,0,0,0,0,0,0,1,0,0,0,0,0,"D",2137,7992
-0.188271675281081,0.130049932050341,1.90458171798808,1,0,1,1,0,0,0,0,0,0,1,0,0,0,0,0,"D",2578,7993
-0.308808164407723,0.247297266052948,1.99830704378257,1,0,1,1,0,0,0,0,0,0,1,0,0,0,0,0,"D",899,7994
-0.200215056081192,0.157905911737135,1.44908538652686,1,0,1,1,0,0,0,0,0,0,1,0,0,0,0,0,"D",3030,7995
-0.149791072856732,0.104006452357911,-1.7860730218215,1,0,1,1,0,0,0,0,0,0,1,0,0,0,0,0,"D",2602,7996
-0.29461270410256,0.225799834582978,-0.509893445433232,1,0,1,1,0,0,0,0,0,0,1,0,0,0,0,0,"D",394,7997
-0.261840792265136,0.155664611045218,0.671997170977127,1,0,1,1,0,0,0,0,0,0,1,0,0,0,0,0,"D",3326,7998
-0.131776193979533,0.0472630694753744,-1.05574052312896,1,0,1,1,0,0,0,0,0,0,1,0,0,0,0,0,"D",2240,7999
-0.0863835864296074,0.179677224125391,0.42736549165214,0,1,1,1,0,0,0,0,0,0,1,0,0,0,0,0,"C",491,8000
-0.0260873922726976,0.0740045607189164,0.67815955762195,0,1,1,1,0,0,0,0,0,0,1,0,0,0,0,0,"C",3721,8001
-0.0887901894907294,0.156046430705394,1.5885094016764,0,1,1,1,0,0,0,0,0,0,1,0,0,0,0,0,"C",3402,8002
-0.170689372280114,0.231555266526978,2.6375623547114,0,1,1,1,0,0,0,0,0,0,1,0,0,0,0,0,"C",368,8003
-0.12950784867513,0.236547672780912,2.07213526607303,0,1,1,1,0,0,0,0,0,0,1,0,0,0,0,0,"C",1484,8004
-0.0971288719535301,0.200194278170301,1.88627978670298,0,1,1,1,0,0,0,0,0,0,1,0,0,0,0,0,"C",2487,8005
-0.285633401179037,0.325336792465813,2.28711481852084,0,1,1,1,0,0,0,0,0,0,1,0,0,0,0,0,"C",1608,8006
-0.0667917601711174,0.120246625540861,0.874444983411042,0,1,1,1,0,0,0,0,0,0,1,0,0,0,0,0,"C",1462,8007
-0.182726615495422,0.229021663883503,2.33372171172247,0,1,1,1,0,0,0,0,0,0,1,0,0,0,0,0,"C",3495,8008
-0.0852735945078724,0.149302937654697,2.46656272466895,0,1,1,1,0,0,0,0,0,0,1,0,0,0,0,0,"C",3583,8009
-0.203229408458353,0.23439105448174,2.10552386604103,0,1,1,1,0,0,0,0,0,0,1,0,0,0,0,0,"C",1747,8010
-0.032527507240882,0.116475605881767,1.8705376900993,0,1,1,1,0,0,0,0,0,0,1,0,0,0,0,0,"C",344,8011
-0.222297423392776,0.279660911922087,2.14594687282519,0,1,1,1,0,0,0,0,0,0,1,0,0,0,0,0,"C",3343,8012
-0.0797955401296722,0.177206930232189,2.37080910081699,0,1,1,1,0,0,0,0,0,0,1,0,0,0,0,0,"C",2191,8013
-0.121869979852676,0.160353114169055,1.56966228307935,0,1,1,1,0,0,0,0,0,0,1,0,0,0,0,0,"C",2986,8014
-0.0631535388188762,0.170632522706792,0.543135890098979,0,1,1,1,0,0,0,0,0,0,1,0,0,0,0,0,"C",3527,8015
-0.176794461636391,0.221717154018782,2.64154378119841,0,1,1,1,0,0,0,0,0,0,1,0,0,0,0,0,"C",3748,8016
-0.162266124769628,0.265301076175142,2.43873845435307,0,1,1,1,0,0,0,0,0,0,1,0,0,0,0,0,"C",930,8017
-0.164756184799874,0.26179255112394,2.12614032270044,0,1,1,1,0,0,0,0,0,0,1,0,0,0,0,0,"C",1560,8018
-0.222984574998015,0.241439237509121,2.50408291331957,0,1,1,1,0,0,0,0,0,0,1,0,0,0,0,0,"C",1549,8019
0.00408251501290961,0.0998459010618129,1.15997513787118,0,1,1,1,0,0,0,0,0,0,1,0,0,0,0,0,"C",3423,8020
-0.0675295950265574,0.180288855861095,1.40084923008467,0,1,1,1,0,0,0,0,0,0,1,0,0,0,0,0,"C",3464,8021
-0.11551415264214,0.137698512499572,2.44980961226933,0,1,1,1,0,0,0,0,0,0,1,0,0,0,0,0,"C",1646,8022
-0.197672190661651,0.263845317321551,2.71231598615392,0,1,1,1,0,0,0,0,0,0,1,0,0,0,0,0,"C",2823,8023
-0.115948365822412,0.196769921865516,1.66834482086492,0,1,1,1,0,0,0,0,0,0,1,0,0,0,0,0,"C",2022,8024
-0.167952320246653,0.256558444003911,2.79294586349736,0,1,1,1,0,0,0,0,0,0,1,0,0,0,0,0,"C",1255,8025
0.00215330646473758,0.125606146635668,1.00896910585863,0,1,1,1,0,0,0,0,0,0,1,0,0,0,0,0,"C",1691,8026
-0.209124695610599,0.30173258524837,2.16603938895327,0,1,1,1,0,0,0,0,0,0,1,0,0,0,0,0,"C",3414,8027
-0.148523155724287,0.241734157208171,2.16998498273897,0,1,1,1,0,0,0,0,0,0,1,0,0,0,0,0,"C",1362,8028
-0.214299463273275,0.300321764435262,2.19396292474623,0,1,1,1,0,0,0,0,0,0,1,0,0,0,0,0,"C",2845,8029
-0.141818500913046,0.25274833957962,2.61896581780829,0,1,1,1,0,0,0,0,0,0,1,0,0,0,0,0,"C",2333,8030
-0.232588162508499,0.213287131475393,2.48914311337251,0,1,1,1,0,0,0,0,0,0,1,0,0,0,0,0,"C",2005,8031
-0.089625067645627,0.169792224709239,2.01140386014807,0,1,1,1,0,0,0,0,0,0,1,0,0,0,0,0,"C",2937,8032
-0.176798864756569,0.209858838474411,1.3459328517055,0,1,1,1,0,0,0,0,0,0,1,0,0,0,0,0,"C",1628,8033
-0.187146983794385,0.216162867213077,2.37005009555308,0,1,1,1,0,0,0,0,0,0,1,0,0,0,0,0,"C",3122,8034
-0.097184298142881,0.17651353670791,1.37390442145197,0,1,1,1,0,0,0,0,0,0,1,0,0,0,0,0,"C",666,8035
-0.0990978217385874,0.210880605559105,2.54584512672727,0,1,1,1,0,0,0,0,0,0,1,0,0,0,0,0,"C",1125,8036
-0.129143941490035,0.127756849525011,0.798853604988835,0,1,1,1,0,0,0,0,0,0,1,0,0,0,0,0,"C",33,8037
-0.145723616423336,0.241883008575139,1.81253192129643,0,1,1,1,0,0,0,0,0,0,1,0,0,0,0,0,"C",1671,8038
-0.0336001403984292,0.134698430184388,1.63186571618704,0,1,1,1,0,0,0,0,0,0,1,0,0,0,0,0,"C",2714,8039
-0.213682921162618,0.206298113934329,1.95965277599506,0,1,1,1,0,0,0,0,0,0,1,0,0,0,0,0,"C",946,8040
-0.238082341404489,0.299875178671391,2.14027498507951,0,1,1,1,0,0,0,0,0,0,1,0,0,0,0,0,"C",2718,8041
-0.0867142759528206,0.115944572576279,0.639833895785204,0,1,1,1,0,0,0,0,0,0,1,0,0,0,0,0,"C",2372,8042
-0.0332344790762099,0.118135766804605,-2.09926040980765,0,1,1,1,0,0,0,0,0,0,1,0,0,0,0,0,"C",1117,8043
-0.174715452359603,0.202055964539157,1.01362426535987,0,1,1,1,0,0,0,0,0,0,1,0,0,0,0,0,"C",3186,8044
-0.100539798440843,0.176438739150932,1.87363303350021,0,1,1,1,0,0,0,0,0,0,1,0,0,0,0,0,"C",2648,8045
-0.126284817148788,0.210489641805653,2.54120335594681,0,1,1,1,0,0,0,0,0,0,1,0,0,0,0,0,"C",3379,8046
-0.0637659768243604,0.183112957596378,1.83005025110903,0,1,1,1,0,0,0,0,0,0,1,0,0,0,0,0,"C",2742,8047
-0.138673563395858,0.226614428540278,1.67365604328546,0,1,1,1,0,0,0,0,0,0,1,0,0,0,0,0,"C",2336,8048
-0.228982817131875,0.254006416985732,2.32923480786086,0,1,1,1,0,0,0,0,0,0,1,0,0,0,0,0,"C",267,8049
-0.210094985765852,0.285169671735246,2.23250964241248,0,1,1,1,0,0,0,0,0,0,1,0,0,0,0,0,"C",1359,8050
-0.115674599451847,0.182787422729789,2.51765747597203,0,1,1,1,0,0,0,0,0,0,1,0,0,0,0,0,"C",1441,8051
-0.153266663006843,0.207961009406412,1.87893415214845,0,1,1,1,0,0,0,0,0,0,1,0,0,0,0,0,"C",1962,8052
-0.0537269123063173,0.14197773722948,2.49153196890868,0,1,1,1,0,0,0,0,0,0,1,0,0,0,0,0,"C",3717,8053
-0.124837515981771,0.201522827536016,1.86156040431369,0,1,1,1,0,0,0,0,0,0,1,0,0,0,0,0,"C",347,8054
-0.176140613763861,0.204658028132755,1.82860561305932,0,1,1,1,0,0,0,0,0,0,1,0,0,0,0,0,"C",2090,8055
-0.0262760685850305,0.127963053117482,0.701095032249575,0,1,1,1,0,0,0,0,0,0,1,0,0,0,0,0,"C",3406,8056
-0.147418395216683,0.158675433931785,1.63906828663149,0,1,1,1,0,0,0,0,0,0,1,0,0,0,0,0,"C",2061,8057
-0.111610119311085,0.212797561623244,1.05873289001498,0,1,1,1,0,0,0,0,0,0,1,0,0,0,0,0,"C",3699,8058
-0.153919521409078,0.184563993290125,1.58255073590731,0,1,1,1,0,0,0,0,0,0,1,0,0,0,0,0,"C",1385,8059
-0.213108525103878,0.245704615128206,2.65886624134424,0,1,1,1,0,0,0,0,0,0,1,0,0,0,0,0,"C",729,8060
-0.061004357125676,0.158532933609449,1.17589840684884,0,1,1,1,0,0,0,0,0,0,1,0,0,0,0,0,"C",712,8061
-0.255713494835223,0.339049438135199,2.15890187166298,0,1,1,1,0,0,0,0,0,0,1,0,0,0,0,0,"C",656,8062
-0.187603437512152,0.290951823121219,1.58770921648723,0,1,1,1,0,0,0,0,0,0,1,0,0,0,0,0,"C",1397,8063
-0.24686913968903,0.276914554843676,1.72672755762099,0,1,1,1,0,0,0,0,0,0,1,0,0,0,0,0,"C",2074,8064
-0.20385754494819,0.272874782272563,2.61518595355732,0,1,1,1,0,0,0,0,0,0,1,0,0,0,0,0,"C",857,8065
-0.14925454637608,0.234038897239696,1.86104839567584,0,1,1,1,0,0,0,0,0,0,1,0,0,0,0,0,"C",2257,8066
-0.0896948220201444,0.11155750674219,1.11251983036139,0,1,1,1,0,0,0,0,0,0,1,0,0,0,0,0,"C",1072,8067
-0.0491807073110879,0.0896791767669382,0.138148457276143,0,1,1,1,0,0,0,0,0,0,1,0,0,0,0,0,"C",1687,8068
-0.128837231846605,0.200493047325581,1.61978274691669,0,1,1,1,0,0,0,0,0,0,1,0,0,0,0,0,"C",2575,8069
-0.245095416078296,0.299203311588608,1.92852583561421,0,1,1,1,0,0,0,0,0,0,1,0,0,0,0,0,"C",3006,8070
-0.110077927693503,0.149444207485183,1.46834477849049,0,1,1,1,0,0,0,0,0,0,1,0,0,0,0,0,"C",3732,8071
-0.0679983551420243,0.108727538312948,0.336519719479493,0,1,1,1,0,0,0,0,0,0,1,0,0,0,0,0,"C",482,8072
-0.17476002047193,0.244191665954786,2.11428629306828,0,1,1,1,0,0,0,0,0,0,1,0,0,0,0,0,"C",1341,8073
-0.129451348207849,0.202314771118384,1.69783240080034,0,1,1,1,0,0,0,0,0,0,1,0,0,0,0,0,"C",3204,8074
-0.0715634847077485,0.117226036042801,1.78541375786158,0,1,1,1,0,0,0,0,0,0,1,0,0,0,0,0,"C",1763,8075
0.00983021781356359,0.105146043587914,0.54769666778102,0,1,1,1,0,0,0,0,0,0,1,0,0,0,0,0,"C",2318,8076
-0.128507406691262,0.207065527008072,1.42200306486676,0,1,1,1,0,0,0,0,0,0,1,0,0,0,0,0,"C",1059,8077
-0.151732124832966,0.247678785245542,1.6613761282331,0,1,1,1,0,0,0,0,0,0,1,0,0,0,0,0,"C",1290,8078
-0.189249743428285,0.244228303187511,1.58035554029201,0,1,1,1,0,0,0,0,0,0,1,0,0,0,0,0,"C",3146,8079
-0.143974099324337,0.220587908341344,2.51208860560074,0,1,1,1,0,0,0,0,0,0,1,0,0,0,0,0,"C",1594,8080
-0.0871869596061893,0.16789649600378,1.40384275466364,0,1,1,1,0,0,0,0,0,0,1,0,0,0,0,0,"C",2727,8081
-0.188029005979422,0.233618821115338,2.04334490658601,0,1,1,1,0,0,0,0,0,0,1,0,0,0,0,0,"C",2960,8082
-0.0467853273781567,0.0862078967860644,1.65008564811479,0,1,1,1,0,0,0,0,0,0,1,0,0,0,0,0,"C",3738,8083
-0.106092593497708,0.132684552679438,2.10945487775477,0,1,1,1,0,0,0,0,0,0,1,0,0,0,0,0,"C",1567,8084
-0.110572609219587,0.193129828733444,1.60325743984351,0,1,1,1,0,0,0,0,0,0,1,0,0,0,0,0,"C",1930,8085
-0.177863968696011,0.165383937237529,0.912890912855052,0,1,1,1,0,0,0,0,0,0,1,0,0,0,0,0,"C",3714,8086
-0.142048147498024,0.184646843193728,1.13296848442284,0,1,1,1,0,0,0,0,0,0,1,0,0,0,0,0,"C",435,8087
-0.180826468479827,0.222872465850658,1.67366009751466,0,1,1,1,0,0,0,0,0,0,1,0,0,0,0,0,"C",1461,8088
-0.141748116516944,0.186026880894258,2.51958676516405,0,1,1,1,0,0,0,0,0,0,1,0,0,0,0,0,"C",2661,8089
-0.149198891489244,0.244513386706669,2.5557256399088,0,1,1,1,0,0,0,0,0,0,1,0,0,0,0,0,"C",1967,8090
-0.17222410124869,0.223208293879176,1.54941355501804,0,1,1,1,0,0,0,0,0,0,1,0,0,0,0,0,"C",2087,8091
-0.17121279223839,0.221205008022511,2.09774151673268,0,1,1,1,0,0,0,0,0,0,1,0,0,0,0,0,"C",2137,8092
-0.166766508838353,0.232251170203729,2.58381705692749,0,1,1,1,0,0,0,0,0,0,1,0,0,0,0,0,"C",2578,8093
-0.0943153462927008,0.153872758202406,1.14000507264849,0,1,1,1,0,0,0,0,0,0,1,0,0,0,0,0,"C",899,8094
-0.282720565697617,0.287210614290567,2.11016412382621,0,1,1,1,0,0,0,0,0,0,1,0,0,0,0,0,"C",3030,8095
-0.129852940479161,0.194965879475355,1.25645397516896,0,1,1,1,0,0,0,0,0,0,1,0,0,0,0,0,"C",2602,8096
-0.0211631653552178,0.0715815579930996,2.10898052620806,0,1,1,1,0,0,0,0,0,0,1,0,0,0,0,0,"C",394,8097
-0.0887893871000427,0.173763449888222,2.19558636819128,0,1,1,1,0,0,0,0,0,0,1,0,0,0,0,0,"C",3326,8098
-0.133722444169227,0.22092592798584,2.13953338386738,0,1,1,1,0,0,0,0,0,0,1,0,0,0,0,0,"C",2240,8099
-0.108170287207896,0.169811713927743,-0.570395577170992,0,1,1,1,0,0,0,0,0,0,1,0,0,0,0,0,"D",491,8100
0.0480876958884903,0.0322681800383086,-0.438627685822751,0,1,1,1,0,0,0,0,0,0,1,0,0,0,0,0,"D",3721,8101
0.026361419018,0.154650859382124,2.16227427410413,0,1,1,1,0,0,0,0,0,0,1,0,0,0,0,0,"D",3402,8102
0.059646283098104,-0.0111411209024863,0.046286260750711,0,1,1,1,0,0,0,0,0,0,1,0,0,0,0,0,"D",368,8103
-0.0714243143936567,0.0819902153683753,-1.57836833846788,0,1,1,1,0,0,0,0,0,0,1,0,0,0,0,0,"D",1484,8104
-0.194536556561507,0.0882816937851667,-1.30562607375255,0,1,1,1,0,0,0,0,0,0,1,0,0,0,0,0,"D",2487,8105
-0.159255161438008,0.10665064310827,-2.77540481381275,0,1,1,1,0,0,0,0,0,0,1,0,0,0,0,0,"D",1608,8106
-0.0832387140985177,0.0751317227740161,-0.608970679428636,0,1,1,1,0,0,0,0,0,0,1,0,0,0,0,0,"D",1462,8107
-0.117980390663854,0.0867184683956231,-0.981013715406116,0,1,1,1,0,0,0,0,0,0,1,0,0,0,0,0,"D",3495,8108
-0.165193682239949,0.130607208349214,0.450616978036467,0,1,1,1,0,0,0,0,0,0,1,0,0,0,0,0,"D",3583,8109
-0.200557566881636,0.133584953680672,1.60572604185252,0,1,1,1,0,0,0,0,0,0,1,0,0,0,0,0,"D",1747,8110
-0.110411752114909,0.112158143035315,-1.32733014964853,0,1,1,1,0,0,0,0,0,0,1,0,0,0,0,0,"D",344,8111
-0.126913140727605,0.050546764048729,-0.339042522759582,0,1,1,1,0,0,0,0,0,0,1,0,0,0,0,0,"D",3343,8112
0.0890774928252129,0.106656864678815,-0.349843560855249,0,1,1,1,0,0,0,0,0,0,1,0,0,0,0,0,"D",2191,8113
-0.00266865521494943,0.0616527893411461,-1.15745138760512,0,1,1,1,0,0,0,0,0,0,1,0,0,0,0,0,"D",2986,8114
-0.00527056358699217,0.0750553419666678,1.47995649431343,0,1,1,1,0,0,0,0,0,0,1,0,0,0,0,0,"D",3527,8115
-0.194982000808298,0.149863437001414,0.180084893875695,0,1,1,1,0,0,0,0,0,0,1,0,0,0,0,0,"D",3748,8116
-0.0634894154685762,0.152159703728773,-0.928488348701557,0,1,1,1,0,0,0,0,0,0,1,0,0,0,0,0,"D",930,8117
-0.0133736866570016,0.0813018174941995,-1.2678075314864,0,1,1,1,0,0,0,0,0,0,1,0,0,0,0,0,"D",1560,8118
-0.031041678900158,0.0980607376930522,-1.43713389637106,0,1,1,1,0,0,0,0,0,0,1,0,0,0,0,0,"D",1549,8119
-0.211621277792806,0.231979682381343,-1.8008721425082,0,1,1,1,0,0,0,0,0,0,1,0,0,0,0,0,"D",3423,8120
-0.215949006544096,0.112561134976875,1.06027347337624,0,1,1,1,0,0,0,0,0,0,1,0,0,0,0,0,"D",3464,8121
-0.110888988351234,0.168575396502875,-1.65307177725881,0,1,1,1,0,0,0,0,0,0,1,0,0,0,0,0,"D",1646,8122
0.0297018710457117,0.0869026280295851,-1.49663836208544,0,1,1,1,0,0,0,0,0,0,1,0,0,0,0,0,"D",2823,8123
-0.112478828635094,0.115931307957274,-0.536462867894929,0,1,1,1,0,0,0,0,0,0,1,0,0,0,0,0,"D",2022,8124
-0.0481844337478706,0.018808228729258,-0.096003340189085,0,1,1,1,0,0,0,0,0,0,1,0,0,0,0,0,"D",1255,8125
0.177192068800308,-0.0230787867735392,1.31164689205524,0,1,1,1,0,0,0,0,0,0,1,0,0,0,0,0,"D",1691,8126
-0.151449151409382,0.111114728075996,-2.12038792387326,0,1,1,1,0,0,0,0,0,0,1,0,0,0,0,0,"D",3414,8127
-0.143985847598383,0.0389611343422903,1.46763756249517,0,1,1,1,0,0,0,0,0,0,1,0,0,0,0,0,"D",1362,8128
0.0280364980749654,0.124931052153951,-2.18789619248805,0,1,1,1,0,0,0,0,0,0,1,0,0,0,0,0,"D",2845,8129
-0.170235228086097,0.189211115067667,1.20515158610383,0,1,1,1,0,0,0,0,0,0,1,0,0,0,0,0,"D",2333,8130
-0.0063892831220639,0.0673885132011477,0.917052163366369,0,1,1,1,0,0,0,0,0,0,1,0,0,0,0,0,"D",2005,8131
-0.117433464756546,0.134504815602915,-0.359095045550237,0,1,1,1,0,0,0,0,0,0,1,0,0,0,0,0,"D",2937,8132
-0.121648035324921,0.0591363450168991,-0.655825948429725,0,1,1,1,0,0,0,0,0,0,1,0,0,0,0,0,"D",1628,8133
-0.150714067959033,0.263508733286034,-0.707298800397654,0,1,1,1,0,0,0,0,0,0,1,0,0,0,0,0,"D",3122,8134
-0.0163960699970471,0.0925451843350211,-1.22797327731572,0,1,1,1,0,0,0,0,0,0,1,0,0,0,0,0,"D",666,8135
-0.0961684214926675,0.115442899253982,0.230918647730306,0,1,1,1,0,0,0,0,0,0,1,0,0,0,0,0,"D",1125,8136
0.0920982438650043,0.102662200557286,0.022487730958461,0,1,1,1,0,0,0,0,0,0,1,0,0,0,0,0,"D",33,8137
-0.12826589492064,0.119868555857619,-1.20267376515969,0,1,1,1,0,0,0,0,0,0,1,0,0,0,0,0,"D",1671,8138
-0.148338295954072,0.158480167952367,-0.792050990026816,0,1,1,1,0,0,0,0,0,0,1,0,0,0,0,0,"D",2714,8139
-0.138978937371843,0.118316968251866,-0.042137813385811,0,1,1,1,0,0,0,0,0,0,1,0,0,0,0,0,"D",946,8140
-0.178618176184006,0.115097182244409,-1.98088822826324,0,1,1,1,0,0,0,0,0,0,1,0,0,0,0,0,"D",2718,8141
-0.183274976310165,0.0748162534894661,-1.74838399557078,0,1,1,1,0,0,0,0,0,0,1,0,0,0,0,0,"D",2372,8142
-0.0721851026763217,0.040110341240551,-1.21741560154949,0,1,1,1,0,0,0,0,0,0,1,0,0,0,0,0,"D",1117,8143
-0.00433334613736464,0.022127577961065,-0.541125334508118,0,1,1,1,0,0,0,0,0,0,1,0,0,0,0,0,"D",3186,8144
-0.113906175741162,0.197010734052229,0.0094318843398452,0,1,1,1,0,0,0,0,0,0,1,0,0,0,0,0,"D",2648,8145
-0.30240788926167,0.26203485154255,-0.930342182078782,0,1,1,1,0,0,0,0,0,0,1,0,0,0,0,0,"D",3379,8146
-0.12879072892935,0.124264217109092,-0.42211779057732,0,1,1,1,0,0,0,0,0,0,1,0,0,0,0,0,"D",2742,8147
0.099553950688912,0.154754330020047,-1.36739286024593,0,1,1,1,0,0,0,0,0,0,1,0,0,0,0,0,"D",2336,8148
0.00208311456706046,0.00167942254033986,0.711415470563389,0,1,1,1,0,0,0,0,0,0,1,0,0,0,0,0,"D",267,8149
0.00467175749060276,0.0803418010608091,0.792004111217365,0,1,1,1,0,0,0,0,0,0,1,0,0,0,0,0,"D",1359,8150
0.00809402329438203,0.0251303764268678,-1.82899023042311,0,1,1,1,0,0,0,0,0,0,1,0,0,0,0,0,"D",1441,8151
-0.151912362400544,0.106163887761715,-1.9002220705989,0,1,1,1,0,0,0,0,0,0,1,0,0,0,0,0,"D",1962,8152
-0.0372569801575521,0.0579790743940414,-2.2735438795616,0,1,1,1,0,0,0,0,0,0,1,0,0,0,0,0,"D",3717,8153
-0.19249439517641,0.181399152193182,0.144224076519947,0,1,1,1,0,0,0,0,0,0,1,0,0,0,0,0,"D",347,8154
-0.154040266777803,0.127658019693304,-1.16826952072265,0,1,1,1,0,0,0,0,0,0,1,0,0,0,0,0,"D",2090,8155
0.0356134398918447,0.136645647886223,0.743778701192776,0,1,1,1,0,0,0,0,0,0,1,0,0,0,0,0,"D",3406,8156
-0.0476263358594171,0.158128307410723,0.18754935745716,0,1,1,1,0,0,0,0,0,0,1,0,0,0,0,0,"D",2061,8157
-0.0506281768607881,0.0624793972312274,1.19921472918711,0,1,1,1,0,0,0,0,0,0,1,0,0,0,0,0,"D",3699,8158
-0.0761151754636523,0.125660728120119,-0.604255565322301,0,1,1,1,0,0,0,0,0,0,1,0,0,0,0,0,"D",1385,8159
-0.149224137459402,0.112072356555181,0.734465886635038,0,1,1,1,0,0,0,0,0,0,1,0,0,0,0,0,"D",729,8160
-0.0251989718619861,0.065105410343349,-1.6349731191888,0,1,1,1,0,0,0,0,0,0,1,0,0,0,0,0,"D",712,8161
-0.0243707088981506,0.060196124510987,-1.39322421451924,0,1,1,1,0,0,0,0,0,0,1,0,0,0,0,0,"D",656,8162
-0.0130405724631124,0.00870531361077308,-0.0945911453710144,0,1,1,1,0,0,0,0,0,0,1,0,0,0,0,0,"D",1397,8163
-0.127217338599948,0.132047192066378,-0.945347596929993,0,1,1,1,0,0,0,0,0,0,1,0,0,0,0,0,"D",2074,8164
-0.158380745348598,0.156242406580941,0.868413880230845,0,1,1,1,0,0,0,0,0,0,1,0,0,0,0,0,"D",857,8165
-0.199140484783134,0.208477052325128,0.12344809093475,0,1,1,1,0,0,0,0,0,0,1,0,0,0,0,0,"D",2257,8166
-0.123717673849892,0.0931596512413045,0.866733974838423,0,1,1,1,0,0,0,0,0,0,1,0,0,0,0,0,"D",1072,8167
-0.0135161903938198,0.0822397130548081,0.374875016353161,0,1,1,1,0,0,0,0,0,0,1,0,0,0,0,0,"D",1687,8168
0.00438368283122509,0.121055407403863,-1.62135550851744,0,1,1,1,0,0,0,0,0,0,1,0,0,0,0,0,"D",2575,8169
-0.202569563122696,0.124886037839315,2.25694447680541,0,1,1,1,0,0,0,0,0,0,1,0,0,0,0,0,"D",3006,8170
-0.0860269840850822,0.16796934102728,-0.0701688846135403,0,1,1,1,0,0,0,0,0,0,1,0,0,0,0,0,"D",3732,8171
-0.161073023859908,0.146235896748727,0.251397739192454,0,1,1,1,0,0,0,0,0,0,1,0,0,0,0,0,"D",482,8172
-0.053681734290711,0.139275937549963,-1.10556860900504,0,1,1,1,0,0,0,0,0,0,1,0,0,0,0,0,"D",1341,8173
-0.0657154424553233,0.078482085951006,-1.15504425300571,0,1,1,1,0,0,0,0,0,0,1,0,0,0,0,0,"D",3204,8174
-0.15514020574502,0.126792664507327,-1.18754334615394,0,1,1,1,0,0,0,0,0,0,1,0,0,0,0,0,"D",1763,8175
-0.12904176771675,0.0326944467416738,-0.417356280519666,0,1,1,1,0,0,0,0,0,0,1,0,0,0,0,0,"D",2318,8176
-0.0882342927850601,0.151504497122492,2.68709454202672,0,1,1,1,0,0,0,0,0,0,1,0,0,0,0,0,"D",1059,8177
-0.271713188103102,0.232156074155451,-1.40416089450503,0,1,1,1,0,0,0,0,0,0,1,0,0,0,0,0,"D",1290,8178
0.017597613208539,0.0306846494111813,0.602976863239715,0,1,1,1,0,0,0,0,0,0,1,0,0,0,0,0,"D",3146,8179
-0.205531935473754,0.150159895526126,1.09425395972079,0,1,1,1,0,0,0,0,0,0,1,0,0,0,0,0,"D",1594,8180
-0.0377433789556035,0.128424628267153,-1.79980402211261,0,1,1,1,0,0,0,0,0,0,1,0,0,0,0,0,"D",2727,8181
-0.0146748268770975,0.102919376586356,-0.934308247341834,0,1,1,1,0,0,0,0,0,0,1,0,0,0,0,0,"D",2960,8182
-0.0553881998671363,0.0530624132347405,-1.34802150852194,0,1,1,1,0,0,0,0,0,0,1,0,0,0,0,0,"D",3738,8183
-0.0384662275856751,0.136490923822487,-0.906701135501819,0,1,1,1,0,0,0,0,0,0,1,0,0,0,0,0,"D",1567,8184
-0.0616626203981872,0.0978448613093984,-1.0852998855314,0,1,1,1,0,0,0,0,0,0,1,0,0,0,0,0,"D",1930,8185
-0.0648342693673307,0.0261539199415309,1.51207721902503,0,1,1,1,0,0,0,0,0,0,1,0,0,0,0,0,"D",3714,8186
-0.0976195793690471,0.269516413038602,-0.398550395233072,0,1,1,1,0,0,0,0,0,0,1,0,0,0,0,0,"D",435,8187
0.0321520421389326,0.0144646243327463,-0.122811952063434,0,1,1,1,0,0,0,0,0,0,1,0,0,0,0,0,"D",1461,8188
-0.0330616853358175,0.0395772089750376,0.904349894403129,0,1,1,1,0,0,0,0,0,0,1,0,0,0,0,0,"D",2661,8189
-0.105020753776373,0.14382251356684,-1.43870924090142,0,1,1,1,0,0,0,0,0,0,1,0,0,0,0,0,"D",1967,8190
-0.126317652647307,0.165333314782037,-0.418031260729536,0,1,1,1,0,0,0,0,0,0,1,0,0,0,0,0,"D",2087,8191
-0.131273608433147,0.116182983487443,-1.57715621280239,0,1,1,1,0,0,0,0,0,0,1,0,0,0,0,0,"D",2137,8192
-0.0545339071983351,0.111305026037425,-1.07637113821789,0,1,1,1,0,0,0,0,0,0,1,0,0,0,0,0,"D",2578,8193
-0.180860334578259,0.0915753892072007,-0.286448470095039,0,1,1,1,0,0,0,0,0,0,1,0,0,0,0,0,"D",899,8194
-0.194449777207299,0.110609074454265,0.659379816763202,0,1,1,1,0,0,0,0,0,0,1,0,0,0,0,0,"D",3030,8195
0.0427025937727686,0.129718619157851,-1.92958926588218,0,1,1,1,0,0,0,0,0,0,1,0,0,0,0,0,"D",2602,8196
-0.0166705041740921,0.0757900446493962,0.702392021667132,0,1,1,1,0,0,0,0,0,0,1,0,0,0,0,0,"D",394,8197
-0.0636574341524953,0.045494651314735,0.465053943118727,0,1,1,1,0,0,0,0,0,0,1,0,0,0,0,0,"D",3326,8198
-0.0343253033154392,0.137100806262264,-1.51204369876655,0,1,1,1,0,0,0,0,0,0,1,0,0,0,0,0,"D",2240,8199
-0.11958585750202,0.104434210022012,1.17927107260013,0,0,1,1,1,0,0,0,0,0,1,0,0,0,0,0,"C",491,8200
-0.0956089877890097,0.0742770832256339,0.63648864970529,0,0,1,1,1,0,0,0,0,0,1,0,0,0,0,0,"C",3721,8201
-0.0971280497667676,0.0926574049916621,0.687579057130755,0,0,1,1,1,0,0,0,0,0,1,0,0,0,0,0,"C",3402,8202
-0.0661993674061537,0.0719394328548733,1.13008397653375,0,0,1,1,1,0,0,0,0,0,1,0,0,0,0,0,"C",368,8203
-0.0932035295806041,0.0954647730313351,1.21587964566869,0,0,1,1,1,0,0,0,0,0,1,0,0,0,0,0,"C",1484,8204
-0.0928506759018694,0.064875978167323,0.417170881789258,0,0,1,1,1,0,0,0,0,0,1,0,0,0,0,0,"C",2487,8205
-0.130006497905379,0.0755644815942276,0.473348757529809,0,0,1,1,1,0,0,0,0,0,1,0,0,0,0,0,"C",1608,8206
-0.124233355078592,0.0931271158587699,0.077860093427283,0,0,1,1,1,0,0,0,0,0,1,0,0,0,0,0,"C",1462,8207
-0.0973368530557734,0.0812518468753507,0.109505083674473,0,0,1,1,1,0,0,0,0,0,1,0,0,0,0,0,"C",3495,8208
-0.0690581475736741,0.070071733917457,0.554356140591844,0,0,1,1,1,0,0,0,0,0,1,0,0,0,0,0,"C",3583,8209
-0.131924893951971,0.101628626133293,0.597866016795358,0,0,1,1,1,0,0,0,0,0,1,0,0,0,0,0,"C",1747,8210
-0.103564670200392,0.0920694147817588,1.30564968017064,0,0,1,1,1,0,0,0,0,0,1,0,0,0,0,0,"C",344,8211
-0.0680328073576645,0.0688743046036026,0.585958710538528,0,0,1,1,1,0,0,0,0,0,1,0,0,0,0,0,"C",3343,8212
-0.0806146824668414,0.0873267000951068,1.45291263731301,0,0,1,1,1,0,0,0,0,0,1,0,0,0,0,0,"C",2191,8213
-0.0672068036654088,0.0719668302211561,1.04245364198276,0,0,1,1,1,0,0,0,0,0,1,0,0,0,0,0,"C",2986,8214
-0.109581295509985,0.0994132282467002,0.998913677019508,0,0,1,1,1,0,0,0,0,0,1,0,0,0,0,0,"C",3527,8215
-0.107880959786153,0.0894959719867994,1.17599470472586,0,0,1,1,1,0,0,0,0,0,1,0,0,0,0,0,"C",3748,8216
-0.0873657494656356,0.0981742379413833,1.26801301665805,0,0,1,1,1,0,0,0,0,0,1,0,0,0,0,0,"C",930,8217
-0.0908559013252177,0.0708804413624191,1.30051143198096,0,0,1,1,1,0,0,0,0,0,1,0,0,0,0,0,"C",1560,8218
-0.0670977946219043,0.0705621008085173,1.14252642272017,0,0,1,1,1,0,0,0,0,0,1,0,0,0,0,0,"C",1549,8219
-0.101979791804718,0.0966287728160171,0.902581379474572,0,0,1,1,1,0,0,0,0,0,1,0,0,0,0,0,"C",3423,8220
-0.0801215533366186,0.0830308607273404,1.41500932982661,0,0,1,1,1,0,0,0,0,0,1,0,0,0,0,0,"C",3464,8221
-0.106123969389667,0.0836218215571639,0.617212728868148,0,0,1,1,1,0,0,0,0,0,1,0,0,0,0,0,"C",1646,8222
-0.0903663479355871,0.0885283619262749,1.33317003929072,0,0,1,1,1,0,0,0,0,0,1,0,0,0,0,0,"C",2823,8223
-0.110921247437584,0.0978458648301511,0.822324654581277,0,0,1,1,1,0,0,0,0,0,1,0,0,0,0,0,"C",2022,8224
-0.110583611919156,0.102396282082334,0.851027703373606,0,0,1,1,1,0,0,0,0,0,1,0,0,0,0,0,"C",1255,8225
-0.111934283833352,0.09028161922315,0.660789224854934,0,0,1,1,1,0,0,0,0,0,1,0,0,0,0,0,"C",1691,8226
-0.0733285208081896,0.103126898471564,1.49908739881897,0,0,1,1,1,0,0,0,0,0,1,0,0,0,0,0,"C",3414,8227
-0.0972249429828471,0.0911176093714819,0.827878737369797,0,0,1,1,1,0,0,0,0,0,1,0,0,0,0,0,"C",1362,8228
-0.090772991175248,0.0834723607298875,1.33676868636672,0,0,1,1,1,0,0,0,0,0,1,0,0,0,0,0,"C",2845,8229
-0.0797828870800086,0.0866676226642725,1.08814597454634,0,0,1,1,1,0,0,0,0,0,1,0,0,0,0,0,"C",2333,8230
-0.0727452138204212,0.0517984805394257,0.734958104895767,0,0,1,1,1,0,0,0,0,0,1,0,0,0,0,0,"C",2005,8231
-0.0930728063687128,0.0466225115277443,0.656519253846735,0,0,1,1,1,0,0,0,0,0,1,0,0,0,0,0,"C",2937,8232
-0.0897049238266548,0.0620137791331889,0.285754285503349,0,0,1,1,1,0,0,0,0,0,1,0,0,0,0,0,"C",1628,8233
-0.107903316095628,0.0763373336589826,0.667160954691028,0,0,1,1,1,0,0,0,0,0,1,0,0,0,0,0,"C",3122,8234
-0.0713101863525018,0.0754048656188107,0.343817688185415,0,0,1,1,1,0,0,0,0,0,1,0,0,0,0,0,"C",666,8235
-0.0746177001306058,0.0627502813205176,0.906448692610863,0,0,1,1,1,0,0,0,0,0,1,0,0,0,0,0,"C",1125,8236
-0.0737208488763755,0.0598836899869895,0.574731386540275,0,0,1,1,1,0,0,0,0,0,1,0,0,0,0,0,"C",33,8237
-0.107137834946526,0.0782204479491758,0.0790268757855174,0,0,1,1,1,0,0,0,0,0,1,0,0,0,0,0,"C",1671,8238
-0.0831357931270989,0.0788576362769329,1.05588494209806,0,0,1,1,1,0,0,0,0,0,1,0,0,0,0,0,"C",2714,8239
-0.0901340931618071,0.0702156509316877,1.2241368352508,0,0,1,1,1,0,0,0,0,0,1,0,0,0,0,0,"C",946,8240
-0.07660765381831,0.0581547532338845,0.755736900618603,0,0,1,1,1,0,0,0,0,0,1,0,0,0,0,0,"C",2718,8241
-0.103375924293138,0.0803436140194371,0.579587333540478,0,0,1,1,1,0,0,0,0,0,1,0,0,0,0,0,"C",2372,8242
-0.0776929463479761,0.0799888370871586,0.909045837144826,0,0,1,1,1,0,0,0,0,0,1,0,0,0,0,0,"C",1117,8243
-0.106177153657194,0.0946911064793219,0.490060238349472,0,0,1,1,1,0,0,0,0,0,1,0,0,0,0,0,"C",3186,8244
-0.0760841403048708,0.0497829788367339,0.357036225304431,0,0,1,1,1,0,0,0,0,0,1,0,0,0,0,0,"C",2648,8245
-0.0721838179180511,0.069636835337412,0.283881924494044,0,0,1,1,1,0,0,0,0,0,1,0,0,0,0,0,"C",3379,8246
-0.067228402537008,0.067945064584553,0.91926608964166,0,0,1,1,1,0,0,0,0,0,1,0,0,0,0,0,"C",2742,8247
-0.0989369699489549,0.0968201519610747,0.939343570563704,0,0,1,1,1,0,0,0,0,0,1,0,0,0,0,0,"C",2336,8248
-0.119201905537391,0.0855204531296953,0.926124128787108,0,0,1,1,1,0,0,0,0,0,1,0,0,0,0,0,"C",267,8249
-0.0715705779314586,0.0805368489608217,0.958097400536037,0,0,1,1,1,0,0,0,0,0,1,0,0,0,0,0,"C",1359,8250
-0.088783873669728,0.0832945205081947,0.885706040969189,0,0,1,1,1,0,0,0,0,0,1,0,0,0,0,0,"C",1441,8251
-0.0882956724339896,0.0708414204856498,0.749874292647924,0,0,1,1,1,0,0,0,0,0,1,0,0,0,0,0,"C",1962,8252
-0.0861604221788054,0.066152566287399,0.644150380857514,0,0,1,1,1,0,0,0,0,0,1,0,0,0,0,0,"C",3717,8253
-0.0832429898209363,0.0900311696758355,0.678630495601031,0,0,1,1,1,0,0,0,0,0,1,0,0,0,0,0,"C",347,8254
-0.0859177295356456,0.0867847930600609,0.457336797603182,0,0,1,1,1,0,0,0,0,0,1,0,0,0,0,0,"C",2090,8255
-0.0762585781879532,0.0935294091087075,1.05520200200648,0,0,1,1,1,0,0,0,0,0,1,0,0,0,0,0,"C",3406,8256
-0.110384430868909,0.0603516265611425,0.206160570431857,0,0,1,1,1,0,0,0,0,0,1,0,0,0,0,0,"C",2061,8257
-0.109717091894132,0.116996957668768,0.663696902183931,0,0,1,1,1,0,0,0,0,0,1,0,0,0,0,0,"C",3699,8258
-0.110780211268126,0.0743970218626215,1.19084521826682,0,0,1,1,1,0,0,0,0,0,1,0,0,0,0,0,"C",1385,8259
-0.077736279763327,0.0736453820518205,1.11621448333914,0,0,1,1,1,0,0,0,0,0,1,0,0,0,0,0,"C",729,8260
-0.0527429655825659,0.0595253545742438,0.917044041159325,0,0,1,1,1,0,0,0,0,0,1,0,0,0,0,0,"C",712,8261
-0.0982657978883653,0.080755865476029,1.30529736883019,0,0,1,1,1,0,0,0,0,0,1,0,0,0,0,0,"C",656,8262
-0.0597579274545054,0.0707631441846738,1.28736361134148,0,0,1,1,1,0,0,0,0,0,1,0,0,0,0,0,"C",1397,8263
-0.0938913661056993,0.0495199617401122,1.3413809105111,0,0,1,1,1,0,0,0,0,0,1,0,0,0,0,0,"C",2074,8264
-0.0786906572770866,0.0731960372629257,1.20858996027683,0,0,1,1,1,0,0,0,0,0,1,0,0,0,0,0,"C",857,8265
-0.0853480053604536,0.0725312604198257,0.803533595891912,0,0,1,1,1,0,0,0,0,0,1,0,0,0,0,0,"C",2257,8266
-0.0893020043708763,0.0602263312810383,0.99963237531214,0,0,1,1,1,0,0,0,0,0,1,0,0,0,0,0,"C",1072,8267
-0.0913394933259341,0.0836772131509438,1.01042482049289,0,0,1,1,1,0,0,0,0,0,1,0,0,0,0,0,"C",1687,8268
-0.0840498711927459,0.0700738309050246,0.413577762023721,0,0,1,1,1,0,0,0,0,0,1,0,0,0,0,0,"C",2575,8269
-0.0893527227018565,0.0674735656980177,-0.0435402085789685,0,0,1,1,1,0,0,0,0,0,1,0,0,0,0,0,"C",3006,8270
-0.0935331551961136,0.0544611111231334,0.897485921901044,0,0,1,1,1,0,0,0,0,0,1,0,0,0,0,0,"C",3732,8271
-0.0869364493592825,0.0795444394101869,1.77085064595642,0,0,1,1,1,0,0,0,0,0,1,0,0,0,0,0,"C",482,8272
-0.0867921780810863,0.0482536600193142,1.27026914180379,0,0,1,1,1,0,0,0,0,0,1,0,0,0,0,0,"C",1341,8273
-0.0771898400175191,0.0756682445914159,0.833499227381619,0,0,1,1,1,0,0,0,0,0,1,0,0,0,0,0,"C",3204,8274
-0.0677362763506247,0.081571520775042,0.894603510297516,0,0,1,1,1,0,0,0,0,0,1,0,0,0,0,0,"C",1763,8275
-0.0905657872449597,0.0876460700913566,1.14896552838148,0,0,1,1,1,0,0,0,0,0,1,0,0,0,0,0,"C",2318,8276
-0.0880400105734204,0.0569563991672706,0.150972062884074,0,0,1,1,1,0,0,0,0,0,1,0,0,0,0,0,"C",1059,8277
-0.0895304141706825,0.0715818814044961,0.323461762601361,0,0,1,1,1,0,0,0,0,0,1,0,0,0,0,0,"C",1290,8278
-0.113298067630743,0.0857172505463736,1.12451630410888,0,0,1,1,1,0,0,0,0,0,1,0,0,0,0,0,"C",3146,8279
-0.113660954957327,0.0926947204604596,1.01234233088683,0,0,1,1,1,0,0,0,0,0,1,0,0,0,0,0,"C",1594,8280
-0.106790860100506,0.0874772838249708,0.626758322689097,0,0,1,1,1,0,0,0,0,0,1,0,0,0,0,0,"C",2727,8281
-0.10637236452369,0.0794272909548177,0.174681791356033,0,0,1,1,1,0,0,0,0,0,1,0,0,0,0,0,"C",2960,8282
-0.0463338087984221,0.0534942296169584,1.50681360381176,0,0,1,1,1,0,0,0,0,0,1,0,0,0,0,0,"C",3738,8283
-0.0918173259207408,0.0870951452676754,0.680686095878293,0,0,1,1,1,0,0,0,0,0,1,0,0,0,0,0,"C",1567,8284
-0.0713596053963457,0.0582644218375697,0.812592392015246,0,0,1,1,1,0,0,0,0,0,1,0,0,0,0,0,"C",1930,8285
-0.0926858535060944,0.0822529121777955,1.36345210463351,0,0,1,1,1,0,0,0,0,0,1,0,0,0,0,0,"C",3714,8286
-0.0771691799742746,0.0819969574455895,0.271452341533774,0,0,1,1,1,0,0,0,0,0,1,0,0,0,0,0,"C",435,8287
-0.0976514838741305,0.0819428068463893,0.60265969036507,0,0,1,1,1,0,0,0,0,0,1,0,0,0,0,0,"C",1461,8288
-0.0848764040692826,0.0610060706373254,0.86270276544632,0,0,1,1,1,0,0,0,0,0,1,0,0,0,0,0,"C",2661,8289
-0.106835418807143,0.0891098654418149,0.898176051843766,0,0,1,1,1,0,0,0,0,0,1,0,0,0,0,0,"C",1967,8290
-0.0921418307356469,0.0853546705624373,0.833592924137844,0,0,1,1,1,0,0,0,0,0,1,0,0,0,0,0,"C",2087,8291
-0.0846413181169463,0.0694502621865472,1.02508747641475,0,0,1,1,1,0,0,0,0,0,1,0,0,0,0,0,"C",2137,8292
-0.0326050790784296,0.0549718055539765,-0.16739993347417,0,0,1,1,1,0,0,0,0,0,1,0,0,0,0,0,"C",2578,8293
-0.0999898725525751,0.0811236535445571,0.89933759746385,0,0,1,1,1,0,0,0,0,0,1,0,0,0,0,0,"C",899,8294
-0.0939876828593766,0.0489669792930846,1.4650207871601,0,0,1,1,1,0,0,0,0,0,1,0,0,0,0,0,"C",3030,8295
-0.0949378620526968,0.0803957985255369,1.51142479776963,0,0,1,1,1,0,0,0,0,0,1,0,0,0,0,0,"C",2602,8296
-0.111131735377341,0.0763559211496982,1.02437822886886,0,0,1,1,1,0,0,0,0,0,1,0,0,0,0,0,"C",394,8297
-0.0772715332360953,0.0635778653425372,1.50943667188033,0,0,1,1,1,0,0,0,0,0,1,0,0,0,0,0,"C",3326,8298
-0.0879216400908919,0.108975659197006,0.912163459440607,0,0,1,1,1,0,0,0,0,0,1,0,0,0,0,0,"C",2240,8299
-0.0951077189594003,0.0827825299405317,1.55736650385843,0,0,1,1,1,0,0,0,0,0,1,0,0,0,0,0,"D",491,8300
-0.144127035041823,0.0683799588508508,0.900454428363795,0,0,1,1,1,0,0,0,0,0,1,0,0,0,0,0,"D",3721,8301
-0.12730112792557,0.0624939899178993,0.657066777063942,0,0,1,1,1,0,0,0,0,0,1,0,0,0,0,0,"D",3402,8302
-0.134470619554284,0.0856317801217021,0.743332723962489,0,0,1,1,1,0,0,0,0,0,1,0,0,0,0,0,"D",368,8303
-0.13430649116161,0.0837339010881427,0.689206487020749,0,0,1,1,1,0,0,0,0,0,1,0,0,0,0,0,"D",1484,8304
-0.143657200873134,0.0555596562534379,0.774743396222584,0,0,1,1,1,0,0,0,0,0,1,0,0,0,0,0,"D",2487,8305
-0.133368623528199,0.0972692912279005,1.30802820707645,0,0,1,1,1,0,0,0,0,0,1,0,0,0,0,0,"D",1608,8306
-0.155101671838328,0.0667978769641006,0.829624193730599,0,0,1,1,1,0,0,0,0,0,1,0,0,0,0,0,"D",1462,8307
-0.10926304913054,0.0528733846245126,1.04921146800113,0,0,1,1,1,0,0,0,0,0,1,0,0,0,0,0,"D",3495,8308
-0.137846026608676,0.053970552461791,0.754573782163828,0,0,1,1,1,0,0,0,0,0,1,0,0,0,0,0,"D",3583,8309
-0.148908507577795,0.061574848641346,1.07376314772908,0,0,1,1,1,0,0,0,0,0,1,0,0,0,0,0,"D",1747,8310
-0.138763691808395,0.044322421222749,0.863080247472757,0,0,1,1,1,0,0,0,0,0,1,0,0,0,0,0,"D",344,8311
-0.141208890469062,0.0629969232614055,0.797120683446295,0,0,1,1,1,0,0,0,0,0,1,0,0,0,0,0,"D",3343,8312
-0.151734116593869,0.0811754223170518,0.690211413371507,0,0,1,1,1,0,0,0,0,0,1,0,0,0,0,0,"D",2191,8313
-0.157994845902545,0.0807743973028832,0.947968725242482,0,0,1,1,1,0,0,0,0,0,1,0,0,0,0,0,"D",2986,8314
-0.127006775914098,0.076429350166964,1.39409392067968,0,0,1,1,1,0,0,0,0,0,1,0,0,0,0,0,"D",3527,8315
-0.137941257237283,0.0723029097452847,0.68954013213249,0,0,1,1,1,0,0,0,0,0,1,0,0,0,0,0,"D",3748,8316
-0.107349524809025,0.0430024772427164,1.08492634336486,0,0,1,1,1,0,0,0,0,0,1,0,0,0,0,0,"D",930,8317
-0.142533417109422,0.0741507291283202,0.892119521993508,0,0,1,1,1,0,0,0,0,0,1,0,0,0,0,0,"D",1560,8318
-0.13515847814592,0.0750260722852163,1.07669017955645,0,0,1,1,1,0,0,0,0,0,1,0,0,0,0,0,"D",1549,8319
-0.120248999473828,0.0371618097563197,1.07339839128617,0,0,1,1,1,0,0,0,0,0,1,0,0,0,0,0,"D",3423,8320
-0.132707552087675,0.073826365182342,1.00806240005503,0,0,1,1,1,0,0,0,0,0,1,0,0,0,0,0,"D",3464,8321
-0.144347168572869,0.119043841990635,1.22525930693698,0,0,1,1,1,0,0,0,0,0,1,0,0,0,0,0,"D",1646,8322
-0.156531153217038,0.0795947221385062,0.853859342755577,0,0,1,1,1,0,0,0,0,0,1,0,0,0,0,0,"D",2823,8323
-0.127865270455046,0.0417016544528648,0.999611840451037,0,0,1,1,1,0,0,0,0,0,1,0,0,0,0,0,"D",2022,8324
-0.109004964901125,0.0491764178944044,1.19144695548971,0,0,1,1,1,0,0,0,0,0,1,0,0,0,0,0,"D",1255,8325
-0.138033661197627,0.0693724105672085,1.42204943207978,0,0,1,1,1,0,0,0,0,0,1,0,0,0,0,0,"D",1691,8326
-0.14218999471958,0.0807444712721946,1.09083271717524,0,0,1,1,1,0,0,0,0,0,1,0,0,0,0,0,"D",3414,8327
-0.167600418411965,0.0750447047923344,0.71740069425532,0,0,1,1,1,0,0,0,0,0,1,0,0,0,0,0,"D",1362,8328
-0.142070579750482,0.0789295877537169,0.880122292499641,0,0,1,1,1,0,0,0,0,0,1,0,0,0,0,0,"D",2845,8329
-0.162564064859094,0.0673527639294362,0.559721170227444,0,0,1,1,1,0,0,0,0,0,1,0,0,0,0,0,"D",2333,8330
-0.167772321842648,0.0670618855971195,1.02456711573598,0,0,1,1,1,0,0,0,0,0,1,0,0,0,0,0,"D",2005,8331
-0.13844983660662,0.0750341608128229,0.889127657919882,0,0,1,1,1,0,0,0,0,0,1,0,0,0,0,0,"D",2937,8332
-0.0976676474965752,0.0440667698604544,0.71471835907611,0,0,1,1,1,0,0,0,0,0,1,0,0,0,0,0,"D",1628,8333
-0.146949028339622,0.119744873039318,1.07126986566874,0,0,1,1,1,0,0,0,0,0,1,0,0,0,0,0,"D",3122,8334
-0.164047718455073,0.0712634985266147,0.593011205017267,0,0,1,1,1,0,0,0,0,0,1,0,0,0,0,0,"D",666,8335
-0.137515425740983,0.0896375720570814,1.45033166077435,0,0,1,1,1,0,0,0,0,0,1,0,0,0,0,0,"D",1125,8336
-0.10124688392291,0.0350561197597413,0.952802343896518,0,0,1,1,1,0,0,0,0,0,1,0,0,0,0,0,"D",33,8337
-0.104188169434252,0.0573280896035753,0.593376479589733,0,0,1,1,1,0,0,0,0,0,1,0,0,0,0,0,"D",1671,8338
-0.126242305477112,0.0437167812024978,0.880948134849352,0,0,1,1,1,0,0,0,0,0,1,0,0,0,0,0,"D",2714,8339
-0.138522617410872,0.0757682152310196,0.345041784972596,0,0,1,1,1,0,0,0,0,0,1,0,0,0,0,0,"D",946,8340
-0.166682422874865,0.070853602900573,0.593358827049574,0,0,1,1,1,0,0,0,0,0,1,0,0,0,0,0,"D",2718,8341
-0.140119767964305,0.0638591023366552,0.630020065139034,0,0,1,1,1,0,0,0,0,0,1,0,0,0,0,0,"D",2372,8342
-0.124808695216149,0.0809790294854854,0.66754368961323,0,0,1,1,1,0,0,0,0,0,1,0,0,0,0,0,"D",1117,8343
-0.140095778315205,0.0665390724524195,1.63247598742873,0,0,1,1,1,0,0,0,0,0,1,0,0,0,0,0,"D",3186,8344
-0.116382094121692,0.0706475577363976,1.23434351100735,0,0,1,1,1,0,0,0,0,0,1,0,0,0,0,0,"D",2648,8345
-0.145318342685301,0.102951360161621,1.18712774118088,0,0,1,1,1,0,0,0,0,0,1,0,0,0,0,0,"D",3379,8346
-0.138803934590234,0.0715359139193843,1.24705444181268,0,0,1,1,1,0,0,0,0,0,1,0,0,0,0,0,"D",2742,8347
-0.143162481998829,0.0634463032275467,0.634547711145401,0,0,1,1,1,0,0,0,0,0,1,0,0,0,0,0,"D",2336,8348
-0.137910126114658,0.065572931226947,0.741901340369262,0,0,1,1,1,0,0,0,0,0,1,0,0,0,0,0,"D",267,8349
-0.146766380442092,0.0961063036608621,0.993593405716417,0,0,1,1,1,0,0,0,0,0,1,0,0,0,0,0,"D",1359,8350
-0.128320899644296,0.033195404777085,0.93642893117572,0,0,1,1,1,0,0,0,0,0,1,0,0,0,0,0,"D",1441,8351
-0.147438159653557,0.0691510815891754,0.730425023846665,0,0,1,1,1,0,0,0,0,0,1,0,0,0,0,0,"D",1962,8352
-0.139886129930177,0.0647943357108929,1.15207563789526,0,0,1,1,1,0,0,0,0,0,1,0,0,0,0,0,"D",3717,8353
-0.139268163226202,0.0813902566535065,0.955252202591007,0,0,1,1,1,0,0,0,0,0,1,0,0,0,0,0,"D",347,8354
-0.125157414223371,0.0661090358010867,0.752007567661354,0,0,1,1,1,0,0,0,0,0,1,0,0,0,0,0,"D",2090,8355
-0.11131130024295,0.0627569085859976,0.258597112525525,0,0,1,1,1,0,0,0,0,0,1,0,0,0,0,0,"D",3406,8356
-0.173656023125818,0.0796956736829059,0.825556000912678,0,0,1,1,1,0,0,0,0,0,1,0,0,0,0,0,"D",2061,8357
-0.109947254264064,0.074170419204952,1.19802707436639,0,0,1,1,1,0,0,0,0,0,1,0,0,0,0,0,"D",3699,8358
-0.169977529715978,0.0827094624385314,0.889016266444754,0,0,1,1,1,0,0,0,0,0,1,0,0,0,0,0,"D",1385,8359
-0.126268973571593,0.0791825744315352,0.961627756009255,0,0,1,1,1,0,0,0,0,0,1,0,0,0,0,0,"D",729,8360
-0.137897314739049,0.0684226391673658,0.687184540136297,0,0,1,1,1,0,0,0,0,0,1,0,0,0,0,0,"D",712,8361
-0.133595812632207,0.0582208208729058,0.966861239417908,0,0,1,1,1,0,0,0,0,0,1,0,0,0,0,0,"D",656,8362
-0.132813625722459,0.0511832800993058,0.943344501273531,0,0,1,1,1,0,0,0,0,0,1,0,0,0,0,0,"D",1397,8363
-0.155780046164231,0.0923747647115265,0.887753763193014,0,0,1,1,1,0,0,0,0,0,1,0,0,0,0,0,"D",2074,8364
-0.125797260533566,0.0669938144926793,0.51691833279452,0,0,1,1,1,0,0,0,0,0,1,0,0,0,0,0,"D",857,8365
-0.13056070832018,0.081775631064512,0.601451932296554,0,0,1,1,1,0,0,0,0,0,1,0,0,0,0,0,"D",2257,8366
-0.122302136838099,0.0650110713089668,0.976038971203339,0,0,1,1,1,0,0,0,0,0,1,0,0,0,0,0,"D",1072,8367
-0.127167617397037,0.0615035075756818,1.21433479567497,0,0,1,1,1,0,0,0,0,0,1,0,0,0,0,0,"D",1687,8368
-0.102959658380344,0.0689398382088365,0.574575157732414,0,0,1,1,1,0,0,0,0,0,1,0,0,0,0,0,"D",2575,8369
-0.150156191342411,0.085721144364082,0.864162839857565,0,0,1,1,1,0,0,0,0,0,1,0,0,0,0,0,"D",3006,8370
-0.133522920025828,0.0787336908557299,0.457928547796765,0,0,1,1,1,0,0,0,0,0,1,0,0,0,0,0,"D",3732,8371
-0.13654915456636,0.0804934168332685,0.786903454582383,0,0,1,1,1,0,0,0,0,0,1,0,0,0,0,0,"D",482,8372
-0.151933646929428,0.103105919001245,0.82665581236208,0,0,1,1,1,0,0,0,0,0,1,0,0,0,0,0,"D",1341,8373
-0.10579281760504,0.0518506657202223,1.13257941454223,0,0,1,1,1,0,0,0,0,0,1,0,0,0,0,0,"D",3204,8374
-0.126925458493712,0.0497097331752238,1.03394298038014,0,0,1,1,1,0,0,0,0,0,1,0,0,0,0,0,"D",1763,8375
-0.142809541615863,0.0770110444652319,0.894810360225336,0,0,1,1,1,0,0,0,0,0,1,0,0,0,0,0,"D",2318,8376
-0.15264861147262,0.0816274507470647,0.945957588591188,0,0,1,1,1,0,0,0,0,0,1,0,0,0,0,0,"D",1059,8377
-0.0970222742397189,0.0838877294117404,0.363259511898237,0,0,1,1,1,0,0,0,0,0,1,0,0,0,0,0,"D",1290,8378
-0.122271367589574,0.046942592562214,0.883268180984933,0,0,1,1,1,0,0,0,0,0,1,0,0,0,0,0,"D",3146,8379
-0.130014451149312,0.0678879106507341,0.863262421976167,0,0,1,1,1,0,0,0,0,0,1,0,0,0,0,0,"D",1594,8380
-0.128540217857805,0.0786532904797274,1.30224758940019,0,0,1,1,1,0,0,0,0,0,1,0,0,0,0,0,"D",2727,8381
-0.152103206622189,0.0710441064576916,0.92096792771982,0,0,1,1,1,0,0,0,0,0,1,0,0,0,0,0,"D",2960,8382
-0.130859729873169,0.101121196618154,1.06079726771431,0,0,1,1,1,0,0,0,0,0,1,0,0,0,0,0,"D",3738,8383
-0.129681713446704,0.0794308915923568,1.10474086247779,0,0,1,1,1,0,0,0,0,0,1,0,0,0,0,0,"D",1567,8384
-0.13049748633077,0.0474315495859758,0.755216290032748,0,0,1,1,1,0,0,0,0,0,1,0,0,0,0,0,"D",1930,8385
-0.100028172580208,0.053020072013029,0.977772167582504,0,0,1,1,1,0,0,0,0,0,1,0,0,0,0,0,"D",3714,8386
-0.13743304984433,0.0879449901665219,1.18058650145527,0,0,1,1,1,0,0,0,0,0,1,0,0,0,0,0,"D",435,8387
-0.165541734332018,0.0930823371234722,1.01684773702957,0,0,1,1,1,0,0,0,0,0,1,0,0,0,0,0,"D",1461,8388
-0.170887499670938,0.0653927656444916,0.723962430856221,0,0,1,1,1,0,0,0,0,0,1,0,0,0,0,0,"D",2661,8389
-0.109582427513176,0.0686134011173818,0.900917488201966,0,0,1,1,1,0,0,0,0,0,1,0,0,0,0,0,"D",1967,8390
-0.120801654566721,0.0399816679657867,0.763779858260983,0,0,1,1,1,0,0,0,0,0,1,0,0,0,0,0,"D",2087,8391
-0.127216825028314,0.0814405048844845,2.07274932269063,0,0,1,1,1,0,0,0,0,0,1,0,0,0,0,0,"D",2137,8392
-0.126364064716333,0.0787956057760469,0.986246088394764,0,0,1,1,1,0,0,0,0,0,1,0,0,0,0,0,"D",2578,8393
-0.142184647353146,0.0501121705103574,0.827766482160392,0,0,1,1,1,0,0,0,0,0,1,0,0,0,0,0,"D",899,8394
-0.14223046717635,0.0830266051973244,1.02195603071974,0,0,1,1,1,0,0,0,0,0,1,0,0,0,0,0,"D",3030,8395
-0.140562811972661,0.0802528144215539,0.956323879725575,0,0,1,1,1,0,0,0,0,0,1,0,0,0,0,0,"D",2602,8396
-0.105452975939985,0.0713422787862629,0.822219971065956,0,0,1,1,1,0,0,0,0,0,1,0,0,0,0,0,"D",394,8397
-0.144113594830983,0.0769132569165985,1.03508614941418,0,0,1,1,1,0,0,0,0,0,1,0,0,0,0,0,"D",3326,8398
-0.142804581711403,0.047571946465183,0.660813972633939,0,0,1,1,1,0,0,0,0,0,1,0,0,0,0,0,"D",2240,8399
-0.147855067365685,0.135185069327551,0.720336087644028,0,0,1,1,0,0,0,0,1,0,1,0,0,0,0,0,"C",491,8400
-0.16801451961555,0.109180846602072,0.395513692788987,0,0,1,1,0,0,0,0,1,0,1,0,0,0,0,0,"C",3721,8401
-0.12239664843764,0.101400450781099,0.34209682878186,0,0,1,1,0,0,0,0,1,0,1,0,0,0,0,0,"C",3402,8402
-0.104152867930918,0.0957441549660253,0.855810201012842,0,0,1,1,0,0,0,0,1,0,1,0,0,0,0,0,"C",368,8403
-0.133594639558632,0.124509018722862,1.03107090376376,0,0,1,1,0,0,0,0,1,0,1,0,0,0,0,0,"C",1484,8404
-0.162685885881645,0.119207289306102,0.682391372022046,0,0,1,1,0,0,0,0,1,0,1,0,0,0,0,0,"C",2487,8405
-0.153642484064436,0.126321440309734,0.404520886091561,0,0,1,1,0,0,0,0,1,0,1,0,0,0,0,0,"C",1608,8406
-0.184400191156174,0.123332229722652,0.5562569495129,0,0,1,1,0,0,0,0,1,0,1,0,0,0,0,0,"C",1462,8407
-0.157848164879452,0.131474313788924,0.683221132491956,0,0,1,1,0,0,0,0,1,0,1,0,0,0,0,0,"C",3495,8408
-0.148579427721745,0.131287952623264,0.676105929150874,0,0,1,1,0,0,0,0,1,0,1,0,0,0,0,0,"C",3583,8409
-0.175291521821666,0.127052706396982,0.625213264098525,0,0,1,1,0,0,0,0,1,0,1,0,0,0,0,0,"C",1747,8410
-0.138031300151,0.132755489811682,0.902133481385769,0,0,1,1,0,0,0,0,1,0,1,0,0,0,0,0,"C",344,8411
-0.15121465593941,0.114038011553086,0.407226282210833,0,0,1,1,0,0,0,0,1,0,1,0,0,0,0,0,"C",3343,8412
-0.153115232627311,0.140001781616044,0.944502910184752,0,0,1,1,0,0,0,0,1,0,1,0,0,0,0,0,"C",2191,8413
-0.151532957147211,0.139180046405372,0.889793393953342,0,0,1,1,0,0,0,0,1,0,1,0,0,0,0,0,"C",2986,8414
-0.140065812375428,0.126058139002713,0.295122676534019,0,0,1,1,0,0,0,0,1,0,1,0,0,0,0,0,"C",3527,8415
-0.148084692530938,0.11656800279744,0.888561464847437,0,0,1,1,0,0,0,0,1,0,1,0,0,0,0,0,"C",3748,8416
-0.15497439295858,0.130661956641145,0.529406613904251,0,0,1,1,0,0,0,0,1,0,1,0,0,0,0,0,"C",930,8417
-0.133942535723725,0.111488345340296,0.684254418572271,0,0,1,1,0,0,0,0,1,0,1,0,0,0,0,0,"C",1560,8418
-0.117257388646744,0.0814620153970076,0.565635847955901,0,0,1,1,0,0,0,0,1,0,1,0,0,0,0,0,"C",1549,8419
-0.164332861646364,0.15704187079911,0.620039992968687,0,0,1,1,0,0,0,0,1,0,1,0,0,0,0,0,"C",3423,8420
-0.138589646890405,0.134407422954639,0.753922004960041,0,0,1,1,0,0,0,0,1,0,1,0,0,0,0,0,"C",3464,8421
-0.154127407209842,0.105902949359641,0.507250229342775,0,0,1,1,0,0,0,0,1,0,1,0,0,0,0,0,"C",1646,8422
-0.146758531182064,0.114369756843855,0.64276189796985,0,0,1,1,0,0,0,0,1,0,1,0,0,0,0,0,"C",2823,8423
-0.178759191759828,0.137443079771008,0.476088474480102,0,0,1,1,0,0,0,0,1,0,1,0,0,0,0,0,"C",2022,8424
-0.14436581491051,0.12930017960827,0.741982088460436,0,0,1,1,0,0,0,0,1,0,1,0,0,0,0,0,"C",1255,8425
-0.191566227292684,0.147178720881038,0.512691525831858,0,0,1,1,0,0,0,0,1,0,1,0,0,0,0,0,"C",1691,8426
-0.194045928533335,0.166190459393707,0.512976955306187,0,0,1,1,0,0,0,0,1,0,1,0,0,0,0,0,"C",3414,8427
-0.139677497742824,0.127516080516611,0.90143572130181,0,0,1,1,0,0,0,0,1,0,1,0,0,0,0,0,"C",1362,8428
-0.147762024046142,0.10358439065234,0.816864523774404,0,0,1,1,0,0,0,0,1,0,1,0,0,0,0,0,"C",2845,8429
-0.156155258741048,0.164906234416539,0.99895291944993,0,0,1,1,0,0,0,0,1,0,1,0,0,0,0,0,"C",2333,8430
-0.13392474883911,0.0794280506859702,0.877386691581829,0,0,1,1,0,0,0,0,1,0,1,0,0,0,0,0,"C",2005,8431
-0.104466564468663,0.0577506549533753,1.45140092782497,0,0,1,1,0,0,0,0,1,0,1,0,0,0,0,0,"C",2937,8432
-0.146693457517916,0.110312074526147,1.03016016920877,0,0,1,1,0,0,0,0,1,0,1,0,0,0,0,0,"C",1628,8433
-0.150023185565702,0.103593046955186,0.75710315362903,0,0,1,1,0,0,0,0,1,0,1,0,0,0,0,0,"C",3122,8434
-0.159387388093785,0.146366314177338,0.521986521229727,0,0,1,1,0,0,0,0,1,0,1,0,0,0,0,0,"C",666,8435
-0.140907177626861,0.10767844611101,0.896928902471978,0,0,1,1,0,0,0,0,1,0,1,0,0,0,0,0,"C",1125,8436
-0.115573531850897,0.091442558730087,0.911403600463061,0,0,1,1,0,0,0,0,1,0,1,0,0,0,0,0,"C",33,8437
-0.123561404890589,0.0958368421262746,-0.132565171927938,0,0,1,1,0,0,0,0,1,0,1,0,0,0,0,0,"C",1671,8438
-0.12369160603211,0.12139520126951,0.764479146649378,0,0,1,1,0,0,0,0,1,0,1,0,0,0,0,0,"C",2714,8439
-0.139571850645364,0.0871065379146553,0.789494502274691,0,0,1,1,0,0,0,0,1,0,1,0,0,0,0,0,"C",946,8440
-0.128700132783017,0.108808879374532,1.06901430644654,0,0,1,1,0,0,0,0,1,0,1,0,0,0,0,0,"C",2718,8441
-0.144519589030538,0.105893993101868,0.379288059648756,0,0,1,1,0,0,0,0,1,0,1,0,0,0,0,0,"C",2372,8442
-0.1630251601782,0.127088121683246,0.483568350171537,0,0,1,1,0,0,0,0,1,0,1,0,0,0,0,0,"C",1117,8443
-0.140890014333721,0.122499803293593,0.579802964923145,0,0,1,1,0,0,0,0,1,0,1,0,0,0,0,0,"C",3186,8444
-0.12018099478681,0.0667664730538311,-0.0277111501438711,0,0,1,1,0,0,0,0,1,0,1,0,0,0,0,0,"C",2648,8445
-0.115816542621272,0.119011386585756,0.918143953372343,0,0,1,1,0,0,0,0,1,0,1,0,0,0,0,0,"C",3379,8446
-0.105576532303159,0.106365488808581,0.822686486885064,0,0,1,1,0,0,0,0,1,0,1,0,0,0,0,0,"C",2742,8447
-0.146193437652966,0.135106691784051,0.859523576024721,0,0,1,1,0,0,0,0,1,0,1,0,0,0,0,0,"C",2336,8448
-0.166115053617062,0.112662851988294,0.793856620535135,0,0,1,1,0,0,0,0,1,0,1,0,0,0,0,0,"C",267,8449
-0.147393045552867,0.134622660478746,1.01077683813331,0,0,1,1,0,0,0,0,1,0,1,0,0,0,0,0,"C",1359,8450
-0.161164554243601,0.14556860168614,0.568320616028769,0,0,1,1,0,0,0,0,1,0,1,0,0,0,0,0,"C",1441,8451
-0.111876147741871,0.0658770953253313,0.385705788942912,0,0,1,1,0,0,0,0,1,0,1,0,0,0,0,0,"C",1962,8452
-0.159778247128447,0.116789630322319,0.392548579045726,0,0,1,1,0,0,0,0,1,0,1,0,0,0,0,0,"C",3717,8453
-0.151765477288806,0.131874932208107,0.94801096943688,0,0,1,1,0,0,0,0,1,0,1,0,0,0,0,0,"C",347,8454
-0.126013005899367,0.12452440619058,1.00753958825391,0,0,1,1,0,0,0,0,1,0,1,0,0,0,0,0,"C",2090,8455
-0.139535031319178,0.152617797035806,0.66995210972172,0,0,1,1,0,0,0,0,1,0,1,0,0,0,0,0,"C",3406,8456
-0.159865357353281,0.104985913016006,0.542937383541022,0,0,1,1,0,0,0,0,1,0,1,0,0,0,0,0,"C",2061,8457
-0.147843685323,0.14311803032268,0.565727132399532,0,0,1,1,0,0,0,0,1,0,1,0,0,0,0,0,"C",3699,8458
-0.153481441682518,0.12210234734467,0.941287720567361,0,0,1,1,0,0,0,0,1,0,1,0,0,0,0,0,"C",1385,8459
-0.132193216125799,0.110876006973172,1.303461833103,0,0,1,1,0,0,0,0,1,0,1,0,0,0,0,0,"C",729,8460
-0.146225096382672,0.112108756919669,0.692489377597403,0,0,1,1,0,0,0,0,1,0,1,0,0,0,0,0,"C",712,8461
-0.146938498532629,0.114397248904119,1.00631931714041,0,0,1,1,0,0,0,0,1,0,1,0,0,0,0,0,"C",656,8462
-0.144097057097828,0.135532148140099,0.959495094074098,0,0,1,1,0,0,0,0,1,0,1,0,0,0,0,0,"C",1397,8463
-0.145332301027852,0.0868051218661095,0.945619071978649,0,0,1,1,0,0,0,0,1,0,1,0,0,0,0,0,"C",2074,8464
-0.122915187474633,0.109745507660146,1.21698745599921,0,0,1,1,0,0,0,0,1,0,1,0,0,0,0,0,"C",857,8465
-0.153957810317374,0.112699588118378,0.68159969851125,0,0,1,1,0,0,0,0,1,0,1,0,0,0,0,0,"C",2257,8466
-0.192599658350554,0.145941756696558,0.93046854407958,0,0,1,1,0,0,0,0,1,0,1,0,0,0,0,0,"C",1072,8467
-0.151426853123548,0.142054857666888,0.966722264548645,0,0,1,1,0,0,0,0,1,0,1,0,0,0,0,0,"C",1687,8468
-0.172327282110145,0.133585852732593,0.392875205591562,0,0,1,1,0,0,0,0,1,0,1,0,0,0,0,0,"C",2575,8469
-0.140471601634647,0.11792628187034,0.744381551209124,0,0,1,1,0,0,0,0,1,0,1,0,0,0,0,0,"C",3006,8470
-0.157865047706133,0.116749164769305,1.0151083685578,0,0,1,1,0,0,0,0,1,0,1,0,0,0,0,0,"C",3732,8471
-0.116964242041162,0.0914901204858099,0.353386684346711,0,0,1,1,0,0,0,0,1,0,1,0,0,0,0,0,"C",482,8472
-0.136600596030204,0.0972289607531615,0.998149439056346,0,0,1,1,0,0,0,0,1,0,1,0,0,0,0,0,"C",1341,8473
-0.151845016616346,0.119894161978685,0.515320245560243,0,0,1,1,0,0,0,0,1,0,1,0,0,0,0,0,"C",3204,8474
-0.134093125090018,0.119906899494338,0.700887126956659,0,0,1,1,0,0,0,0,1,0,1,0,0,0,0,0,"C",1763,8475
-0.155584307589284,0.12361090356771,1.04275160349007,0,0,1,1,0,0,0,0,1,0,1,0,0,0,0,0,"C",2318,8476
-0.191465288791607,0.114152832615605,1.0952176478657,0,0,1,1,0,0,0,0,1,0,1,0,0,0,0,0,"C",1059,8477
-0.139866767411613,0.121125679721087,0.720921502266622,0,0,1,1,0,0,0,0,1,0,1,0,0,0,0,0,"C",1290,8478
-0.165004019718359,0.11263997364729,1.05320925083239,0,0,1,1,0,0,0,0,1,0,1,0,0,0,0,0,"C",3146,8479
-0.149937949459881,0.125077503193689,1.05714938908246,0,0,1,1,0,0,0,0,1,0,1,0,0,0,0,0,"C",1594,8480
-0.161224812311782,0.1279132213877,0.922269978107568,0,0,1,1,0,0,0,0,1,0,1,0,0,0,0,0,"C",2727,8481
-0.162433447320317,0.113563106075326,0.377194533595073,0,0,1,1,0,0,0,0,1,0,1,0,0,0,0,0,"C",2960,8482
-0.13232892512261,0.131535004274266,1.07880796557955,0,0,1,1,0,0,0,0,1,0,1,0,0,0,0,0,"C",3738,8483
-0.16975608728458,0.137316907476145,0.653206071519811,0,0,1,1,0,0,0,0,1,0,1,0,0,0,0,0,"C",1567,8484
-0.118308524746547,0.0967882157331718,1.60433299959678,0,0,1,1,0,0,0,0,1,0,1,0,0,0,0,0,"C",1930,8485
-0.15076323029418,0.109817392594176,0.645403490275109,0,0,1,1,0,0,0,0,1,0,1,0,0,0,0,0,"C",3714,8486
-0.132614264333939,0.11619830779482,1.17692837298246,0,0,1,1,0,0,0,0,1,0,1,0,0,0,0,0,"C",435,8487
-0.152767992663292,0.114768468164373,0.44870156813843,0,0,1,1,0,0,0,0,1,0,1,0,0,0,0,0,"C",1461,8488
-0.153102768126781,0.102895673838749,0.829298453097735,0,0,1,1,0,0,0,0,1,0,1,0,0,0,0,0,"C",2661,8489
-0.172379407440323,0.145032523140242,1.00877871421831,0,0,1,1,0,0,0,0,1,0,1,0,0,0,0,0,"C",1967,8490
-0.149422542375345,0.110429384798506,0.259363769716325,0,0,1,1,0,0,0,0,1,0,1,0,0,0,0,0,"C",2087,8491
-0.165110160860802,0.129847454403451,1.06859092884992,0,0,1,1,0,0,0,0,1,0,1,0,0,0,0,0,"C",2137,8492
-0.135268723239914,0.132252098580198,0.893226906837233,0,0,1,1,0,0,0,0,1,0,1,0,0,0,0,0,"C",2578,8493
-0.188731772332541,0.165869217101586,0.599438862318213,0,0,1,1,0,0,0,0,1,0,1,0,0,0,0,0,"C",899,8494
-0.168587543612586,0.120918429551716,0.954852878914044,0,0,1,1,0,0,0,0,1,0,1,0,0,0,0,0,"C",3030,8495
-0.142393980057029,0.111870471328049,0.424770166478462,0,0,1,1,0,0,0,0,1,0,1,0,0,0,0,0,"C",2602,8496
-0.118257255681446,0.100451052359279,0.963422164855924,0,0,1,1,0,0,0,0,1,0,1,0,0,0,0,0,"C",394,8497
-0.166109329769651,0.120029589201991,1.01480054932135,0,0,1,1,0,0,0,0,1,0,1,0,0,0,0,0,"C",3326,8498
-0.142145788831108,0.145925201801094,1.02540929505926,0,0,1,1,0,0,0,0,1,0,1,0,0,0,0,0,"C",2240,8499
-0.0726008247811674,0.0546649886365779,2.15934884952346,0,0,1,1,0,0,0,0,1,0,1,0,0,0,0,0,"D",491,8500
-0.16881629508669,0.0771666120951299,0.933246050164386,0,0,1,1,0,0,0,0,1,0,1,0,0,0,0,0,"D",3721,8501
-0.16912236456063,0.0704151436401378,0.638832826679902,0,0,1,1,0,0,0,0,1,0,1,0,0,0,0,0,"D",3402,8502
-0.160177555844432,0.0779236781058174,1.11980863095777,0,0,1,1,0,0,0,0,1,0,1,0,0,0,0,0,"D",368,8503
-0.168426076231901,0.099549790758012,1.27481555836992,0,0,1,1,0,0,0,0,1,0,1,0,0,0,0,0,"D",1484,8504
-0.178073168359961,0.0442973251249087,1.1454748894179,0,0,1,1,0,0,0,0,1,0,1,0,0,0,0,0,"D",2487,8505
-0.141384046580789,0.0721496191334162,1.47351341913104,0,0,1,1,0,0,0,0,1,0,1,0,0,0,0,0,"D",1608,8506
-0.173117627673278,0.0524617637131659,0.723544696507712,0,0,1,1,0,0,0,0,1,0,1,0,0,0,0,0,"D",1462,8507
-0.169235888391041,0.104206278399508,1.11234541170478,0,0,1,1,0,0,0,0,1,0,1,0,0,0,0,0,"D",3495,8508
-0.168743169357801,0.0761820448881959,0.876220665973007,0,0,1,1,0,0,0,0,1,0,1,0,0,0,0,0,"D",3583,8509
-0.184908339425235,0.0590983223827678,0.922634103842769,0,0,1,1,0,0,0,0,1,0,1,0,0,0,0,0,"D",1747,8510
-0.145921078548662,0.0440943753511519,0.765090032433051,0,0,1,1,0,0,0,0,1,0,1,0,0,0,0,0,"D",344,8511
-0.160735595501721,0.0779860362690901,1.13598090459313,0,0,1,1,0,0,0,0,1,0,1,0,0,0,0,0,"D",3343,8512
-0.156468761907119,0.0671646726770279,1.19532731248979,0,0,1,1,0,0,0,0,1,0,1,0,0,0,0,0,"D",2191,8513
-0.17655710057913,0.0708313310788524,1.3007287077623,0,0,1,1,0,0,0,0,1,0,1,0,0,0,0,0,"D",2986,8514
-0.182079768564133,0.0796320574705993,1.08101689707085,0,0,1,1,0,0,0,0,1,0,1,0,0,0,0,0,"D",3527,8515
-0.155327565495,0.0529492536551316,0.925028364768818,0,0,1,1,0,0,0,0,1,0,1,0,0,0,0,0,"D",3748,8516
-0.172560915969403,0.059344059746412,1.35492831389364,0,0,1,1,0,0,0,0,1,0,1,0,0,0,0,0,"D",930,8517
-0.151908391295646,0.0511515421119628,0.646860620390181,0,0,1,1,0,0,0,0,1,0,1,0,0,0,0,0,"D",1560,8518
-0.156427166866152,0.0569830606786677,1.40261034510005,0,0,1,1,0,0,0,0,1,0,1,0,0,0,0,0,"D",1549,8519
-0.178414911893032,0.0753904581464627,1.0564155152911,0,0,1,1,0,0,0,0,1,0,1,0,0,0,0,0,"D",3423,8520
-0.157169408638363,0.0675386862462833,0.982409360560958,0,0,1,1,0,0,0,0,1,0,1,0,0,0,0,0,"D",3464,8521
-0.138335306588004,0.0968418877414373,1.73129020922018,0,0,1,1,0,0,0,0,1,0,1,0,0,0,0,0,"D",1646,8522
-0.177760136025166,0.0959577243382542,0.943427524501044,0,0,1,1,0,0,0,0,1,0,1,0,0,0,0,0,"D",2823,8523
-0.192654578606217,0.0681797092385932,1.00659697885915,0,0,1,1,0,0,0,0,1,0,1,0,0,0,0,0,"D",2022,8524
-0.135791283931573,0.0444896995058441,0.783861368371075,0,0,1,1,0,0,0,0,1,0,1,0,0,0,0,0,"D",1255,8525
-0.150565749788768,0.0651153362981702,1.3653314611423,0,0,1,1,0,0,0,0,1,0,1,0,0,0,0,0,"D",1691,8526
-0.11566392438425,0.0413621128491761,1.4038566073085,0,0,1,1,0,0,0,0,1,0,1,0,0,0,0,0,"D",3414,8527
-0.181980684088386,0.0875672112454069,1.05945912135943,0,0,1,1,0,0,0,0,1,0,1,0,0,0,0,0,"D",1362,8528
-0.171761460689797,0.0731513202525793,1.02576641072052,0,0,1,1,0,0,0,0,1,0,1,0,0,0,0,0,"D",2845,8529
-0.204355774467992,0.0855199813336827,0.885809757957626,0,0,1,1,0,0,0,0,1,0,1,0,0,0,0,0,"D",2333,8530
-0.192598351253956,0.0629601130376151,0.940426941930621,0,0,1,1,0,0,0,0,1,0,1,0,0,0,0,0,"D",2005,8531
-0.160544286068514,0.103531243053072,1.47659663301827,0,0,1,1,0,0,0,0,1,0,1,0,0,0,0,0,"D",2937,8532
-0.176476402593508,0.0880767881081579,1.22739864133032,0,0,1,1,0,0,0,0,1,0,1,0,0,0,0,0,"D",1628,8533
-0.138903169270595,0.059343215043217,1.03418264864458,0,0,1,1,0,0,0,0,1,0,1,0,0,0,0,0,"D",3122,8534
-0.157449636894635,0.0800128670421248,1.03773908209987,0,0,1,1,0,0,0,0,1,0,1,0,0,0,0,0,"D",666,8535
-0.144073906508473,0.0779935082545096,1.2492866382145,0,0,1,1,0,0,0,0,1,0,1,0,0,0,0,0,"D",1125,8536
-0.154960727328627,0.0510337716038268,1.08243092484765,0,0,1,1,0,0,0,0,1,0,1,0,0,0,0,0,"D",33,8537
-0.169307838314095,0.0857549015383734,0.926351334183509,0,0,1,1,0,0,0,0,1,0,1,0,0,0,0,0,"D",1671,8538
-0.14953917126913,0.0590784209527021,1.06890328917006,0,0,1,1,0,0,0,0,1,0,1,0,0,0,0,0,"D",2714,8539
-0.147833088978588,0.100685879254401,1.30877643114469,0,0,1,1,0,0,0,0,1,0,1,0,0,0,0,0,"D",946,8540
-0.221858658151963,0.0923807325754298,1.10997064872464,0,0,1,1,0,0,0,0,1,0,1,0,0,0,0,0,"D",2718,8541
-0.173991458594356,0.0811916420053154,1.4305822678008,0,0,1,1,0,0,0,0,1,0,1,0,0,0,0,0,"D",2372,8542
-0.188302364262143,0.0612707318972867,0.830569136899436,0,0,1,1,0,0,0,0,1,0,1,0,0,0,0,0,"D",1117,8543
-0.193476594612064,0.0903752376321338,1.14388242654172,0,0,1,1,0,0,0,0,1,0,1,0,0,0,0,0,"D",3186,8544
-0.144347382719933,0.0596030381257545,0.920239653992934,0,0,1,1,0,0,0,0,1,0,1,0,0,0,0,0,"D",2648,8545
-0.154723390430219,0.0996863073421487,1.38148015385991,0,0,1,1,0,0,0,0,1,0,1,0,0,0,0,0,"D",3379,8546
-0.171823677851948,0.0662252463719479,1.06882514214406,0,0,1,1,0,0,0,0,1,0,1,0,0,0,0,0,"D",2742,8547
-0.177425192613232,0.075196873577381,1.04246029615066,0,0,1,1,0,0,0,0,1,0,1,0,0,0,0,0,"D",2336,8548
-0.184996675474138,0.0830077954910097,0.934433615340198,0,0,1,1,0,0,0,0,1,0,1,0,0,0,0,0,"D",267,8549
-0.18521092366089,0.111051867788577,1.30237918068177,0,0,1,1,0,0,0,0,1,0,1,0,0,0,0,0,"D",1359,8550
-0.191635659647169,0.071697885785552,1.23906021765876,0,0,1,1,0,0,0,0,1,0,1,0,0,0,0,0,"D",1441,8551
-0.191896925616703,0.0835167178146853,1.31993822504455,0,0,1,1,0,0,0,0,1,0,1,0,0,0,0,0,"D",1962,8552
-0.136656970935845,0.0500546842857479,0.930776364571114,0,0,1,1,0,0,0,0,1,0,1,0,0,0,0,0,"D",3717,8553
-0.183355642738025,0.0732879216320325,1.38348145796141,0,0,1,1,0,0,0,0,1,0,1,0,0,0,0,0,"D",347,8554
-0.17664155859814,0.0512529192243486,0.603644544740884,0,0,1,1,0,0,0,0,1,0,1,0,0,0,0,0,"D",2090,8555
-0.122472661606593,0.0689089564699119,0.708378622777297,0,0,1,1,0,0,0,0,1,0,1,0,0,0,0,0,"D",3406,8556
-0.14946998562648,0.0481330190805411,1.15867056402274,0,0,1,1,0,0,0,0,1,0,1,0,0,0,0,0,"D",2061,8557
-0.153502715654687,0.0690229232647907,1.38162535719975,0,0,1,1,0,0,0,0,1,0,1,0,0,0,0,0,"D",3699,8558
-0.179472917076564,0.101380793646358,1.36747673432514,0,0,1,1,0,0,0,0,1,0,1,0,0,0,0,0,"D",1385,8559
-0.161355650641866,0.0614754031184779,1.75892945773019,0,0,1,1,0,0,0,0,1,0,1,0,0,0,0,0,"D",729,8560
-0.153620599864485,0.0695674119356607,1.10232015837089,0,0,1,1,0,0,0,0,1,0,1,0,0,0,0,0,"D",712,8561
-0.179512160775189,0.0789265978106359,1.31279461671449,0,0,1,1,0,0,0,0,1,0,1,0,0,0,0,0,"D",656,8562
-0.165288767143517,0.0415974715547395,0.934228122723142,0,0,1,1,0,0,0,0,1,0,1,0,0,0,0,0,"D",1397,8563
-0.142394671018523,0.0833693530636422,1.24663210763177,0,0,1,1,0,0,0,0,1,0,1,0,0,0,0,0,"D",2074,8564
-0.173465028968946,0.114168511854011,1.38750537004662,0,0,1,1,0,0,0,0,1,0,1,0,0,0,0,0,"D",857,8565
-0.172789769223135,0.0805514585381321,1.31935563040223,0,0,1,1,0,0,0,0,1,0,1,0,0,0,0,0,"D",2257,8566
-0.137992323317107,0.07743459006494,1.69804260438674,0,0,1,1,0,0,0,0,1,0,1,0,0,0,0,0,"D",1072,8567
-0.16427299183116,0.0543777211129971,0.445057743503042,0,0,1,1,0,0,0,0,1,0,1,0,0,0,0,0,"D",1687,8568
-0.158886972802725,0.0994788580759893,1.45564810541824,0,0,1,1,0,0,0,0,1,0,1,0,0,0,0,0,"D",2575,8569
-0.152540003884924,0.0663557963861613,1.45201914968021,0,0,1,1,0,0,0,0,1,0,1,0,0,0,0,0,"D",3006,8570
-0.194056881298399,0.0967890604799,1.10001048614893,0,0,1,1,0,0,0,0,1,0,1,0,0,0,0,0,"D",3732,8571
-0.157534788741513,0.0536282460362318,1.04940246181167,0,0,1,1,0,0,0,0,1,0,1,0,0,0,0,0,"D",482,8572
-0.142861157418015,0.0818595712277146,1.11419762914593,0,0,1,1,0,0,0,0,1,0,1,0,0,0,0,0,"D",1341,8573
-0.121918083852942,0.0748803500684841,1.06647001359939,0,0,1,1,0,0,0,0,1,0,1,0,0,0,0,0,"D",3204,8574
-0.137367710546211,0.0235865300178861,1.09552637974082,0,0,1,1,0,0,0,0,1,0,1,0,0,0,0,0,"D",1763,8575
-0.177829857655166,0.0904230212357731,1.05265342174993,0,0,1,1,0,0,0,0,1,0,1,0,0,0,0,0,"D",2318,8576
-0.137153557546578,0.0398674633178965,0.703311579697751,0,0,1,1,0,0,0,0,1,0,1,0,0,0,0,0,"D",1059,8577
-0.0807796920788237,0.0561230210265888,1.2411773415815,0,0,1,1,0,0,0,0,1,0,1,0,0,0,0,0,"D",1290,8578
-0.196527574879963,0.0577875729936109,0.95043707314526,0,0,1,1,0,0,0,0,1,0,1,0,0,0,0,0,"D",3146,8579
-0.164802379275539,0.0770829060706235,0.929878041974046,0,0,1,1,0,0,0,0,1,0,1,0,0,0,0,0,"D",1594,8580
-0.184881973800407,0.0971223318305623,1.36412488207885,0,0,1,1,0,0,0,0,1,0,1,0,0,0,0,0,"D",2727,8581
-0.183434471635051,0.0806719243420398,1.09452815294673,0,0,1,1,0,0,0,0,1,0,1,0,0,0,0,0,"D",2960,8582
-0.153803345783874,0.0631247712870246,0.748625778079463,0,0,1,1,0,0,0,0,1,0,1,0,0,0,0,0,"D",3738,8583
-0.135251637699941,0.0429492455632566,1.07460264415313,0,0,1,1,0,0,0,0,1,0,1,0,0,0,0,0,"D",1567,8584
-0.168960828038082,0.0615712865983055,1.05222864958676,0,0,1,1,0,0,0,0,1,0,1,0,0,0,0,0,"D",1930,8585
-0.123470807676464,0.0453670738651754,0.955771462382764,0,0,1,1,0,0,0,0,1,0,1,0,0,0,0,0,"D",3714,8586
-0.157849250369527,0.0572210057066614,1.01677038280421,0,0,1,1,0,0,0,0,1,0,1,0,0,0,0,0,"D",435,8587
-0.183692298438385,0.0876204262270162,1.2366904017825,0,0,1,1,0,0,0,0,1,0,1,0,0,0,0,0,"D",1461,8588
-0.15068308755049,0.0288982401420932,1.02978805673656,0,0,1,1,0,0,0,0,1,0,1,0,0,0,0,0,"D",2661,8589
-0.145105605900318,0.0484528199152914,1.14085766438274,0,0,1,1,0,0,0,0,1,0,1,0,0,0,0,0,"D",1967,8590
-0.19822148965333,0.0725126746651776,0.928352127099008,0,0,1,1,0,0,0,0,1,0,1,0,0,0,0,0,"D",2087,8591
-0.135104617715784,0.0934812277272172,1.14014754305944,0,0,1,1,0,0,0,0,1,0,1,0,0,0,0,0,"D",2137,8592
-0.145840691318441,0.0413079979169202,0.787923066235567,0,0,1,1,0,0,0,0,1,0,1,0,0,0,0,0,"D",2578,8593
-0.169014634893132,0.0300838897854674,1.17019034941313,0,0,1,1,0,0,0,0,1,0,1,0,0,0,0,0,"D",899,8594
-0.147428225429213,0.0467772787620654,1.03714294979557,0,0,1,1,0,0,0,0,1,0,1,0,0,0,0,0,"D",3030,8595
-0.192560795023434,0.111608426542203,1.52264409997662,0,0,1,1,0,0,0,0,1,0,1,0,0,0,0,0,"D",2602,8596
-0.135212407933697,0.0820609117248931,1.25271918123929,0,0,1,1,0,0,0,0,1,0,1,0,0,0,0,0,"D",394,8597
-0.16811433696591,0.0416167593673457,1.3334159841259,0,0,1,1,0,0,0,0,1,0,1,0,0,0,0,0,"D",3326,8598
-0.143264276676318,0.0404513263386577,1.28010044987373,0,0,1,1,0,0,0,0,1,0,1,0,0,0,0,0,"D",2240,8599
-0.141298088158118,0.119716772811872,1.04714633028756,0,0,1,1,0,0,0,0,0,1,1,0,0,0,0,0,"C",491,8600
-0.176808573859729,0.0905343518610965,0.566230588492473,0,0,1,1,0,0,0,0,0,1,1,0,0,0,0,0,"C",3721,8601
-0.131675661792238,0.154570285535628,0.840343079119101,0,0,1,1,0,0,0,0,0,1,1,0,0,0,0,0,"C",3402,8602
-0.154986822230494,0.132773463584523,0.797189656200185,0,0,1,1,0,0,0,0,0,1,1,0,0,0,0,0,"C",368,8603
-0.152685307674838,0.130800607595567,1.09519816244748,0,0,1,1,0,0,0,0,0,1,1,0,0,0,0,0,"C",1484,8604
-0.168775946791529,0.151830575005021,2.10183728894649,0,0,1,1,0,0,0,0,0,1,1,0,0,0,0,0,"C",2487,8605
-0.152486964735057,0.147978992573884,0.695736292160713,0,0,1,1,0,0,0,0,0,1,1,0,0,0,0,0,"C",1608,8606
-0.156632919521453,0.144661413746302,1.7546393999522,0,0,1,1,0,0,0,0,0,1,1,0,0,0,0,0,"C",1462,8607
-0.16832901113813,0.123897436628423,0.17816696563633,0,0,1,1,0,0,0,0,0,1,1,0,0,0,0,0,"C",3495,8608
-0.143505728040369,0.143162195469645,2.34346743469453,0,0,1,1,0,0,0,0,0,1,1,0,0,0,0,0,"C",3583,8609
-0.168084274865941,0.0881081650055403,0.258220568762783,0,0,1,1,0,0,0,0,0,1,1,0,0,0,0,0,"C",1747,8610
-0.214320151711095,0.200584392053811,0.939981645028087,0,0,1,1,0,0,0,0,0,1,1,0,0,0,0,0,"C",344,8611
-0.134170191585429,0.0732639642837216,0.127771838262582,0,0,1,1,0,0,0,0,0,1,1,0,0,0,0,0,"C",3343,8612
-0.0686302251589541,0.0825200512293713,0.103559152626643,0,0,1,1,0,0,0,0,0,1,1,0,0,0,0,0,"C",2191,8613
-0.110177323795709,0.129651307303999,0.966978596914146,0,0,1,1,0,0,0,0,0,1,1,0,0,0,0,0,"C",2986,8614
-0.180952200309604,0.169649177550656,0.806082033269538,0,0,1,1,0,0,0,0,0,1,1,0,0,0,0,0,"C",3527,8615
-0.198755681409685,0.189181865918139,1.62851315624372,0,0,1,1,0,0,0,0,0,1,1,0,0,0,0,0,"C",3748,8616
-0.245390682884547,0.207607142608414,1.93896172350304,0,0,1,1,0,0,0,0,0,1,1,0,0,0,0,0,"C",930,8617
-0.114634064330115,0.0787879831168179,0.912887427858388,0,0,1,1,0,0,0,0,0,1,1,0,0,0,0,0,"C",1560,8618
-0.154096855631406,0.131402360963811,1.49620957346979,0,0,1,1,0,0,0,0,0,1,1,0,0,0,0,0,"C",1549,8619
-0.111531901706401,0.130166762965782,0.757492234728971,0,0,1,1,0,0,0,0,0,1,1,0,0,0,0,0,"C",3423,8620
-0.209718991920258,0.179521923971537,1.05420781246933,0,0,1,1,0,0,0,0,0,1,1,0,0,0,0,0,"C",3464,8621
-0.15269684744554,0.13362366775333,1.80809233722383,0,0,1,1,0,0,0,0,0,1,1,0,0,0,0,0,"C",1646,8622
-0.108041138580119,0.0427455915010059,-0.812792631391778,0,0,1,1,0,0,0,0,0,1,1,0,0,0,0,0,"C",2823,8623
-0.210328619240619,0.223108056783658,1.02742806158828,0,0,1,1,0,0,0,0,0,1,1,0,0,0,0,0,"C",2022,8624
-0.183262863758004,0.211002470993506,2.0315142120153,0,0,1,1,0,0,0,0,0,1,1,0,0,0,0,0,"C",1255,8625
-0.171303783442951,0.133149827364961,0.812169173749093,0,0,1,1,0,0,0,0,0,1,1,0,0,0,0,0,"C",1691,8626
-0.144519338001416,0.1417917015005,1.076587121993,0,0,1,1,0,0,0,0,0,1,1,0,0,0,0,0,"C",3414,8627
-0.153987401462591,0.118769359043474,0.434519268664783,0,0,1,1,0,0,0,0,0,1,1,0,0,0,0,0,"C",1362,8628
-0.137254539331203,0.104032541982448,1.24663103532595,0,0,1,1,0,0,0,0,0,1,1,0,0,0,0,0,"C",2845,8629
-0.137015330524157,0.102731106198815,0.968118686228906,0,0,1,1,0,0,0,0,0,1,1,0,0,0,0,0,"C",2333,8630
-0.146605876292296,0.090812072469058,0.624988378031714,0,0,1,1,0,0,0,0,0,1,1,0,0,0,0,0,"C",2005,8631
-0.146162686004031,0.108216924555432,1.85818734286729,0,0,1,1,0,0,0,0,0,1,1,0,0,0,0,0,"C",2937,8632
-0.129125717232396,0.135833912363814,1.59027893315987,0,0,1,1,0,0,0,0,0,1,1,0,0,0,0,0,"C",1628,8633
-0.154562929691553,0.111005272591175,0.613736551420316,0,0,1,1,0,0,0,0,0,1,1,0,0,0,0,0,"C",3122,8634
-0.149249978147086,0.109368697604823,0.813941283661377,0,0,1,1,0,0,0,0,0,1,1,0,0,0,0,0,"C",666,8635
-0.177337011455334,0.147327915455599,1.28531505000766,0,0,1,1,0,0,0,0,0,1,1,0,0,0,0,0,"C",1125,8636
-0.186337651521823,0.12237691103707,0.585535009311159,0,0,1,1,0,0,0,0,0,1,1,0,0,0,0,0,"C",33,8637
-0.202036323905871,0.0976583735715341,0.960492567486042,0,0,1,1,0,0,0,0,0,1,1,0,0,0,0,0,"C",1671,8638
-0.0701381545406058,0.100701698319279,1.20277491785942,0,0,1,1,0,0,0,0,0,1,1,0,0,0,0,0,"C",2714,8639
-0.162614539979574,0.0686550042724224,-0.191814548783556,0,0,1,1,0,0,0,0,0,1,1,0,0,0,0,0,"C",946,8640
-0.179500802187495,0.149444365271942,0.755032222884365,0,0,1,1,0,0,0,0,0,1,1,0,0,0,0,0,"C",2718,8641
-0.238103285022786,0.153479612286784,0.661698122430378,0,0,1,1,0,0,0,0,0,1,1,0,0,0,0,0,"C",2372,8642
-0.159637877295837,0.131391756404357,0.390336739877751,0,0,1,1,0,0,0,0,0,1,1,0,0,0,0,0,"C",1117,8643
-0.0994169531810811,0.0787906890982732,0.562461366830683,0,0,1,1,0,0,0,0,0,1,1,0,0,0,0,0,"C",3186,8644
-0.137866415332409,0.075912778208385,1.76373325057581,0,0,1,1,0,0,0,0,0,1,1,0,0,0,0,0,"C",2648,8645
-0.195820540906151,0.177650559550772,1.16841753841702,0,0,1,1,0,0,0,0,0,1,1,0,0,0,0,0,"C",3379,8646
-0.196006986158514,0.15060622284576,1.31607296726265,0,0,1,1,0,0,0,0,0,1,1,0,0,0,0,0,"C",2742,8647
-0.121116458029413,0.123750002299705,1.43101330693347,0,0,1,1,0,0,0,0,0,1,1,0,0,0,0,0,"C",2336,8648
-0.119750326406442,0.104653143559858,0.496305517208734,0,0,1,1,0,0,0,0,0,1,1,0,0,0,0,0,"C",267,8649
-0.172406543175056,0.132187172672536,1.42709207687267,0,0,1,1,0,0,0,0,0,1,1,0,0,0,0,0,"C",1359,8650
-0.125678149912398,0.100164659213591,0.656858714799124,0,0,1,1,0,0,0,0,0,1,1,0,0,0,0,0,"C",1441,8651
-0.135776173828529,0.0805119046197461,-0.0589109707777383,0,0,1,1,0,0,0,0,0,1,1,0,0,0,0,0,"C",1962,8652
-0.161790025604463,0.0924619982730602,1.90622367233371,0,0,1,1,0,0,0,0,0,1,1,0,0,0,0,0,"C",3717,8653
-0.162603709425674,0.155864133853532,0.915787138904475,0,0,1,1,0,0,0,0,0,1,1,0,0,0,0,0,"C",347,8654
-0.197255284878811,0.187002112398347,2.2462390484663,0,0,1,1,0,0,0,0,0,1,1,0,0,0,0,0,"C",2090,8655
-0.208867114005431,0.215542233849747,1.65030066551535,0,0,1,1,0,0,0,0,0,1,1,0,0,0,0,0,"C",3406,8656
-0.110866234951094,0.0686338477237557,-1.34180948600223,0,0,1,1,0,0,0,0,0,1,1,0,0,0,0,0,"C",2061,8657
-0.10742146941763,0.137864443977992,1.07373176708433,0,0,1,1,0,0,0,0,0,1,1,0,0,0,0,0,"C",3699,8658
-0.166185609505772,0.121249572555332,0.65498961435663,0,0,1,1,0,0,0,0,0,1,1,0,0,0,0,0,"C",1385,8659
-0.145987671268259,0.127979144748737,1.51338733901852,0,0,1,1,0,0,0,0,0,1,1,0,0,0,0,0,"C",729,8660
-0.100929727403208,0.08961041624406,2.20760790155282,0,0,1,1,0,0,0,0,0,1,1,0,0,0,0,0,"C",712,8661
-0.201533651789222,0.173949448922042,2.03635822920995,0,0,1,1,0,0,0,0,0,1,1,0,0,0,0,0,"C",656,8662
-0.186177609722045,0.182606625381798,1.48982138996345,0,0,1,1,0,0,0,0,0,1,1,0,0,0,0,0,"C",1397,8663
-0.150912219974539,0.104936296480796,0.11263638325097,0,0,1,1,0,0,0,0,0,1,1,0,0,0,0,0,"C",2074,8664
-0.173058047237656,0.0923752893607088,-0.165490592261068,0,0,1,1,0,0,0,0,0,1,1,0,0,0,0,0,"C",857,8665
-0.132436118696003,0.0523117019405733,-0.0927526988755904,0,0,1,1,0,0,0,0,0,1,1,0,0,0,0,0,"C",2257,8666
-0.090348957190283,0.0113842620235198,-1.17662484424291,0,0,1,1,0,0,0,0,0,1,1,0,0,0,0,0,"C",1072,8667
-0.202153771356679,0.151685239718522,0.974561867279213,0,0,1,1,0,0,0,0,0,1,1,0,0,0,0,0,"C",1687,8668
-0.221261301967961,0.217315018789763,1.64377886125463,0,0,1,1,0,0,0,0,0,1,1,0,0,0,0,0,"C",2575,8669
-0.0810857686933627,0.0929841945756449,1.21730447306577,0,0,1,1,0,0,0,0,0,1,1,0,0,0,0,0,"C",3006,8670
-0.160109499958368,0.139040788886874,0.901815354150085,0,0,1,1,0,0,0,0,0,1,1,0,0,0,0,0,"C",3732,8671
-0.104736683387956,0.117518574064208,1.9731613676856,0,0,1,1,0,0,0,0,0,1,1,0,0,0,0,0,"C",482,8672
-0.114658812508243,0.0702340269974608,1.78695560227554,0,0,1,1,0,0,0,0,0,1,1,0,0,0,0,0,"C",1341,8673
-0.139847616139203,0.118329203528148,1.4991955565943,0,0,1,1,0,0,0,0,0,1,1,0,0,0,0,0,"C",3204,8674
-0.0173190407837729,0.0371347649720798,0.305322181028586,0,0,1,1,0,0,0,0,0,1,1,0,0,0,0,0,"C",1763,8675
-0.173118216204044,0.152006151999843,1.84700069790688,0,0,1,1,0,0,0,0,0,1,1,0,0,0,0,0,"C",2318,8676
-0.0935173159262924,0.0915970763041486,0.679325141032385,0,0,1,1,0,0,0,0,0,1,1,0,0,0,0,0,"C",1059,8677
-0.112121673548592,0.0474844420392392,0.156415767838579,0,0,1,1,0,0,0,0,0,1,1,0,0,0,0,0,"C",1290,8678
-0.112634210048352,0.0888852209861688,0.342877447929606,0,0,1,1,0,0,0,0,0,1,1,0,0,0,0,0,"C",3146,8679
-0.178680301576714,0.139638694218302,1.65216616004299,0,0,1,1,0,0,0,0,0,1,1,0,0,0,0,0,"C",1594,8680
-0.131045779364864,0.137560324097796,1.23768057847415,0,0,1,1,0,0,0,0,0,1,1,0,0,0,0,0,"C",2727,8681
-0.107979136253416,0.0474199394158636,-0.249177665785227,0,0,1,1,0,0,0,0,0,1,1,0,0,0,0,0,"C",2960,8682
-0.204069766722815,0.133769393939727,1.0099219083381,0,0,1,1,0,0,0,0,0,1,1,0,0,0,0,0,"C",3738,8683
-0.239745036086771,0.215109133805594,1.21531911629543,0,0,1,1,0,0,0,0,0,1,1,0,0,0,0,0,"C",1567,8684
-0.210543444483296,0.152934323927385,1.43984024311669,0,0,1,1,0,0,0,0,0,1,1,0,0,0,0,0,"C",1930,8685
-0.135199724975949,0.118693244714826,0.576347095374348,0,0,1,1,0,0,0,0,0,1,1,0,0,0,0,0,"C",3714,8686
-0.14368089758035,0.113969511091594,1.214791555211,0,0,1,1,0,0,0,0,0,1,1,0,0,0,0,0,"C",435,8687
-0.141007978469284,0.0968221655535071,0.678188377200096,0,0,1,1,0,0,0,0,0,1,1,0,0,0,0,0,"C",1461,8688
-0.149613247048763,0.106527692692667,1.49736622636008,0,0,1,1,0,0,0,0,0,1,1,0,0,0,0,0,"C",2661,8689
-0.181720387034806,0.113306400608924,0.543042521383205,0,0,1,1,0,0,0,0,0,1,1,0,0,0,0,0,"C",1967,8690
-0.135856671590069,0.130676481041101,1.62805608498548,0,0,1,1,0,0,0,0,0,1,1,0,0,0,0,0,"C",2087,8691
-0.100140035582189,0.0406085633665401,-0.454159000302483,0,0,1,1,0,0,0,0,0,1,1,0,0,0,0,0,"C",2137,8692
-0.105301308277662,0.0863991197712902,-0.0812329773388713,0,0,1,1,0,0,0,0,0,1,1,0,0,0,0,0,"C",2578,8693
-0.146335327464019,0.103357796700419,0.537732574590773,0,0,1,1,0,0,0,0,0,1,1,0,0,0,0,0,"C",899,8694
-0.113473164306195,0.0480758248217789,0.214034857017444,0,0,1,1,0,0,0,0,0,1,1,0,0,0,0,0,"C",3030,8695
-0.137368841686657,0.111109565639519,1.97936289758194,0,0,1,1,0,0,0,0,0,1,1,0,0,0,0,0,"C",2602,8696
-0.16297559088402,0.167977244424333,1.73206700815617,0,0,1,1,0,0,0,0,0,1,1,0,0,0,0,0,"C",394,8697
-0.129206852536385,0.131922339928857,2.04719850278955,0,0,1,1,0,0,0,0,0,1,1,0,0,0,0,0,"C",3326,8698
-0.154334951570512,0.137193137745988,1.44837537597148,0,0,1,1,0,0,0,0,0,1,1,0,0,0,0,0,"C",2240,8699
-0.197210099973387,0.160968911087371,1.8557315078406,0,0,1,1,0,0,0,0,0,1,1,0,0,0,0,0,"D",491,8700
-0.194921620940797,0.128071048508167,0.643381524067896,0,0,1,1,0,0,0,0,0,1,1,0,0,0,0,0,"D",3721,8701
-0.111177843330511,0.0272297831602893,0.589865833499344,0,0,1,1,0,0,0,0,0,1,1,0,0,0,0,0,"D",3402,8702
-0.169948394685656,0.034298847203377,0.599789114925396,0,0,1,1,0,0,0,0,0,1,1,0,0,0,0,0,"D",368,8703
-0.14170078591694,0.0859520556391404,2.54564609114245,0,0,1,1,0,0,0,0,0,1,1,0,0,0,0,0,"D",1484,8704
-0.171877070089518,0.0947864446316079,2.19344631783405,0,0,1,1,0,0,0,0,0,1,1,0,0,0,0,0,"D",2487,8705
-0.124262386652407,0.0543881189394073,2.39297296746839,0,0,1,1,0,0,0,0,0,1,1,0,0,0,0,0,"D",1608,8706
-0.16870247577019,0.0757915516490066,0.228193226872099,0,0,1,1,0,0,0,0,0,1,1,0,0,0,0,0,"D",1462,8707
-0.148154938140999,0.122757770092468,0.90583479214605,0,0,1,1,0,0,0,0,0,1,1,0,0,0,0,0,"D",3495,8708
-0.288384043506307,0.218485017566126,1.95835124248997,0,0,1,1,0,0,0,0,0,1,1,0,0,0,0,0,"D",3583,8709
-0.18972346194384,0.0562134097421757,2.16438729938855,0,0,1,1,0,0,0,0,0,1,1,0,0,0,0,0,"D",1747,8710
-0.22330295711876,0.121305562812053,-1.6703548332292,0,0,1,1,0,0,0,0,0,1,1,0,0,0,0,0,"D",344,8711
-0.186508417016092,0.0836147947927268,2.59628635213261,0,0,1,1,0,0,0,0,0,1,1,0,0,0,0,0,"D",3343,8712
-0.169537738413665,0.0990805722935434,0.904804186006795,0,0,1,1,0,0,0,0,0,1,1,0,0,0,0,0,"D",2191,8713
-0.288295571330847,0.227115002641736,-0.067958007185001,0,0,1,1,0,0,0,0,0,1,1,0,0,0,0,0,"D",2986,8714
-0.0620018721567249,0.0211585587398727,1.28960148840386,0,0,1,1,0,0,0,0,0,1,1,0,0,0,0,0,"D",3527,8715
-0.209035690027023,0.0546398527994433,-0.96540529025047,0,0,1,1,0,0,0,0,0,1,1,0,0,0,0,0,"D",3748,8716
-0.299837272968536,0.188404409719682,2.0910372598324,0,0,1,1,0,0,0,0,0,1,1,0,0,0,0,0,"D",930,8717
-0.217498604362273,0.129426051703962,1.45065886813463,0,0,1,1,0,0,0,0,0,1,1,0,0,0,0,0,"D",1560,8718
-0.211466443247076,0.116251241506346,0.97786445628108,0,0,1,1,0,0,0,0,0,1,1,0,0,0,0,0,"D",1549,8719
-0.186035289210653,0.0727728111350657,-1.22436868943504,0,0,1,1,0,0,0,0,0,1,1,0,0,0,0,0,"D",3423,8720
-0.239153128143789,0.129873107185018,2.23866280904981,0,0,1,1,0,0,0,0,0,1,1,0,0,0,0,0,"D",3464,8721
-0.138472161206237,0.0461374376966943,2.18125949038942,0,0,1,1,0,0,0,0,0,1,1,0,0,0,0,0,"D",1646,8722
-0.152144026198339,0.0718423605182704,1.5679658686018,0,0,1,1,0,0,0,0,0,1,1,0,0,0,0,0,"D",2823,8723
-0.252619209025075,0.144960896492631,-0.448506885506546,0,0,1,1,0,0,0,0,0,1,1,0,0,0,0,0,"D",2022,8724
-0.168304740052637,0.142665298158114,-2.06389523382889,0,0,1,1,0,0,0,0,0,1,1,0,0,0,0,0,"D",1255,8725
-0.150014631026326,0.0629153670769874,0.529460211392714,0,0,1,1,0,0,0,0,0,1,1,0,0,0,0,0,"D",1691,8726
-0.251935003536512,0.176816331575906,-0.460785544563588,0,0,1,1,0,0,0,0,0,1,1,0,0,0,0,0,"D",3414,8727
-0.157665420201265,0.0198259792440834,0.739498498765998,0,0,1,1,0,0,0,0,0,1,1,0,0,0,0,0,"D",1362,8728
-0.148291009123075,0.0889438206179518,1.12590452923953,0,0,1,1,0,0,0,0,0,1,1,0,0,0,0,0,"D",2845,8729
-0.171145840392163,0.108746250336464,-0.7060422955815,0,0,1,1,0,0,0,0,0,1,1,0,0,0,0,0,"D",2333,8730
-0.154868060528354,0.0773198175811275,0.175891670793605,0,0,1,1,0,0,0,0,0,1,1,0,0,0,0,0,"D",2005,8731
-0.14573683633508,0.0250900192578117,-2.26489641471947,0,0,1,1,0,0,0,0,0,1,1,0,0,0,0,0,"D",2937,8732
-0.159207316681282,0.0887942573342432,-1.58964212398242,0,0,1,1,0,0,0,0,0,1,1,0,0,0,0,0,"D",1628,8733
-0.198977354933121,0.127719572400691,2.67407823068676,0,0,1,1,0,0,0,0,0,1,1,0,0,0,0,0,"D",3122,8734
-0.1316019781954,0.0527209732344911,0.370731616572747,0,0,1,1,0,0,0,0,0,1,1,0,0,0,0,0,"D",666,8735
-0.196585112175281,0.130580577448441,0.611662335341767,0,0,1,1,0,0,0,0,0,1,1,0,0,0,0,0,"D",1125,8736
-0.125726680337275,0.0546346739389518,1.79504740337087,0,0,1,1,0,0,0,0,0,1,1,0,0,0,0,0,"D",33,8737
-0.1248117250099,0.0103103525937906,0.874165953439903,0,0,1,1,0,0,0,0,0,1,1,0,0,0,0,0,"D",1671,8738
-0.122028579721082,-0.0431332941243531,0.181424606669782,0,0,1,1,0,0,0,0,0,1,1,0,0,0,0,0,"D",2714,8739
-0.171912784397299,0.119887954115752,-1.73829568713086,0,0,1,1,0,0,0,0,0,1,1,0,0,0,0,0,"D",946,8740
-0.227044678010248,0.111366418694173,2.45187216433029,0,0,1,1,0,0,0,0,0,1,1,0,0,0,0,0,"D",2718,8741
-0.175577244933974,0.0985918433581392,0.319642701215413,0,0,1,1,0,0,0,0,0,1,1,0,0,0,0,0,"D",2372,8742
-0.091509861246674,0.0239246000953474,0.163308143026996,0,0,1,1,0,0,0,0,0,1,1,0,0,0,0,0,"D",1117,8743
-0.129239953813696,0.0624419611581983,0.77984022390066,0,0,1,1,0,0,0,0,0,1,1,0,0,0,0,0,"D",3186,8744
-0.218383377790243,0.176992419273731,2.38371118409803,0,0,1,1,0,0,0,0,0,1,1,0,0,0,0,0,"D",2648,8745
-0.214675974010978,0.152986924124485,2.67768371330946,0,0,1,1,0,0,0,0,0,1,1,0,0,0,0,0,"D",3379,8746
-0.178891987167975,0.116300159756571,2.12251678569886,0,0,1,1,0,0,0,0,0,1,1,0,0,0,0,0,"D",2742,8747
-0.294810909751713,0.22749806771448,-1.39767223594097,0,0,1,1,0,0,0,0,0,1,1,0,0,0,0,0,"D",2336,8748
-0.264945092256947,0.0721345501480684,1.46312291716464,0,0,1,1,0,0,0,0,0,1,1,0,0,0,0,0,"D",267,8749
-0.226244687260629,0.136799015384739,1.40829442462086,0,0,1,1,0,0,0,0,0,1,1,0,0,0,0,0,"D",1359,8750
-0.102495257520892,0.0124211554164597,-0.650180692433032,0,0,1,1,0,0,0,0,0,1,1,0,0,0,0,0,"D",1441,8751
-0.176204400749941,0.0947104487339029,1.33110296538137,0,0,1,1,0,0,0,0,0,1,1,0,0,0,0,0,"D",1962,8752
-0.23040785827429,0.126829248090373,2.48158110267091,0,0,1,1,0,0,0,0,0,1,1,0,0,0,0,0,"D",3717,8753
-0.208082172850962,0.116399937768281,1.42295686795605,0,0,1,1,0,0,0,0,0,1,1,0,0,0,0,0,"D",347,8754
-0.153757655240215,0.0453100928755615,0.189380377232224,0,0,1,1,0,0,0,0,0,1,1,0,0,0,0,0,"D",2090,8755
-0.190786740677496,0.137926632462007,1.94418105777462,0,0,1,1,0,0,0,0,0,1,1,0,0,0,0,0,"D",3406,8756
-0.262255284651085,0.107246889318689,0.918571681494077,0,0,1,1,0,0,0,0,0,1,1,0,0,0,0,0,"D",2061,8757
-0.330768141119695,0.207682793497959,1.78874427808813,0,0,1,1,0,0,0,0,0,1,1,0,0,0,0,0,"D",3699,8758
-0.187379880755706,0.102916181642218,2.53511692119993,0,0,1,1,0,0,0,0,0,1,1,0,0,0,0,0,"D",1385,8759
-0.152261650535037,0.123515480603699,1.22135962338574,0,0,1,1,0,0,0,0,0,1,1,0,0,0,0,0,"D",729,8760
-0.132540621208581,0.0812194108680596,2.02665502788854,0,0,1,1,0,0,0,0,0,1,1,0,0,0,0,0,"D",712,8761
-0.211064001797273,0.0998166274417833,1.38409397430339,0,0,1,1,0,0,0,0,0,1,1,0,0,0,0,0,"D",656,8762
-0.213724944048642,0.14350640452167,-0.818024645749654,0,0,1,1,0,0,0,0,0,1,1,0,0,0,0,0,"D",1397,8763
-0.230451720055011,0.128916251140727,0.431607228817667,0,0,1,1,0,0,0,0,0,1,1,0,0,0,0,0,"D",2074,8764
-0.138508611838674,0.128252121967919,0.899020049319162,0,0,1,1,0,0,0,0,0,1,1,0,0,0,0,0,"D",857,8765
-0.185157212711567,0.121463766062854,1.09564803450891,0,0,1,1,0,0,0,0,0,1,1,0,0,0,0,0,"D",2257,8766
-0.150338064139258,0.0781343060982171,2.01960913734915,0,0,1,1,0,0,0,0,0,1,1,0,0,0,0,0,"D",1072,8767
-0.260690074565625,0.18141436357288,2.09173528931796,0,0,1,1,0,0,0,0,0,1,1,0,0,0,0,0,"D",1687,8768
-0.16382392176134,0.0999235428085833,2.21912396262954,0,0,1,1,0,0,0,0,0,1,1,0,0,0,0,0,"D",2575,8769
-0.212764592557489,0.0874809842427097,-0.402582834747309,0,0,1,1,0,0,0,0,0,1,1,0,0,0,0,0,"D",3006,8770
-0.0983231088370765,0.0413634885188333,-1.25703982823802,0,0,1,1,0,0,0,0,0,1,1,0,0,0,0,0,"D",3732,8771
-0.204879014778068,0.157185064092125,2.30135585524644,0,0,1,1,0,0,0,0,0,1,1,0,0,0,0,0,"D",482,8772
-0.26664100896092,0.254213942868947,0.369427526557046,0,0,1,1,0,0,0,0,0,1,1,0,0,0,0,0,"D",1341,8773
-0.17215083796749,0.136284634320675,1.66473591824811,0,0,1,1,0,0,0,0,0,1,1,0,0,0,0,0,"D",3204,8774
-0.167270948857976,0.0829053215877582,1.57194199023799,0,0,1,1,0,0,0,0,0,1,1,0,0,0,0,0,"D",1763,8775
-0.148394960378158,0.0928099167937913,0.653952862798679,0,0,1,1,0,0,0,0,0,1,1,0,0,0,0,0,"D",2318,8776
-0.118924277552505,0.0509731493259788,0.615561347703758,0,0,1,1,0,0,0,0,0,1,1,0,0,0,0,0,"D",1059,8777
-0.166205891554703,0.125262987707386,-1.60692154600308,0,0,1,1,0,0,0,0,0,1,1,0,0,0,0,0,"D",1290,8778
-0.161369390821522,0.0628588059598099,0.910623718125114,0,0,1,1,0,0,0,0,0,1,1,0,0,0,0,0,"D",3146,8779
-0.158827020747433,0.0731596499010969,1.90431627686407,0,0,1,1,0,0,0,0,0,1,1,0,0,0,0,0,"D",1594,8780
-0.293361263821237,0.217841240369833,-1.80899798063058,0,0,1,1,0,0,0,0,0,1,1,0,0,0,0,0,"D",2727,8781
-0.160413060996104,-0.00819474596324967,-0.238123308261932,0,0,1,1,0,0,0,0,0,1,1,0,0,0,0,0,"D",2960,8782
-0.0718457117078682,0.0257000178132169,-0.613811482000577,0,0,1,1,0,0,0,0,0,1,1,0,0,0,0,0,"D",3738,8783
-0.328353625246436,0.202643609681421,1.46817316841696,0,0,1,1,0,0,0,0,0,1,1,0,0,0,0,0,"D",1567,8784
-0.166760789319645,0.057070404504361,1.49402780122481,0,0,1,1,0,0,0,0,0,1,1,0,0,0,0,0,"D",1930,8785
-0.121345796802928,0.0421039498065744,-0.346087302376044,0,0,1,1,0,0,0,0,0,1,1,0,0,0,0,0,"D",3714,8786
-0.151393855859433,0.069270315144199,0.976558597059353,0,0,1,1,0,0,0,0,0,1,1,0,0,0,0,0,"D",435,8787
-0.113032566903956,0.0150896658605724,0.273638661416256,0,0,1,1,0,0,0,0,0,1,1,0,0,0,0,0,"D",1461,8788
-0.165012305058094,0.0384531979830372,-1.03731347461558,0,0,1,1,0,0,0,0,0,1,1,0,0,0,0,0,"D",2661,8789
-0.169954586778274,0.0996285523087086,2.51822206930744,0,0,1,1,0,0,0,0,0,1,1,0,0,0,0,0,"D",1967,8790
-0.21892188913835,0.116738345564084,1.50662560190211,0,0,1,1,0,0,0,0,0,1,1,0,0,0,0,0,"D",2087,8791
-0.12117151248279,0.111751260485007,-0.600796463373573,0,0,1,1,0,0,0,0,0,1,1,0,0,0,0,0,"D",2137,8792
-0.199863376751537,0.144332118096833,1.92062476486156,0,0,1,1,0,0,0,0,0,1,1,0,0,0,0,0,"D",2578,8793
-0.183628444301527,0.0649112673855244,-0.105373229116407,0,0,1,1,0,0,0,0,0,1,1,0,0,0,0,0,"D",899,8794
-0.250535340577553,0.160120871152144,-2.49688379697784,0,0,1,1,0,0,0,0,0,1,1,0,0,0,0,0,"D",3030,8795
-0.200436071768315,0.168794278537063,2.07790337037769,0,0,1,1,0,0,0,0,0,1,1,0,0,0,0,0,"D",2602,8796
-0.087386193463842,0.0358518060343311,0.100691881688771,0,0,1,1,0,0,0,0,0,1,1,0,0,0,0,0,"D",394,8797
-0.135498675423014,0.0604332524315064,1.04864825683886,0,0,1,1,0,0,0,0,0,1,1,0,0,0,0,0,"D",3326,8798
-0.232469695353768,0.0898658368761765,-1.61306458933045,0,0,1,1,0,0,0,0,0,1,1,0,0,0,0,0,"D",2240,8799
-0.217527863371334,0.195806206903064,-2.66147511969877,0,0,1,1,0,0,0,0,0,0,1,0,1,0,0,0,"C",491,8800
-0.192810342043337,0.141787726451307,-1.44255865498873,0,0,1,1,0,0,0,0,0,0,1,0,1,0,0,0,"C",3721,8801
-0.128414458083989,0.103437924334263,0.675791185733314,0,0,1,1,0,0,0,0,0,0,1,0,1,0,0,0,"C",3402,8802
-0.136039055652763,0.120436165719133,-2.2510519883297,0,0,1,1,0,0,0,0,0,0,1,0,1,0,0,0,"C",368,8803
-0.227103340175898,0.20077289623056,-1.88697973351901,0,0,1,1,0,0,0,0,0,0,1,0,1,0,0,0,"C",1484,8804
-0.205259245752653,0.167282935252599,0.517145145014829,0,0,1,1,0,0,0,0,0,0,1,0,1,0,0,0,"C",2487,8805
-0.269867950492004,0.212556272281338,-2.24904106347346,0,0,1,1,0,0,0,0,0,0,1,0,1,0,0,0,"C",1608,8806
-0.204509835428042,0.145718459131222,-2.04205773694546,0,0,1,1,0,0,0,0,0,0,1,0,1,0,0,0,"C",1462,8807
-0.160492076495139,0.119990092379885,-1.0801253348569,0,0,1,1,0,0,0,0,0,0,1,0,1,0,0,0,"C",3495,8808
-0.268447377488633,0.249710671900913,-1.50955264378228,0,0,1,1,0,0,0,0,0,0,1,0,1,0,0,0,"C",3583,8809
-0.249441014672452,0.197578364822928,-2.42731351300995,0,0,1,1,0,0,0,0,0,0,1,0,1,0,0,0,"C",1747,8810
-0.250875896507537,0.197784155476657,-2.10129471502476,0,0,1,1,0,0,0,0,0,0,1,0,1,0,0,0,"C",344,8811
-0.238653755458847,0.226080337227087,-0.807252936937812,0,0,1,1,0,0,0,0,0,0,1,0,1,0,0,0,"C",3343,8812
-0.208158043590983,0.165215816317881,-2.90372161265843,0,0,1,1,0,0,0,0,0,0,1,0,1,0,0,0,"C",2191,8813
-0.248575857145709,0.204636925906035,-1.59238338981406,0,0,1,1,0,0,0,0,0,0,1,0,1,0,0,0,"C",2986,8814
-0.135831758126524,0.105200384020839,-1.80708852735922,0,0,1,1,0,0,0,0,0,0,1,0,1,0,0,0,"C",3527,8815
-0.218468169905316,0.201877583044344,-1.53549658680894,0,0,1,1,0,0,0,0,0,0,1,0,1,0,0,0,"C",3748,8816
-0.216388564834232,0.225380631686339,-0.702047314751485,0,0,1,1,0,0,0,0,0,0,1,0,1,0,0,0,"C",930,8817
-0.18125037310686,0.161928422355718,-2.12755428730602,0,0,1,1,0,0,0,0,0,0,1,0,1,0,0,0,"C",1560,8818
-0.218765393437365,0.204491930570631,-1.44937005931931,0,0,1,1,0,0,0,0,0,0,1,0,1,0,0,0,"C",1549,8819
-0.138902500678346,0.12156317360477,-1.48507566125843,0,0,1,1,0,0,0,0,0,0,1,0,1,0,0,0,"C",3423,8820
-0.228535100606255,0.202035927690177,-2.14373208984175,0,0,1,1,0,0,0,0,0,0,1,0,1,0,0,0,"C",3464,8821
-0.165232935207271,0.114576791261389,-2.71801126997671,0,0,1,1,0,0,0,0,0,0,1,0,1,0,0,0,"C",1646,8822
-0.220768624606606,0.179790873405799,-1.42795838576023,0,0,1,1,0,0,0,0,0,0,1,0,1,0,0,0,"C",2823,8823
-0.223483187219477,0.189903342076659,-2.59216013213781,0,0,1,1,0,0,0,0,0,0,1,0,1,0,0,0,"C",2022,8824
-0.257110188053067,0.26634537653454,-1.33725468989086,0,0,1,1,0,0,0,0,0,0,1,0,1,0,0,0,"C",1255,8825
-0.243611782396836,0.212783285861345,-1.46052453534132,0,0,1,1,0,0,0,0,0,0,1,0,1,0,0,0,"C",1691,8826
-0.173430264331796,0.16739246251545,-1.42128930580215,0,0,1,1,0,0,0,0,0,0,1,0,1,0,0,0,"C",3414,8827
-0.279998004041306,0.268592966665944,-1.85075188656775,0,0,1,1,0,0,0,0,0,0,1,0,1,0,0,0,"C",1362,8828
-0.191543661562653,0.148770048175034,-0.908079477421883,0,0,1,1,0,0,0,0,0,0,1,0,1,0,0,0,"C",2845,8829
-0.185500541442719,0.185896711947947,-0.59359993291015,0,0,1,1,0,0,0,0,0,0,1,0,1,0,0,0,"C",2333,8830
-0.229355388304708,0.182862121006326,-1.63326490802533,0,0,1,1,0,0,0,0,0,0,1,0,1,0,0,0,"C",2005,8831
-0.15591135498103,0.110382356702397,-1.81116409156408,0,0,1,1,0,0,0,0,0,0,1,0,1,0,0,0,"C",2937,8832
-0.19306313418204,0.1545749459242,-2.57524952225645,0,0,1,1,0,0,0,0,0,0,1,0,1,0,0,0,"C",1628,8833
-0.298303401926816,0.241386020315743,-2.56979956017974,0,0,1,1,0,0,0,0,0,0,1,0,1,0,0,0,"C",3122,8834
-0.180004187274501,0.158226194998043,-1.87675041915126,0,0,1,1,0,0,0,0,0,0,1,0,1,0,0,0,"C",666,8835
-0.27099061973573,0.235817296036409,-0.937598484992463,0,0,1,1,0,0,0,0,0,0,1,0,1,0,0,0,"C",1125,8836
-0.185911411203819,0.14241157748288,-2.01508734759895,0,0,1,1,0,0,0,0,0,0,1,0,1,0,0,0,"C",33,8837
-0.323206411018046,0.291573255452287,-2.49110147438028,0,0,1,1,0,0,0,0,0,0,1,0,1,0,0,0,"C",1671,8838
-0.19862041798781,0.178448434541657,-2.89331339670805,0,0,1,1,0,0,0,0,0,0,1,0,1,0,0,0,"C",2714,8839
-0.34341388996507,0.28661504325266,-1.99136539457085,0,0,1,1,0,0,0,0,0,0,1,0,1,0,0,0,"C",946,8840
-0.228991005828768,0.207031492683796,-2.4115555010895,0,0,1,1,0,0,0,0,0,0,1,0,1,0,0,0,"C",2718,8841
-0.218236140074139,0.172996720854162,-1.94671965243188,0,0,1,1,0,0,0,0,0,0,1,0,1,0,0,0,"C",2372,8842
-0.123801575034058,0.110944126148567,-2.10124103191231,0,0,1,1,0,0,0,0,0,0,1,0,1,0,0,0,"C",1117,8843
-0.294616429096619,0.262897431518974,-1.87691566774915,0,0,1,1,0,0,0,0,0,0,1,0,1,0,0,0,"C",3186,8844
-0.162065049722404,0.11249261834226,-2.40466702190928,0,0,1,1,0,0,0,0,0,0,1,0,1,0,0,0,"C",2648,8845
-0.264923993398438,0.23787627325823,-2.21161221739121,0,0,1,1,0,0,0,0,0,0,1,0,1,0,0,0,"C",3379,8846
-0.27302836765503,0.24894052405861,-1.99797926553972,0,0,1,1,0,0,0,0,0,0,1,0,1,0,0,0,"C",2742,8847
-0.240186741565433,0.217007600897822,-1.83628892966297,0,0,1,1,0,0,0,0,0,0,1,0,1,0,0,0,"C",2336,8848
-0.219281600623347,0.165910745319496,-0.754060943976845,0,0,1,1,0,0,0,0,0,0,1,0,1,0,0,0,"C",267,8849
-0.264465383004813,0.237758049851998,-1.59565012876949,0,0,1,1,0,0,0,0,0,0,1,0,1,0,0,0,"C",1359,8850
-0.241723435707073,0.210865019812968,-1.09998297101624,0,0,1,1,0,0,0,0,0,0,1,0,1,0,0,0,"C",1441,8851
-0.239582317722931,0.181252564583293,-0.121071720174396,0,0,1,1,0,0,0,0,0,0,1,0,1,0,0,0,"C",1962,8852
-0.202811131099813,0.156211380516243,-1.95801177708608,0,0,1,1,0,0,0,0,0,0,1,0,1,0,0,0,"C",3717,8853
-0.188253809321496,0.150677449953383,-2.35584562392395,0,0,1,1,0,0,0,0,0,0,1,0,1,0,0,0,"C",347,8854
-0.240951461020508,0.217780452684238,-0.165988516483156,0,0,1,1,0,0,0,0,0,0,1,0,1,0,0,0,"C",2090,8855
-0.230895351422883,0.22671004499371,-1.60071861249203,0,0,1,1,0,0,0,0,0,0,1,0,1,0,0,0,"C",3406,8856
-0.313963034010596,0.253174619238826,-2.57763762394426,0,0,1,1,0,0,0,0,0,0,1,0,1,0,0,0,"C",2061,8857
-0.219533953586539,0.210357383801025,-1.79273815388597,0,0,1,1,0,0,0,0,0,0,1,0,1,0,0,0,"C",3699,8858
-0.207622904047955,0.154823551923623,-1.16342181605531,0,0,1,1,0,0,0,0,0,0,1,0,1,0,0,0,"C",1385,8859
-0.15151900069211,0.120814549713869,-0.958027258815931,0,0,1,1,0,0,0,0,0,0,1,0,1,0,0,0,"C",729,8860
-0.208900835278836,0.178240795658103,-2.01443499614465,0,0,1,1,0,0,0,0,0,0,1,0,1,0,0,0,"C",712,8861
-0.220353798871591,0.181724274015166,-1.53419209545821,0,0,1,1,0,0,0,0,0,0,1,0,1,0,0,0,"C",656,8862
-0.25599031566228,0.245909201445975,-1.21720493779968,0,0,1,1,0,0,0,0,0,0,1,0,1,0,0,0,"C",1397,8863
-0.210297680681619,0.153932621207614,-1.32106260483882,0,0,1,1,0,0,0,0,0,0,1,0,1,0,0,0,"C",2074,8864
-0.245450936705145,0.206632931819554,-1.9888330296635,0,0,1,1,0,0,0,0,0,0,1,0,1,0,0,0,"C",857,8865
-0.203736556857681,0.15328861211779,-2.91310644657399,0,0,1,1,0,0,0,0,0,0,1,0,1,0,0,0,"C",2257,8866
-0.17520877264725,0.116117417038375,-2.46772198709001,0,0,1,1,0,0,0,0,0,0,1,0,1,0,0,0,"C",1072,8867
-0.180445462574849,0.132508524241242,-0.35269353166637,0,0,1,1,0,0,0,0,0,0,1,0,1,0,0,0,"C",1687,8868
-0.235511630217452,0.186624560448057,-2.89055228458638,0,0,1,1,0,0,0,0,0,0,1,0,1,0,0,0,"C",2575,8869
-0.190050903479475,0.145065274812454,-1.0395603159149,0,0,1,1,0,0,0,0,0,0,1,0,1,0,0,0,"C",3006,8870
-0.218968988663936,0.164532946368938,-0.0166748867163833,0,0,1,1,0,0,0,0,0,0,1,0,1,0,0,0,"C",3732,8871
-0.218362044631945,0.172827529564816,-2.34871366090044,0,0,1,1,0,0,0,0,0,0,1,0,1,0,0,0,"C",482,8872
-0.15891068866944,0.102137962355068,1.86027773704846,0,0,1,1,0,0,0,0,0,0,1,0,1,0,0,0,"C",1341,8873
-0.132059614794662,0.118285023063159,-1.4825449091486,0,0,1,1,0,0,0,0,0,0,1,0,1,0,0,0,"C",3204,8874
-0.186678781722926,0.173019403075053,-0.541486558669548,0,0,1,1,0,0,0,0,0,0,1,0,1,0,0,0,"C",1763,8875
-0.150483504743717,0.131928460661805,-2.64559310190951,0,0,1,1,0,0,0,0,0,0,1,0,1,0,0,0,"C",2318,8876
-0.182667938414504,0.11762319868182,-1.4143065011446,0,0,1,1,0,0,0,0,0,0,1,0,1,0,0,0,"C",1059,8877
-0.216562151349388,0.164646199526651,-1.11942734386318,0,0,1,1,0,0,0,0,0,0,1,0,1,0,0,0,"C",1290,8878
-0.269499277018328,0.247798031604517,-1.99825029941414,0,0,1,1,0,0,0,0,0,0,1,0,1,0,0,0,"C",3146,8879
-0.304870849836622,0.283833844402649,-1.68588477815351,0,0,1,1,0,0,0,0,0,0,1,0,1,0,0,0,"C",1594,8880
-0.242241055795858,0.206993001560055,-2.06238479388338,0,0,1,1,0,0,0,0,0,0,1,0,1,0,0,0,"C",2727,8881
-0.244334326374086,0.191363830720905,-0.837356433791506,0,0,1,1,0,0,0,0,0,0,1,0,1,0,0,0,"C",2960,8882
-0.181524001172842,0.172991773028648,-1.68484230066979,0,0,1,1,0,0,0,0,0,0,1,0,1,0,0,0,"C",3738,8883
-0.275025914142541,0.232685835578691,0.0609091744119688,0,0,1,1,0,0,0,0,0,0,1,0,1,0,0,0,"C",1567,8884
-0.157496855484463,0.129943489393985,0.409282939153079,0,0,1,1,0,0,0,0,0,0,1,0,1,0,0,0,"C",1930,8885
-0.201124906628858,0.161914846707745,-2.53704261811621,0,0,1,1,0,0,0,0,0,0,1,0,1,0,0,0,"C",3714,8886
-0.173509288048023,0.144077381564624,-1.06149832278594,0,0,1,1,0,0,0,0,0,0,1,0,1,0,0,0,"C",435,8887
-0.246474592149573,0.217809722759884,-1.66856914219607,0,0,1,1,0,0,0,0,0,0,1,0,1,0,0,0,"C",1461,8888
-0.154448007891761,0.101289642361553,-0.937317690814225,0,0,1,1,0,0,0,0,0,0,1,0,1,0,0,0,"C",2661,8889
-0.165569391881911,0.142082119033378,-2.0672935665905,0,0,1,1,0,0,0,0,0,0,1,0,1,0,0,0,"C",1967,8890
-0.201005493688199,0.173698915820127,-2.35342477581862,0,0,1,1,0,0,0,0,0,0,1,0,1,0,0,0,"C",2087,8891
-0.194719403478426,0.16015564654644,-2.91183448052558,0,0,1,1,0,0,0,0,0,0,1,0,1,0,0,0,"C",2137,8892
-0.27463352409738,0.26962939942232,-2.42106470491001,0,0,1,1,0,0,0,0,0,0,1,0,1,0,0,0,"C",2578,8893
-0.161724632189477,0.132844786883607,0.623494767768328,0,0,1,1,0,0,0,0,0,0,1,0,1,0,0,0,"C",899,8894
-0.235386433359988,0.173238524019848,0.888307265068249,0,0,1,1,0,0,0,0,0,0,1,0,1,0,0,0,"C",3030,8895
-0.196986199138584,0.176272964417045,1.82159878542882,0,0,1,1,0,0,0,0,0,0,1,0,1,0,0,0,"C",2602,8896
-0.175177390812686,0.129193710339772,-2.38676720594866,0,0,1,1,0,0,0,0,0,0,1,0,1,0,0,0,"C",394,8897
-0.105252026497422,0.0659403438592873,-1.0907337873332,0,0,1,1,0,0,0,0,0,0,1,0,1,0,0,0,"C",3326,8898
-0.221074675440349,0.22822554187525,-1.75538695724955,0,0,1,1,0,0,0,0,0,0,1,0,1,0,0,0,"C",2240,8899
-0.0342194429107156,0.0911678009151849,0.982402746116031,0,0,1,1,0,0,0,0,0,0,1,0,1,0,0,0,"D",491,8900
-0.0273677382481548,0.0923704602851706,-0.0312730017030519,0,0,1,1,0,0,0,0,0,0,1,0,1,0,0,0,"D",3721,8901
-0.182363289846111,0.209611370888288,-1.94372761307366,0,0,1,1,0,0,0,0,0,0,1,0,1,0,0,0,"D",3402,8902
-0.0410600118294642,0.123400732945932,1.49185718723437,0,0,1,1,0,0,0,0,0,0,1,0,1,0,0,0,"D",368,8903
-0.0396948012702125,0.116794108854606,-1.26282715708601,0,0,1,1,0,0,0,0,0,0,1,0,1,0,0,0,"D",1484,8904
-0.0221198837133163,0.0444297330006688,-0.749506659445469,0,0,1,1,0,0,0,0,0,0,1,0,1,0,0,0,"D",2487,8905
-0.094115450021964,0.147633173057425,1.83030698582665,0,0,1,1,0,0,0,0,0,0,1,0,1,0,0,0,"D",1608,8906
0.0250104819678137,-0.00412598569447612,1.82676544852518,0,0,1,1,0,0,0,0,0,0,1,0,1,0,0,0,"D",1462,8907
-0.0527056590211906,0.0910810326551677,2.21614167538265,0,0,1,1,0,0,0,0,0,0,1,0,1,0,0,0,"D",3495,8908
-0.112837436499333,0.130908736524155,2.38403865449617,0,0,1,1,0,0,0,0,0,0,1,0,1,0,0,0,"D",3583,8909
-0.196170431313861,0.195727010935656,-1.93123135232311,0,0,1,1,0,0,0,0,0,0,1,0,1,0,0,0,"D",1747,8910
-0.0747063298695862,0.072256254742032,-0.398569136618775,0,0,1,1,0,0,0,0,0,0,1,0,1,0,0,0,"D",344,8911
-0.0131704776962643,0.0559051442183261,1.32734732372524,0,0,1,1,0,0,0,0,0,0,1,0,1,0,0,0,"D",3343,8912
0.000677953663797932,0.0398274600588885,0.89848632598511,0,0,1,1,0,0,0,0,0,0,1,0,1,0,0,0,"D",2191,8913
-0.140834024188126,0.133130936678062,-1.5839839033241,0,0,1,1,0,0,0,0,0,0,1,0,1,0,0,0,"D",2986,8914
-0.112246144534338,0.122658896258574,0.674378312438268,0,0,1,1,0,0,0,0,0,0,1,0,1,0,0,0,"D",3527,8915
-0.0986338874944426,0.11730875148836,2.27945998171288,0,0,1,1,0,0,0,0,0,0,1,0,1,0,0,0,"D",3748,8916
-0.163552529200459,0.16749346597415,-2.73466345082172,0,0,1,1,0,0,0,0,0,0,1,0,1,0,0,0,"D",930,8917
-0.0224526753554151,0.0661017852787164,0.935396954693575,0,0,1,1,0,0,0,0,0,0,1,0,1,0,0,0,"D",1560,8918
-0.0313647718447204,0.0366842065777757,-0.832728512044306,0,0,1,1,0,0,0,0,0,0,1,0,1,0,0,0,"D",1549,8919
-0.0911803371351705,0.127062948457643,1.26846314202264,0,0,1,1,0,0,0,0,0,0,1,0,1,0,0,0,"D",3423,8920
-0.0191501121549368,0.0671687789609152,0.243524522132901,0,0,1,1,0,0,0,0,0,0,1,0,1,0,0,0,"D",3464,8921
-0.0371389310755826,0.0742434417653128,2.5025744772558,0,0,1,1,0,0,0,0,0,0,1,0,1,0,0,0,"D",1646,8922
-0.190526667269602,0.219393991974269,-0.691198765558081,0,0,1,1,0,0,0,0,0,0,1,0,1,0,0,0,"D",2823,8923
-0.165960310226472,0.143419326958978,1.26726215252949,0,0,1,1,0,0,0,0,0,0,1,0,1,0,0,0,"D",2022,8924
-0.0759174968176443,0.129619679051402,0.372372051960066,0,0,1,1,0,0,0,0,0,0,1,0,1,0,0,0,"D",1255,8925
-0.0377472465991521,0.13252929083971,1.02790452095424,0,0,1,1,0,0,0,0,0,0,1,0,1,0,0,0,"D",1691,8926
-0.0566050901118332,0.111814968806432,2.14367824110277,0,0,1,1,0,0,0,0,0,0,1,0,1,0,0,0,"D",3414,8927
-0.180370765573249,0.1922449134414,-1.89534338075342,0,0,1,1,0,0,0,0,0,0,1,0,1,0,0,0,"D",1362,8928
0.02355866810849,0.00732067773146582,1.07496311001878,0,0,1,1,0,0,0,0,0,0,1,0,1,0,0,0,"D",2845,8929
0.00877063410212249,0.0761195065944783,-1.00782690305321,0,0,1,1,0,0,0,0,0,0,1,0,1,0,0,0,"D",2333,8930
-0.0618397804370201,0.0605749276509486,1.3372342483984,0,0,1,1,0,0,0,0,0,0,1,0,1,0,0,0,"D",2005,8931
-0.0891018346622059,0.147924627866595,2.46524772377464,0,0,1,1,0,0,0,0,0,0,1,0,1,0,0,0,"D",2937,8932
-0.0993314217729696,0.131967173030643,-0.256998894922219,0,0,1,1,0,0,0,0,0,0,1,0,1,0,0,0,"D",1628,8933
-0.0571533562877324,0.0890646329971347,2.47378538299345,0,0,1,1,0,0,0,0,0,0,1,0,1,0,0,0,"D",3122,8934
-0.0387059297109268,0.0653062712687739,1.32720541902722,0,0,1,1,0,0,0,0,0,0,1,0,1,0,0,0,"D",666,8935
0.00991245534714578,0.0533610337778674,-1.51872082268077,0,0,1,1,0,0,0,0,0,0,1,0,1,0,0,0,"D",1125,8936
-0.0786916738558726,0.10184091388311,-0.631856717373139,0,0,1,1,0,0,0,0,0,0,1,0,1,0,0,0,"D",33,8937
-0.13180827624601,0.173157585182655,-2.41157942811371,0,0,1,1,0,0,0,0,0,0,1,0,1,0,0,0,"D",1671,8938
-0.0817460393762979,0.0957634238897279,2.1103711132772,0,0,1,1,0,0,0,0,0,0,1,0,1,0,0,0,"D",2714,8939
-0.0669153917841833,0.117690649121647,1.22321461042294,0,0,1,1,0,0,0,0,0,0,1,0,1,0,0,0,"D",946,8940
-0.0368055205075756,0.0913482997402234,-1.00613663431048,0,0,1,1,0,0,0,0,0,0,1,0,1,0,0,0,"D",2718,8941
-0.154579076465857,0.176695443636602,1.46853051163471,0,0,1,1,0,0,0,0,0,0,1,0,1,0,0,0,"D",2372,8942
-0.00458419339152356,0.0764427626919507,0.793852128075871,0,0,1,1,0,0,0,0,0,0,1,0,1,0,0,0,"D",1117,8943
-0.215375879102857,0.188110373791251,1.70708602617145,0,0,1,1,0,0,0,0,0,0,1,0,1,0,0,0,"D",3186,8944
-0.0648799000362551,0.0926382812726293,-2.20806754583474,0,0,1,1,0,0,0,0,0,0,1,0,1,0,0,0,"D",2648,8945
-0.0720854256053439,0.160478005535276,1.74223399566759,0,0,1,1,0,0,0,0,0,0,1,0,1,0,0,0,"D",3379,8946
-0.0901664386223522,0.106762881774489,-1.40209471182637,0,0,1,1,0,0,0,0,0,0,1,0,1,0,0,0,"D",2742,8947
-0.0308085884454896,0.0356822982929371,1.18600383616416,0,0,1,1,0,0,0,0,0,0,1,0,1,0,0,0,"D",2336,8948
-0.178350363977313,0.211476188040401,-1.80704866097875,0,0,1,1,0,0,0,0,0,0,1,0,1,0,0,0,"D",267,8949
-0.145350503173314,0.177033533038903,0.567924907137065,0,0,1,1,0,0,0,0,0,0,1,0,1,0,0,0,"D",1359,8950
0.0133411519638244,0.00393375591392973,0.364752089597776,0,0,1,1,0,0,0,0,0,0,1,0,1,0,0,0,"D",1441,8951
-0.144345508398927,0.17630243450168,1.45861636889198,0,0,1,1,0,0,0,0,0,0,1,0,1,0,0,0,"D",1962,8952
-0.0302679690223567,0.0468067455583275,-0.532862311714003,0,0,1,1,0,0,0,0,0,0,1,0,1,0,0,0,"D",3717,8953
-0.0780539033621787,0.0771904505135185,2.21232966385054,0,0,1,1,0,0,0,0,0,0,1,0,1,0,0,0,"D",347,8954
-0.0916299997392231,0.163617111138913,1.46569246852631,0,0,1,1,0,0,0,0,0,0,1,0,1,0,0,0,"D",2090,8955
-0.0558423572515354,0.0839204969397596,0.0815617124466754,0,0,1,1,0,0,0,0,0,0,1,0,1,0,0,0,"D",3406,8956
-0.00775639900174435,0.0525550470989063,-0.359325455495939,0,0,1,1,0,0,0,0,0,0,1,0,1,0,0,0,"D",2061,8957
-0.197252918733145,0.245427536841315,-2.09353255978467,0,0,1,1,0,0,0,0,0,0,1,0,1,0,0,0,"D",3699,8958
-0.0817566056756488,0.0819666491578503,-2.25510272603073,0,0,1,1,0,0,0,0,0,0,1,0,1,0,0,0,"D",1385,8959
-0.0715366230590781,0.0948433002976277,-2.2220059959789,0,0,1,1,0,0,0,0,0,0,1,0,1,0,0,0,"D",729,8960
-0.067936296051227,0.10251839449651,1.702137399146,0,0,1,1,0,0,0,0,0,0,1,0,1,0,0,0,"D",712,8961
-0.0576874108332067,0.0842475043615292,1.66751127646002,0,0,1,1,0,0,0,0,0,0,1,0,1,0,0,0,"D",656,8962
-0.115030082147721,0.121133602609821,1.31738624791675,0,0,1,1,0,0,0,0,0,0,1,0,1,0,0,0,"D",1397,8963
-0.159028178671266,0.174370957708511,-1.93925893705874,0,0,1,1,0,0,0,0,0,0,1,0,1,0,0,0,"D",2074,8964
-0.00572980717079277,0.0986143089536957,1.74837225699141,0,0,1,1,0,0,0,0,0,0,1,0,1,0,0,0,"D",857,8965
-0.0697029004261835,0.126528927306505,-1.68799582353844,0,0,1,1,0,0,0,0,0,0,1,0,1,0,0,0,"D",2257,8966
-0.0982561502074357,0.143222590445652,-1.53400799039624,0,0,1,1,0,0,0,0,0,0,1,0,1,0,0,0,"D",1072,8967
-0.137623265296286,0.121617002654612,-0.916693879346237,0,0,1,1,0,0,0,0,0,0,1,0,1,0,0,0,"D",1687,8968
-0.0456684578102253,0.0933995241357939,0.42561401015881,0,0,1,1,0,0,0,0,0,0,1,0,1,0,0,0,"D",2575,8969
-0.133090857494339,0.186596763864203,-2.0880867371117,0,0,1,1,0,0,0,0,0,0,1,0,1,0,0,0,"D",3006,8970
-0.0951425310908584,0.130585521825783,-2.73946484859759,0,0,1,1,0,0,0,0,0,0,1,0,1,0,0,0,"D",3732,8971
-0.122524850174171,0.153788434529174,0.812697074484189,0,0,1,1,0,0,0,0,0,0,1,0,1,0,0,0,"D",482,8972
-0.107643232253059,0.11713284424209,-2.67777241756098,0,0,1,1,0,0,0,0,0,0,1,0,1,0,0,0,"D",1341,8973
-0.1245827850391,0.150350340202089,1.68028760884375,0,0,1,1,0,0,0,0,0,0,1,0,1,0,0,0,"D",3204,8974
-0.0705456515007695,0.0503609895158431,0.961750592511742,0,0,1,1,0,0,0,0,0,0,1,0,1,0,0,0,"D",1763,8975
-0.139781304433776,0.169606718268175,-0.783569573732991,0,0,1,1,0,0,0,0,0,0,1,0,1,0,0,0,"D",2318,8976
-0.188301476248322,0.230906228689608,-1.62145761839852,0,0,1,1,0,0,0,0,0,0,1,0,1,0,0,0,"D",1059,8977
-0.0441857026776327,0.0879887083474383,1.11994580241547,0,0,1,1,0,0,0,0,0,0,1,0,1,0,0,0,"D",1290,8978
-0.0260769443894691,0.0722437749925913,1.65406643475086,0,0,1,1,0,0,0,0,0,0,1,0,1,0,0,0,"D",3146,8979
-0.0645816910185782,0.0776493805756407,0.474209724662393,0,0,1,1,0,0,0,0,0,0,1,0,1,0,0,0,"D",1594,8980
-0.035126259587808,0.0954051707410159,-2.25640831117983,0,0,1,1,0,0,0,0,0,0,1,0,1,0,0,0,"D",2727,8981
-0.0636097732161429,0.104860306177347,1.30006447751217,0,0,1,1,0,0,0,0,0,0,1,0,1,0,0,0,"D",2960,8982
-0.0858653832841522,0.102401213005802,2.12505233400287,0,0,1,1,0,0,0,0,0,0,1,0,1,0,0,0,"D",3738,8983
-0.0946161768217185,0.167309984653235,-2.06290676469742,0,0,1,1,0,0,0,0,0,0,1,0,1,0,0,0,"D",1567,8984
-0.0294516283941079,0.0601980640339189,0.880194232123358,0,0,1,1,0,0,0,0,0,0,1,0,1,0,0,0,"D",1930,8985
-0.0341593810753366,0.105156032254466,0.307760618128298,0,0,1,1,0,0,0,0,0,0,1,0,1,0,0,0,"D",3714,8986
-0.137259445826534,0.120559660661231,1.20794219876753,0,0,1,1,0,0,0,0,0,0,1,0,1,0,0,0,"D",435,8987
-0.18066184121631,0.216698226401311,-1.16221909314955,0,0,1,1,0,0,0,0,0,0,1,0,1,0,0,0,"D",1461,8988
-0.196844849367092,0.230003390683947,-1.97864294633892,0,0,1,1,0,0,0,0,0,0,1,0,1,0,0,0,"D",2661,8989
-0.0830545134073419,0.0911620551965756,0.116667884186245,0,0,1,1,0,0,0,0,0,0,1,0,1,0,0,0,"D",1967,8990
-0.0975046258126038,0.085309200103755,-0.856312364898517,0,0,1,1,0,0,0,0,0,0,1,0,1,0,0,0,"D",2087,8991
-0.0946414426121022,0.164699959772167,1.59959188962062,0,0,1,1,0,0,0,0,0,0,1,0,1,0,0,0,"D",2137,8992
-0.145995269822772,0.178400442200933,-1.60470394182068,0,0,1,1,0,0,0,0,0,0,1,0,1,0,0,0,"D",2578,8993
-0.0115347464602798,0.0117228856891097,0.874804247915607,0,0,1,1,0,0,0,0,0,0,1,0,1,0,0,0,"D",899,8994
-0.0459152470221571,0.0928886775207877,-0.653875548300794,0,0,1,1,0,0,0,0,0,0,1,0,1,0,0,0,"D",3030,8995
-0.0400939649784927,0.0510361566687582,-1.2633193798354,0,0,1,1,0,0,0,0,0,0,1,0,1,0,0,0,"D",2602,8996
-0.0379422637007482,0.0872480359946807,1.51080770237423,0,0,1,1,0,0,0,0,0,0,1,0,1,0,0,0,"D",394,8997
-0.0236514313280455,0.0557613335314219,1.53672705518779,0,0,1,1,0,0,0,0,0,0,1,0,1,0,0,0,"D",3326,8998
-0.156578668537065,0.151420795407465,1.8757344825293,0,0,1,1,0,0,0,0,0,0,1,0,1,0,0,0,"D",2240,8999
-0.0953411978487104,0.0560636479694851,0.522302363563082,0,0,1,1,0,0,0,0,0,0,1,0,0,0,0,1,"C",491,9000
-0.0723748208367481,0.0475420853136356,0.273735829816567,0,0,1,1,0,0,0,0,0,0,1,0,0,0,0,1,"C",3721,9001
-0.0573906940772226,0.0198950471532774,0.6310547352365,0,0,1,1,0,0,0,0,0,0,1,0,0,0,0,1,"C",3402,9002
-0.0537757837548464,0.0400491299612411,-0.278948279540457,0,0,1,1,0,0,0,0,0,0,1,0,0,0,0,1,"C",368,9003
-0.0511233918650933,0.0302277805387423,0.564499487127413,0,0,1,1,0,0,0,0,0,0,1,0,0,0,0,1,"C",1484,9004
-0.0877306513222992,0.0390471294012679,0.176517740956615,0,0,1,1,0,0,0,0,0,0,1,0,0,0,0,1,"C",2487,9005
-0.124901273586758,0.0749330951263383,-0.420213838282661,0,0,1,1,0,0,0,0,0,0,1,0,0,0,0,1,"C",1608,9006
-0.0787740183404901,0.0291320990706771,-0.141942630579912,0,0,1,1,0,0,0,0,0,0,1,0,0,0,0,1,"C",1462,9007
-0.0790977408217119,0.0433503416161764,-0.548024649650008,0,0,1,1,0,0,0,0,0,0,1,0,0,0,0,1,"C",3495,9008
-0.0513768682716943,0.0337856499687609,0.397099379613854,0,0,1,1,0,0,0,0,0,0,1,0,0,0,0,1,"C",3583,9009
-0.0935235100748661,0.0430122929706856,0.326524182453157,0,0,1,1,0,0,0,0,0,0,1,0,0,0,0,1,"C",1747,9010
-0.0880575528300608,0.0407350805118121,0.259988517333607,0,0,1,1,0,0,0,0,0,0,1,0,0,0,0,1,"C",344,9011
-0.0748523388542873,0.0360670775587563,-0.0193392809794124,0,0,1,1,0,0,0,0,0,0,1,0,0,0,0,1,"C",3343,9012
-0.06527016892312,0.0483642846286797,-0.272786562923395,0,0,1,1,0,0,0,0,0,0,1,0,0,0,0,1,"C",2191,9013
-0.0623708410904078,0.0333489037110275,0.193778604260222,0,0,1,1,0,0,0,0,0,0,1,0,0,0,0,1,"C",2986,9014
-0.09034438529479,0.0807992008994624,0.684207694113396,0,0,1,1,0,0,0,0,0,0,1,0,0,0,0,1,"C",3527,9015
-0.0682881708012899,0.0367213404418141,0.684940405375561,0,0,1,1,0,0,0,0,0,0,1,0,0,0,0,1,"C",3748,9016
-0.0589269216614968,0.0513302787106672,0.450109116757681,0,0,1,1,0,0,0,0,0,0,1,0,0,0,0,1,"C",930,9017
-0.11273121695316,0.0960862526165016,-1.56952606857155,0,0,1,1,0,0,0,0,0,0,1,0,0,0,0,1,"C",1560,9018
-0.0533612022035462,0.030169169938904,1.17813224774091,0,0,1,1,0,0,0,0,0,0,1,0,0,0,0,1,"C",1549,9019
-0.072492478106582,0.0588473297522399,1.50609915243104,0,0,1,1,0,0,0,0,0,0,1,0,0,0,0,1,"C",3423,9020
-0.0807958428990928,0.060750633665105,0.240708969587283,0,0,1,1,0,0,0,0,0,0,1,0,0,0,0,1,"C",3464,9021
-0.099618836474348,0.051790767773895,-1.36162980986127,0,0,1,1,0,0,0,0,0,0,1,0,0,0,0,1,"C",1646,9022
-0.0770937985165882,0.0494597263958555,-0.262091616609043,0,0,1,1,0,0,0,0,0,0,1,0,0,0,0,1,"C",2823,9023
-0.0840570483795724,0.0448256962267592,0.868579955463635,0,0,1,1,0,0,0,0,0,0,1,0,0,0,0,1,"C",2022,9024
-0.0750511782911389,0.051559471489157,0.635305607420052,0,0,1,1,0,0,0,0,0,0,1,0,0,0,0,1,"C",1255,9025
-0.106112591313267,0.0852769516806605,-0.00427520419595342,0,0,1,1,0,0,0,0,0,0,1,0,0,0,0,1,"C",1691,9026
-0.0899397863955315,0.0963350298888491,1.26887374291681,0,0,1,1,0,0,0,0,0,0,1,0,0,0,0,1,"C",3414,9027
-0.0628961670905682,0.0522377530380437,0.924943699937414,0,0,1,1,0,0,0,0,0,0,1,0,0,0,0,1,"C",1362,9028
-0.0665296747434398,0.0306138800167008,-0.553772599016842,0,0,1,1,0,0,0,0,0,0,1,0,0,0,0,1,"C",2845,9029
-0.101210812390205,0.0872478932499095,0.299399740889737,0,0,1,1,0,0,0,0,0,0,1,0,0,0,0,1,"C",2333,9030
-0.0617524068612971,0.0185086499722118,0.431338335978553,0,0,1,1,0,0,0,0,0,0,1,0,0,0,0,1,"C",2005,9031
-0.0583284187962017,0.00888061406066179,-0.72934077478922,0,0,1,1,0,0,0,0,0,0,1,0,0,0,0,1,"C",2937,9032
-0.0600453274062797,0.0286871225581462,0.127606683586168,0,0,1,1,0,0,0,0,0,0,1,0,0,0,0,1,"C",1628,9033
-0.0832338531407502,0.0375861119734423,0.149636811636087,0,0,1,1,0,0,0,0,0,0,1,0,0,0,0,1,"C",3122,9034
-0.0852432912599567,0.04058063004646,0.359780343141856,0,0,1,1,0,0,0,0,0,0,1,0,0,0,0,1,"C",666,9035
-0.0581085665652263,0.0220928051991625,-1.36887008256053,0,0,1,1,0,0,0,0,0,0,1,0,0,0,0,1,"C",1125,9036
-0.0631833497824982,0.00901087260237479,-0.406534897374033,0,0,1,1,0,0,0,0,0,0,1,0,0,0,0,1,"C",33,9037
-0.10725028742431,0.0682756860100323,-0.14181050731439,0,0,1,1,0,0,0,0,0,0,1,0,0,0,0,1,"C",1671,9038
-0.0541561362953233,0.0331628923357164,-0.488287652763039,0,0,1,1,0,0,0,0,0,0,1,0,0,0,0,1,"C",2714,9039
-0.104562094322905,0.0513590268729234,-0.409465537618331,0,0,1,1,0,0,0,0,0,0,1,0,0,0,0,1,"C",946,9040
-0.0404672813564241,0.0107891286527677,0.469046919374184,0,0,1,1,0,0,0,0,0,0,1,0,0,0,0,1,"C",2718,9041
-0.0964593988842396,0.0273275897460725,0.0583417235466124,0,0,1,1,0,0,0,0,0,0,1,0,0,0,0,1,"C",2372,9042
-0.0588544128324367,0.055705124530114,0.788826221267258,0,0,1,1,0,0,0,0,0,0,1,0,0,0,0,1,"C",1117,9043
-0.0799381803819143,0.0556033096147654,-0.347839234618182,0,0,1,1,0,0,0,0,0,0,1,0,0,0,0,1,"C",3186,9044
-0.0782948163199307,0.0311347151575471,-0.541167240109136,0,0,1,1,0,0,0,0,0,0,1,0,0,0,0,1,"C",2648,9045
-0.076774103642101,0.0495019301745957,0.547576025272249,0,0,1,1,0,0,0,0,0,0,1,0,0,0,0,1,"C",3379,9046
-0.0795001057985139,0.0668403896433235,0.0844297528459968,0,0,1,1,0,0,0,0,0,0,1,0,0,0,0,1,"C",2742,9047
-0.0699492961502664,0.0427752123410315,0.495178675711062,0,0,1,1,0,0,0,0,0,0,1,0,0,0,0,1,"C",2336,9048
-0.0567302448299804,0.0104564215052898,-0.00592672098662793,0,0,1,1,0,0,0,0,0,0,1,0,0,0,0,1,"C",267,9049
-0.0333512209239713,0.0389012286086123,-0.0641299934057908,0,0,1,1,0,0,0,0,0,0,1,0,0,0,0,1,"C",1359,9050
-0.0803887213542901,0.0571988627711603,0.903344955718286,0,0,1,1,0,0,0,0,0,0,1,0,0,0,0,1,"C",1441,9051
-0.0859133127293586,0.0290656934810174,-1.09967023603742,0,0,1,1,0,0,0,0,0,0,1,0,0,0,0,1,"C",1962,9052
-0.104505974564688,0.0502254993540123,-0.330597965959328,0,0,1,1,0,0,0,0,0,0,1,0,0,0,0,1,"C",3717,9053
-0.0423636735940067,0.0300054014603646,0.320608141877005,0,0,1,1,0,0,0,0,0,0,1,0,0,0,0,1,"C",347,9054
-0.0891068051924192,0.0574759694162296,1.03190425039101,0,0,1,1,0,0,0,0,0,0,1,0,0,0,0,1,"C",2090,9055
-0.0693255777795855,0.0700647137451157,0.541901487617236,0,0,1,1,0,0,0,0,0,0,1,0,0,0,0,1,"C",3406,9056
-0.0845912469789228,0.0381359596113705,0.485505125422737,0,0,1,1,0,0,0,0,0,0,1,0,0,0,0,1,"C",2061,9057
-0.0606989069789092,0.0617454969758838,0.534379575599553,0,0,1,1,0,0,0,0,0,0,1,0,0,0,0,1,"C",3699,9058
-0.0668188798684545,0.0270272170075408,0.292304625477251,0,0,1,1,0,0,0,0,0,0,1,0,0,0,0,1,"C",1385,9059
-0.0684803833176253,0.0381365014392015,0.641606039065346,0,0,1,1,0,0,0,0,0,0,1,0,0,0,0,1,"C",729,9060
-0.0462442242660103,0.024031680252004,-0.6364805594486,0,0,1,1,0,0,0,0,0,0,1,0,0,0,0,1,"C",712,9061
-0.076340466878019,0.0475634283223818,-0.55713577129652,0,0,1,1,0,0,0,0,0,0,1,0,0,0,0,1,"C",656,9062
-0.0718764921484811,0.0510229155322951,-0.315856915838367,0,0,1,1,0,0,0,0,0,0,1,0,0,0,0,1,"C",1397,9063
-0.080845870031332,0.0216439450758555,-0.61316126194398,0,0,1,1,0,0,0,0,0,0,1,0,0,0,0,1,"C",2074,9064
-0.0810732076497351,0.0442614214676582,-0.932450220495542,0,0,1,1,0,0,0,0,0,0,1,0,0,0,0,1,"C",857,9065
-0.0807548488442372,0.0312303605082404,-0.238073305853578,0,0,1,1,0,0,0,0,0,0,1,0,0,0,0,1,"C",2257,9066
-0.0612517673815798,0.0152724596143639,-0.0470180026241596,0,0,1,1,0,0,0,0,0,0,1,0,0,0,0,1,"C",1072,9067
-0.0531724680530413,0.0381123064002998,0.725896862460471,0,0,1,1,0,0,0,0,0,0,1,0,0,0,0,1,"C",1687,9068
-0.0690488299519584,0.0469829495113405,0.0159659800487711,0,0,1,1,0,0,0,0,0,0,1,0,0,0,0,1,"C",2575,9069
-0.0547559721467905,0.0232003013905041,0.0182009669390345,0,0,1,1,0,0,0,0,0,0,1,0,0,0,0,1,"C",3006,9070
-0.0627168170724603,0.017912740459951,-0.642006033747936,0,0,1,1,0,0,0,0,0,0,1,0,0,0,0,1,"C",3732,9071
-0.101573612646007,0.0726076463529292,-0.29091583281675,0,0,1,1,0,0,0,0,0,0,1,0,0,0,0,1,"C",482,9072
-0.0883245693500092,0.0293052337488908,1.09606365157176,0,0,1,1,0,0,0,0,0,0,1,0,0,0,0,1,"C",1341,9073
-0.0440328232685731,0.02556872665761,0.606559429745946,0,0,1,1,0,0,0,0,0,0,1,0,0,0,0,1,"C",3204,9074
-0.0902202202227372,0.0736176780154084,-1.39700861489832,0,0,1,1,0,0,0,0,0,0,1,0,0,0,0,1,"C",1763,9075
-0.0673353621645931,0.0510714269961085,0.433775290086841,0,0,1,1,0,0,0,0,0,0,1,0,0,0,0,1,"C",2318,9076
-0.114139432535328,0.0612920906595375,-0.662685611117623,0,0,1,1,0,0,0,0,0,0,1,0,0,0,0,1,"C",1059,9077
-0.07231377923388,0.0319503470897463,-0.0873697203493089,0,0,1,1,0,0,0,0,0,0,1,0,0,0,0,1,"C",1290,9078
-0.0701578548878986,0.0272180518734054,0.12356922526613,0,0,1,1,0,0,0,0,0,0,1,0,0,0,0,1,"C",3146,9079
-0.0756661516257869,0.064047071880276,0.0186195278872274,0,0,1,1,0,0,0,0,0,0,1,0,0,0,0,1,"C",1594,9080
-0.0933341759212946,0.0571062796465228,0.0736449791425581,0,0,1,1,0,0,0,0,0,0,1,0,0,0,0,1,"C",2727,9081
-0.0994934103413778,0.0550542855182116,-0.919215960977957,0,0,1,1,0,0,0,0,0,0,1,0,0,0,0,1,"C",2960,9082
-0.0531943462292201,0.0354203302579705,-1.52381917777662,0,0,1,1,0,0,0,0,0,0,1,0,0,0,0,1,"C",3738,9083
-0.0738747176043755,0.0469239360937224,0.115173551861823,0,0,1,1,0,0,0,0,0,0,1,0,0,0,0,1,"C",1567,9084
-0.0261539556443194,0.0148558607532449,-0.2564561382016,0,0,1,1,0,0,0,0,0,0,1,0,0,0,0,1,"C",1930,9085
-0.0573156289341344,0.0136090236494383,0.937118306096164,0,0,1,1,0,0,0,0,0,0,1,0,0,0,0,1,"C",3714,9086
-0.0557197354297197,0.0329154067411573,0.682061570369011,0,0,1,1,0,0,0,0,0,0,1,0,0,0,0,1,"C",435,9087
-0.0621744451748632,0.0383763170766914,0.181013893351051,0,0,1,1,0,0,0,0,0,0,1,0,0,0,0,1,"C",1461,9088
-0.0740702465008688,0.0296301030248608,-0.845018830748596,0,0,1,1,0,0,0,0,0,0,1,0,0,0,0,1,"C",2661,9089
-0.0729139846031329,0.0332102132302382,0.268576579061527,0,0,1,1,0,0,0,0,0,0,1,0,0,0,0,1,"C",1967,9090
-0.0806115675948419,0.0549012255684323,0.61899357943974,0,0,1,1,0,0,0,0,0,0,1,0,0,0,0,1,"C",2087,9091
-0.0439400398544375,0.0152012243760291,0.210905350147923,0,0,1,1,0,0,0,0,0,0,1,0,0,0,0,1,"C",2137,9092
-0.0197914699570486,0.0300309128684716,0.243299717027537,0,0,1,1,0,0,0,0,0,0,1,0,0,0,0,1,"C",2578,9093
-0.0935753699696795,0.0542562867756172,0.669582899751419,0,0,1,1,0,0,0,0,0,0,1,0,0,0,0,1,"C",899,9094
-0.0909949906099626,0.0404862026669291,-0.0616307396312391,0,0,1,1,0,0,0,0,0,0,1,0,0,0,0,1,"C",3030,9095
-0.0867111181302889,0.0602014252866779,0.571414155930956,0,0,1,1,0,0,0,0,0,0,1,0,0,0,0,1,"C",2602,9096
-0.0620850818699322,0.0194101453854878,-0.0191795872931226,0,0,1,1,0,0,0,0,0,0,1,0,0,0,0,1,"C",394,9097
-0.0671225007296328,0.0305965458010248,0.0525789949766304,0,0,1,1,0,0,0,0,0,0,1,0,0,0,0,1,"C",3326,9098
-0.0716874896333057,0.0632039278324888,0.58888097530801,0,0,1,1,0,0,0,0,0,0,1,0,0,0,0,1,"C",2240,9099
-0.10918778360914,0.075529399258731,2.01824799549885,0,0,1,1,0,0,0,0,0,0,1,0,0,0,0,1,"D",491,9100
-0.089364679883812,0.0133998968394861,0.815217369065379,0,0,1,1,0,0,0,0,0,0,1,0,0,0,0,1,"D",3721,9101
-0.136958071167464,0.068284536790172,1.13260536735562,0,0,1,1,0,0,0,0,0,0,1,0,0,0,0,1,"D",3402,9102
-0.138913817460196,0.0855203219858504,1.6428102540788,0,0,1,1,0,0,0,0,0,0,1,0,0,0,0,1,"D",368,9103
-0.132694027661161,0.0592145224630804,-1.35681194136064,0,0,1,1,0,0,0,0,0,0,1,0,0,0,0,1,"D",1484,9104
-0.136772447893839,0.0454675789017432,0.449375623331916,0,0,1,1,0,0,0,0,0,0,1,0,0,0,0,1,"D",2487,9105
-0.128056115129656,0.0633806621997336,1.40870839761647,0,0,1,1,0,0,0,0,0,0,1,0,0,0,0,1,"D",1608,9106
-0.132229611047255,0.0341855456580392,-0.157790439399268,0,0,1,1,0,0,0,0,0,0,1,0,0,0,0,1,"D",1462,9107
-0.142721606517308,0.0792912180267358,-1.28041097876319,0,0,1,1,0,0,0,0,0,0,1,0,0,0,0,1,"D",3495,9108
-0.174839805384946,0.0892385412715428,-1.63051202770518,0,0,1,1,0,0,0,0,0,0,1,0,0,0,0,1,"D",3583,9109
-0.119036067865993,0.00390940736599285,0.654478611658322,0,0,1,1,0,0,0,0,0,0,1,0,0,0,0,1,"D",1747,9110
-0.142326349155761,0.0541886161951907,-1.05083322421444,0,0,1,1,0,0,0,0,0,0,1,0,0,0,0,1,"D",344,9111
-0.130699140925677,0.047579143476155,-0.64857674415618,0,0,1,1,0,0,0,0,0,0,1,0,0,0,0,1,"D",3343,9112
-0.112273273374603,0.0483377534332293,-0.637094378384507,0,0,1,1,0,0,0,0,0,0,1,0,0,0,0,1,"D",2191,9113
-0.113513136638446,0.0231389434278929,1.06208089644616,0,0,1,1,0,0,0,0,0,0,1,0,0,0,0,1,"D",2986,9114
-0.165202715447469,0.0820304667009246,0.369400360729557,0,0,1,1,0,0,0,0,0,0,1,0,0,0,0,1,"D",3527,9115
-0.116411301123885,0.037920170827473,-1.373221643617,0,0,1,1,0,0,0,0,0,0,1,0,0,0,0,1,"D",3748,9116
-0.130977963603224,0.0458301957301668,0.552697513171715,0,0,1,1,0,0,0,0,0,0,1,0,0,0,0,1,"D",930,9117
-0.121475093295576,0.0390178399121707,-0.163508506451381,0,0,1,1,0,0,0,0,0,0,1,0,0,0,0,1,"D",1560,9118
-0.139103284275491,0.0630339602725786,-1.1737051734242,0,0,1,1,0,0,0,0,0,0,1,0,0,0,0,1,"D",1549,9119
-0.158775637831097,0.063883123698823,0.0314727375787063,0,0,1,1,0,0,0,0,0,0,1,0,0,0,0,1,"D",3423,9120
-0.139880213783424,0.0657391515162716,-0.475536285993993,0,0,1,1,0,0,0,0,0,0,1,0,0,0,0,1,"D",3464,9121
-0.138923970199769,0.0953664631629416,0.099219349602123,0,0,1,1,0,0,0,0,0,0,1,0,0,0,0,1,"D",1646,9122
-0.163558375524313,0.0826660334687095,-0.230609934630731,0,0,1,1,0,0,0,0,0,0,1,0,0,0,0,1,"D",2823,9123
-0.142388088324492,0.0402718694600507,-0.158816831508328,0,0,1,1,0,0,0,0,0,0,1,0,0,0,0,1,"D",2022,9124
-0.102630231499001,0.0310891719821342,-0.548104087415206,0,0,1,1,0,0,0,0,0,0,1,0,0,0,0,1,"D",1255,9125
-0.116207862760701,0.0374354540745056,1.89446526819954,0,0,1,1,0,0,0,0,0,0,1,0,0,0,0,1,"D",1691,9126
-0.105513679565818,0.0379785372781734,0.00355367450076586,0,0,1,1,0,0,0,0,0,0,1,0,0,0,0,1,"D",3414,9127
-0.144745486927655,0.0431365854595782,0.205115062946693,0,0,1,1,0,0,0,0,0,0,1,0,0,0,0,1,"D",1362,9128
-0.0942453733389385,0.0295617187267588,0.935803600018389,0,0,1,1,0,0,0,0,0,0,1,0,0,0,0,1,"D",2845,9129
-0.141775628733701,0.0432756692811593,0.443667606553085,0,0,1,1,0,0,0,0,0,0,1,0,0,0,0,1,"D",2333,9130
-0.148920399015587,0.03197287739198,1.40389806827928,0,0,1,1,0,0,0,0,0,0,1,0,0,0,0,1,"D",2005,9131
-0.0754506525176437,0.00991671877800571,0.472004180768583,0,0,1,1,0,0,0,0,0,0,1,0,0,0,0,1,"D",2937,9132
-0.130600895087252,0.0575833739985973,0.852959118017073,0,0,1,1,0,0,0,0,0,0,1,0,0,0,0,1,"D",1628,9133
-0.127753141085193,0.0819689831893492,-0.189024788181233,0,0,1,1,0,0,0,0,0,0,1,0,0,0,0,1,"D",3122,9134
-0.0989720490632317,0.0045497261547627,0.328008461997977,0,0,1,1,0,0,0,0,0,0,1,0,0,0,0,1,"D",666,9135
-0.109021611718976,0.0509882555411024,-1.10651294578434,0,0,1,1,0,0,0,0,0,0,1,0,0,0,0,1,"D",1125,9136
-0.100590316887652,0.00482365800830617,1.1167316276673,0,0,1,1,0,0,0,0,0,0,1,0,0,0,0,1,"D",33,9137
-0.138061828474214,0.0589627291638443,0.236908046633038,0,0,1,1,0,0,0,0,0,0,1,0,0,0,0,1,"D",1671,9138
-0.170816190617318,0.062601989181837,1.44303922209304,0,0,1,1,0,0,0,0,0,0,1,0,0,0,0,1,"D",2714,9139
-0.12509212457267,0.0549822176426971,-0.165576858331743,0,0,1,1,0,0,0,0,0,0,1,0,0,0,0,1,"D",946,9140
-0.140155289472189,0.0428542985269942,-0.127046840008062,0,0,1,1,0,0,0,0,0,0,1,0,0,0,0,1,"D",2718,9141
-0.136903645121433,0.050330224390763,-1.05208004681367,0,0,1,1,0,0,0,0,0,0,1,0,0,0,0,1,"D",2372,9142
-0.105438930364902,0.0376854308392498,1.29368994674654,0,0,1,1,0,0,0,0,0,0,1,0,0,0,0,1,"D",1117,9143
-0.123558579227513,0.0533042089766693,-0.625159823208948,0,0,1,1,0,0,0,0,0,0,1,0,0,0,0,1,"D",3186,9144
-0.131563643065781,0.0692608085090146,-0.349137023714055,0,0,1,1,0,0,0,0,0,0,1,0,0,0,0,1,"D",2648,9145
-0.120887693659094,0.0647354153403041,1.07908099700697,0,0,1,1,0,0,0,0,0,0,1,0,0,0,0,1,"D",3379,9146
-0.108461294750561,0.0192639132572951,0.070061458442102,0,0,1,1,0,0,0,0,0,0,1,0,0,0,0,1,"D",2742,9147
-0.0929976052214756,0.00724687034940856,1.02322219288424,0,0,1,1,0,0,0,0,0,0,1,0,0,0,0,1,"D",2336,9148
-0.108238725003385,0.0122102243025419,0.700899159698601,0,0,1,1,0,0,0,0,0,0,1,0,0,0,0,1,"D",267,9149
-0.0992801588062619,0.027786832358726,0.976861380467136,0,0,1,1,0,0,0,0,0,0,1,0,0,0,0,1,"D",1359,9150
-0.123191300543785,0.0232728378892776,0.567972807670819,0,0,1,1,0,0,0,0,0,0,1,0,0,0,0,1,"D",1441,9151
-0.165607736017985,0.0717621213921673,-1.18988686369288,0,0,1,1,0,0,0,0,0,0,1,0,0,0,0,1,"D",1962,9152
-0.136998531529367,0.0479551546039337,-0.839613280088556,0,0,1,1,0,0,0,0,0,0,1,0,0,0,0,1,"D",3717,9153
-0.129714927144475,0.0540253823964559,-1.40250386290717,0,0,1,1,0,0,0,0,0,0,1,0,0,0,0,1,"D",347,9154
-0.150931463125874,0.0750831503267325,-0.122312598429011,0,0,1,1,0,0,0,0,0,0,1,0,0,0,0,1,"D",2090,9155
-0.154953044817524,0.0830370103693558,-1.82801600355727,0,0,1,1,0,0,0,0,0,0,1,0,0,0,0,1,"D",3406,9156
-0.165784900585378,0.0718754784809812,0.693615398437937,0,0,1,1,0,0,0,0,0,0,1,0,0,0,0,1,"D",2061,9157
-0.0870431425730422,0.0425229671695505,0.77402252123104,0,0,1,1,0,0,0,0,0,0,1,0,0,0,0,1,"D",3699,9158
-0.101803694593162,0.0300073152512369,0.360283473736009,0,0,1,1,0,0,0,0,0,0,1,0,0,0,0,1,"D",1385,9159
-0.0980890333086005,0.0262501173721144,0.315964350225981,0,0,1,1,0,0,0,0,0,0,1,0,0,0,0,1,"D",729,9160
-0.111450923228054,0.0473254578735154,-0.540162026315971,0,0,1,1,0,0,0,0,0,0,1,0,0,0,0,1,"D",712,9161
-0.158184961985775,0.0759436532151984,-0.422159310697654,0,0,1,1,0,0,0,0,0,0,1,0,0,0,0,1,"D",656,9162
-0.148036540607402,0.0460718953176883,0.636112978622645,0,0,1,1,0,0,0,0,0,0,1,0,0,0,0,1,"D",1397,9163
-0.154404344590592,0.0850538168840693,1.01570019700568,0,0,1,1,0,0,0,0,0,0,1,0,0,0,0,1,"D",2074,9164
-0.122395089977018,0.0636633706958552,0.483000478492711,0,0,1,1,0,0,0,0,0,0,1,0,0,0,0,1,"D",857,9165
-0.131373699155918,0.0759842395375168,1.80798640852143,0,0,1,1,0,0,0,0,0,0,1,0,0,0,0,1,"D",2257,9166
-0.0853376697816919,0.0227880925617242,-1.20969232559723,0,0,1,1,0,0,0,0,0,0,1,0,0,0,0,1,"D",1072,9167
-0.139530308057313,0.054072295165425,-0.195080575233975,0,0,1,1,0,0,0,0,0,0,1,0,0,0,0,1,"D",1687,9168
-0.129861124917805,0.0689780681687172,0.200192605130361,0,0,1,1,0,0,0,0,0,0,1,0,0,0,0,1,"D",2575,9169
-0.131165620277773,0.0558076558501141,-0.122944938154109,0,0,1,1,0,0,0,0,0,0,1,0,0,0,0,1,"D",3006,9170
-0.104321897342087,0.05433869141839,-0.575659641024718,0,0,1,1,0,0,0,0,0,0,1,0,0,0,0,1,"D",3732,9171
-0.12862215834287,0.0535436078656132,0.197737785854117,0,0,1,1,0,0,0,0,0,0,1,0,0,0,0,1,"D",482,9172
-0.114325825459691,0.0455400570695514,0.447343584068136,0,0,1,1,0,0,0,0,0,0,1,0,0,0,0,1,"D",1341,9173
-0.148643226333874,0.0923070946877713,-1.52028653949587,0,0,1,1,0,0,0,0,0,0,1,0,0,0,0,1,"D",3204,9174
-0.11028763356239,0.0261946409519354,0.396155250359633,0,0,1,1,0,0,0,0,0,0,1,0,0,0,0,1,"D",1763,9175
-0.099170847782256,0.0169199115398302,-0.356437864120545,0,0,1,1,0,0,0,0,0,0,1,0,0,0,0,1,"D",2318,9176
-0.104686522213887,0.0332063857483913,-0.595418251238697,0,0,1,1,0,0,0,0,0,0,1,0,0,0,0,1,"D",1059,9177
-0.138359177773899,0.0813104880046524,1.43855650129648,0,0,1,1,0,0,0,0,0,0,1,0,0,0,0,1,"D",1290,9178
-0.115842758710183,0.020651083985891,0.325773679665387,0,0,1,1,0,0,0,0,0,0,1,0,0,0,0,1,"D",3146,9179
-0.113381540244402,0.0213354192121921,-0.256057863760376,0,0,1,1,0,0,0,0,0,0,1,0,0,0,0,1,"D",1594,9180
-0.160465320541197,0.103184242161467,-1.44602544388345,0,0,1,1,0,0,0,0,0,0,1,0,0,0,0,1,"D",2727,9181
-0.187775863789932,0.0970433144570839,-0.458764001706631,0,0,1,1,0,0,0,0,0,0,1,0,0,0,0,1,"D",2960,9182
-0.12910940114792,0.0622873999740231,-0.155350906888647,0,0,1,1,0,0,0,0,0,0,1,0,0,0,0,1,"D",3738,9183
-0.070938439186575,0.0174077134174307,-0.645753913271206,0,0,1,1,0,0,0,0,0,0,1,0,0,0,0,1,"D",1567,9184
-0.150422603284729,0.045547360804514,-0.386098095612589,0,0,1,1,0,0,0,0,0,0,1,0,0,0,0,1,"D",1930,9185
-0.125360269750938,0.0653417721182428,-0.553587594193226,0,0,1,1,0,0,0,0,0,0,1,0,0,0,0,1,"D",3714,9186
-0.17189595672996,0.101850415779524,-1.2739115264287,0,0,1,1,0,0,0,0,0,0,1,0,0,0,0,1,"D",435,9187
-0.102356108857607,0.0287041258650755,0.569187238317819,0,0,1,1,0,0,0,0,0,0,1,0,0,0,0,1,"D",1461,9188
-0.15748649071029,0.0419922489175272,1.38773345596527,0,0,1,1,0,0,0,0,0,0,1,0,0,0,0,1,"D",2661,9189
-0.128928236182126,0.0428626932810624,0.0857476981543649,0,0,1,1,0,0,0,0,0,0,1,0,0,0,0,1,"D",1967,9190
-0.123735694777982,0.0258828453267056,0.0559385560348988,0,0,1,1,0,0,0,0,0,0,1,0,0,0,0,1,"D",2087,9191
-0.0883141631424097,0.0300597708856398,-1.26171162387396,0,0,1,1,0,0,0,0,0,0,1,0,0,0,0,1,"D",2137,9192
-0.158792743870545,0.0832740146771764,-0.0372741394823487,0,0,1,1,0,0,0,0,0,0,1,0,0,0,0,1,"D",2578,9193
-0.141480811629576,0.0347428251798175,-0.400556018320238,0,0,1,1,0,0,0,0,0,0,1,0,0,0,0,1,"D",899,9194
-0.15770745901216,0.10364982292311,-1.2235432547074,0,0,1,1,0,0,0,0,0,0,1,0,0,0,0,1,"D",3030,9195
-0.125396875009173,0.0816233425871541,-0.0432672360855878,0,0,1,1,0,0,0,0,0,0,1,0,0,0,0,1,"D",2602,9196
-0.0998083393104184,0.0469010147983821,-0.275176069646135,0,0,1,1,0,0,0,0,0,0,1,0,0,0,0,1,"D",394,9197
-0.102114168280856,0.0202175517090575,0.637222883107429,0,0,1,1,0,0,0,0,0,0,1,0,0,0,0,1,"D",3326,9198
-0.140962383520664,0.0486384775899329,0.0357683209359228,0,0,1,1,0,0,0,0,0,0,1,0,0,0,0,1,"D",2240,9199
-0.199312988471716,0.118341426047216,1.08074260484088,0,0,1,1,0,0,0,0,0,0,0,1,0,1,0,0,"C",491,9200
-0.128764914108196,0.11556260728381,1.25423646236316,0,0,1,1,0,0,0,0,0,0,0,1,0,1,0,0,"C",3721,9201
-0.14375194147139,0.109654071456251,0.777771675776423,0,0,1,1,0,0,0,0,0,0,0,1,0,1,0,0,"C",3402,9202
-0.105978646146441,0.0636188958535639,0.682371907938447,0,0,1,1,0,0,0,0,0,0,0,1,0,1,0,0,"C",368,9203
-0.129443512812876,0.0718680090661659,0.77513595358304,0,0,1,1,0,0,0,0,0,0,0,1,0,1,0,0,"C",1484,9204
-0.16228695661555,0.0865882494945455,-0.204635124961242,0,0,1,1,0,0,0,0,0,0,0,1,0,1,0,0,"C",2487,9205
-0.154726214568409,0.117169231356255,0.760597720131745,0,0,1,1,0,0,0,0,0,0,0,1,0,1,0,0,"C",1608,9206
-0.0927549790763285,0.0624532434244241,0.712287947499637,0,0,1,1,0,0,0,0,0,0,0,1,0,1,0,0,"C",1462,9207
-0.0966028571806992,0.0409079616806889,0.84652204464242,0,0,1,1,0,0,0,0,0,0,0,1,0,1,0,0,"C",3495,9208
-0.121784975250569,0.118115538999707,0.953527512888373,0,0,1,1,0,0,0,0,0,0,0,1,0,1,0,0,"C",3583,9209
-0.184465817004275,0.143212743836849,1.15115723601454,0,0,1,1,0,0,0,0,0,0,0,1,0,1,0,0,"C",1747,9210
-0.203531752950188,0.130663263839645,1.01991069130832,0,0,1,1,0,0,0,0,0,0,0,1,0,1,0,0,"C",344,9211
-0.124526632377902,0.07191580438174,1.42730101306204,0,0,1,1,0,0,0,0,0,0,0,1,0,1,0,0,"C",3343,9212
-0.135572413960893,0.0937353853216327,1.05093099039422,0,0,1,1,0,0,0,0,0,0,0,1,0,1,0,0,"C",2191,9213
-0.12824217124122,0.0901099582244912,0.916118664713102,0,0,1,1,0,0,0,0,0,0,0,1,0,1,0,0,"C",2986,9214
-0.193304419220519,0.131281989023876,1.17472377468903,0,0,1,1,0,0,0,0,0,0,0,1,0,1,0,0,"C",3527,9215
-0.143934797580612,0.0980882113925479,0.861016463784546,0,0,1,1,0,0,0,0,0,0,0,1,0,1,0,0,"C",3748,9216
-0.152528780905161,0.101141185479799,0.690201535963982,0,0,1,1,0,0,0,0,0,0,0,1,0,1,0,0,"C",930,9217
-0.146045614102853,0.0808280593253501,0.73578070450245,0,0,1,1,0,0,0,0,0,0,0,1,0,1,0,0,"C",1560,9218
-0.122293590976353,0.052228675127918,0.603535849759193,0,0,1,1,0,0,0,0,0,0,0,1,0,1,0,0,"C",1549,9219
-0.128306858626572,0.0569917632135579,0.270334480534834,0,0,1,1,0,0,0,0,0,0,0,1,0,1,0,0,"C",3423,9220
-0.117266504072396,0.0517330312654186,1.05894105759185,0,0,1,1,0,0,0,0,0,0,0,1,0,1,0,0,"C",3464,9221
-0.162517324092894,0.113558333193773,1.53878085211976,0,0,1,1,0,0,0,0,0,0,0,1,0,1,0,0,"C",1646,9222
-0.147293411612964,0.117326736127981,1.3098890756655,0,0,1,1,0,0,0,0,0,0,0,1,0,1,0,0,"C",2823,9223
-0.169297942623275,0.127682306945952,0.618566734379747,0,0,1,1,0,0,0,0,0,0,0,1,0,1,0,0,"C",2022,9224
-0.132054009039537,0.0961352207351845,0.608097500811355,0,0,1,1,0,0,0,0,0,0,0,1,0,1,0,0,"C",1255,9225
-0.148972993512013,0.128334277274641,0.824917157410877,0,0,1,1,0,0,0,0,0,0,0,1,0,1,0,0,"C",1691,9226
-0.163735540344242,0.109999607050296,1.03450436367188,0,0,1,1,0,0,0,0,0,0,0,1,0,1,0,0,"C",3414,9227
-0.169604982758863,0.101709801734222,0.739043852650264,0,0,1,1,0,0,0,0,0,0,0,1,0,1,0,0,"C",1362,9228
-0.119159835766166,0.0471371064286304,0.527389208328807,0,0,1,1,0,0,0,0,0,0,0,1,0,1,0,0,"C",2845,9229
-0.15978533986486,0.108946424857793,1.265025914965,0,0,1,1,0,0,0,0,0,0,0,1,0,1,0,0,"C",2333,9230
-0.154922638478467,0.0807630600953564,0.654722761406058,0,0,1,1,0,0,0,0,0,0,0,1,0,1,0,0,"C",2005,9231
-0.160000171656914,0.0751198605880086,1.05671813336148,0,0,1,1,0,0,0,0,0,0,0,1,0,1,0,0,"C",2937,9232
-0.112901620786281,0.0741488821284001,0.0191551534524816,0,0,1,1,0,0,0,0,0,0,0,1,0,1,0,0,"C",1628,9233
-0.164419894232093,0.0950945743926599,0.693024181722899,0,0,1,1,0,0,0,0,0,0,0,1,0,1,0,0,"C",3122,9234
-0.145118179595401,0.0952256589789733,0.332565149502687,0,0,1,1,0,0,0,0,0,0,0,1,0,1,0,0,"C",666,9235
-0.146579175228453,0.069161401885755,1.33642495707186,0,0,1,1,0,0,0,0,0,0,0,1,0,1,0,0,"C",1125,9236
-0.151233070579776,0.126156441515522,1.7782885244619,0,0,1,1,0,0,0,0,0,0,0,1,0,1,0,0,"C",33,9237
-0.155862863427062,0.0926296820793657,0.561293840854439,0,0,1,1,0,0,0,0,0,0,0,1,0,1,0,0,"C",1671,9238
-0.103349656183843,0.0647616403243568,0.665961414070248,0,0,1,1,0,0,0,0,0,0,0,1,0,1,0,0,"C",2714,9239
-0.150913904131347,0.0822798473709266,0.843685168338944,0,0,1,1,0,0,0,0,0,0,0,1,0,1,0,0,"C",946,9240
-0.142732922296731,0.0510323551890417,0.183131068266625,0,0,1,1,0,0,0,0,0,0,0,1,0,1,0,0,"C",2718,9241
-0.171025759417217,0.144390613977426,1.45092892780721,0,0,1,1,0,0,0,0,0,0,0,1,0,1,0,0,"C",2372,9242
-0.139400201529331,0.103765108402786,0.909041871680217,0,0,1,1,0,0,0,0,0,0,0,1,0,1,0,0,"C",1117,9243
-0.126224169603833,0.0841419944492782,0.690189480499546,0,0,1,1,0,0,0,0,0,0,0,1,0,1,0,0,"C",3186,9244
-0.107335646066774,0.0379906568909136,0.680284173260729,0,0,1,1,0,0,0,0,0,0,0,1,0,1,0,0,"C",2648,9245
-0.130325521023908,0.0672581042434916,1.35583750227072,0,0,1,1,0,0,0,0,0,0,0,1,0,1,0,0,"C",3379,9246
-0.117440715462205,0.0703720374568364,0.572440464404473,0,0,1,1,0,0,0,0,0,0,0,1,0,1,0,0,"C",2742,9247
-0.150443924503407,0.07951510589303,0.770924184853136,0,0,1,1,0,0,0,0,0,0,0,1,0,1,0,0,"C",2336,9248
-0.133120321923183,0.0781774912736608,0.824610316686377,0,0,1,1,0,0,0,0,0,0,0,1,0,1,0,0,"C",267,9249
-0.0988436391917948,0.0645990450832415,0.531175829297644,0,0,1,1,0,0,0,0,0,0,0,1,0,1,0,0,"C",1359,9250
-0.177200415201966,0.110293652542734,0.84364916743467,0,0,1,1,0,0,0,0,0,0,0,1,0,1,0,0,"C",1441,9251
-0.131634716299254,0.108336891707007,1.19632331929159,0,0,1,1,0,0,0,0,0,0,0,1,0,1,0,0,"C",1962,9252
-0.144348942740438,0.0813764270139425,0.821960591184001,0,0,1,1,0,0,0,0,0,0,0,1,0,1,0,0,"C",3717,9253
-0.142694395140131,0.118952212022427,0.958554521657017,0,0,1,1,0,0,0,0,0,0,0,1,0,1,0,0,"C",347,9254
-0.179162405374798,0.115063531054223,1.14795523885914,0,0,1,1,0,0,0,0,0,0,0,1,0,1,0,0,"C",2090,9255
-0.121231071897637,0.103996845801271,0.712740248835193,0,0,1,1,0,0,0,0,0,0,0,1,0,1,0,0,"C",3406,9256
-0.147601025960171,0.097860011264807,0.401060323837252,0,0,1,1,0,0,0,0,0,0,0,1,0,1,0,0,"C",2061,9257
-0.161257027542697,0.134236059957786,1.35697167132658,0,0,1,1,0,0,0,0,0,0,0,1,0,1,0,0,"C",3699,9258
-0.156261425757961,0.102840305591463,1.33554961008824,0,0,1,1,0,0,0,0,0,0,0,1,0,1,0,0,"C",1385,9259
-0.14091326290365,0.117172576407774,1.4173486061024,0,0,1,1,0,0,0,0,0,0,0,1,0,1,0,0,"C",729,9260
-0.147719579031632,0.0819778101228156,1.06179865094056,0,0,1,1,0,0,0,0,0,0,0,1,0,1,0,0,"C",712,9261
-0.151034855913722,0.086954853587316,1.00943039321862,0,0,1,1,0,0,0,0,0,0,0,1,0,1,0,0,"C",656,9262
-0.141749008925754,0.0856152071471608,1.5022679937033,0,0,1,1,0,0,0,0,0,0,0,1,0,1,0,0,"C",1397,9263
-0.164082436986453,0.0691046077918827,0.866954797915483,0,0,1,1,0,0,0,0,0,0,0,1,0,1,0,0,"C",2074,9264
-0.156267022911866,0.091483364230802,1.58557009115143,0,0,1,1,0,0,0,0,0,0,0,1,0,1,0,0,"C",857,9265
-0.159383975009112,0.112020549822065,0.86209220562289,0,0,1,1,0,0,0,0,0,0,0,1,0,1,0,0,"C",2257,9266
-0.122668491752277,0.0740598483286736,1.78487944243798,0,0,1,1,0,0,0,0,0,0,0,1,0,1,0,0,"C",1072,9267
-0.13099865303482,0.0662491640190279,-0.172950122458959,0,0,1,1,0,0,0,0,0,0,0,1,0,1,0,0,"C",1687,9268
-0.144608010233935,0.110169544864187,1.09711193167812,0,0,1,1,0,0,0,0,0,0,0,1,0,1,0,0,"C",2575,9269
-0.113244925643334,0.0570117140237183,1.00737712685062,0,0,1,1,0,0,0,0,0,0,0,1,0,1,0,0,"C",3006,9270
-0.125276481253761,0.0679561461225857,0.734161549642677,0,0,1,1,0,0,0,0,0,0,0,1,0,1,0,0,"C",3732,9271
-0.154394731696946,0.0894850320130334,0.885299115197919,0,0,1,1,0,0,0,0,0,0,0,1,0,1,0,0,"C",482,9272
-0.16393244317348,0.0866127494853796,1.16564082097446,0,0,1,1,0,0,0,0,0,0,0,1,0,1,0,0,"C",1341,9273
-0.160528391816507,0.102612270264763,1.19608024239415,0,0,1,1,0,0,0,0,0,0,0,1,0,1,0,0,"C",3204,9274
-0.118813242968515,0.0718203731110443,0.272315536368599,0,0,1,1,0,0,0,0,0,0,0,1,0,1,0,0,"C",1763,9275
-0.133539238480029,0.0655484085215556,1.51097282467165,0,0,1,1,0,0,0,0,0,0,0,1,0,1,0,0,"C",2318,9276
-0.131272125926195,0.0605384547613404,0.986500331303097,0,0,1,1,0,0,0,0,0,0,0,1,0,1,0,0,"C",1059,9277
-0.165651670249648,0.0896065582792603,0.221657707716547,0,0,1,1,0,0,0,0,0,0,0,1,0,1,0,0,"C",1290,9278
-0.16824640864721,0.101001852744054,0.98714597520793,0,0,1,1,0,0,0,0,0,0,0,1,0,1,0,0,"C",3146,9279
-0.143628826881734,0.088411402880698,1.53438420577919,0,0,1,1,0,0,0,0,0,0,0,1,0,1,0,0,"C",1594,9280
-0.172157497558433,0.0938227084363203,0.439291090962433,0,0,1,1,0,0,0,0,0,0,0,1,0,1,0,0,"C",2727,9281
-0.142533103095783,0.0671185140478615,0.935055466718477,0,0,1,1,0,0,0,0,0,0,0,1,0,1,0,0,"C",2960,9282
-0.114347876665243,0.0364986841088261,-0.147329964909657,0,0,1,1,0,0,0,0,0,0,0,1,0,1,0,0,"C",3738,9283
-0.151180018273389,0.0946337376158274,0.942561135632415,0,0,1,1,0,0,0,0,0,0,0,1,0,1,0,0,"C",1567,9284
-0.119831231721958,0.0967233385310909,0.903669686782492,0,0,1,1,0,0,0,0,0,0,0,1,0,1,0,0,"C",1930,9285
-0.132867638849733,0.0844087754481424,0.954754375931649,0,0,1,1,0,0,0,0,0,0,0,1,0,1,0,0,"C",3714,9286
-0.168805663077837,0.0998456824729196,1.83738762142729,0,0,1,1,0,0,0,0,0,0,0,1,0,1,0,0,"C",435,9287
-0.157923350122173,0.0852961865635518,0.744332290434717,0,0,1,1,0,0,0,0,0,0,0,1,0,1,0,0,"C",1461,9288
-0.144043370024424,0.0807641188933712,1.2715902136743,0,0,1,1,0,0,0,0,0,0,0,1,0,1,0,0,"C",2661,9289
-0.135757722811449,0.0770406520022173,1.23027937126717,0,0,1,1,0,0,0,0,0,0,0,1,0,1,0,0,"C",1967,9290
-0.151121631786194,0.0777201147117605,1.00154914127753,0,0,1,1,0,0,0,0,0,0,0,1,0,1,0,0,"C",2087,9291
-0.110393288821914,0.037687578832414,0.384166688334786,0,0,1,1,0,0,0,0,0,0,0,1,0,1,0,0,"C",2137,9292
-0.148427929771538,0.0778766485693839,0.827412669526992,0,0,1,1,0,0,0,0,0,0,0,1,0,1,0,0,"C",2578,9293
-0.103029140680468,0.0696007720047543,0.360810574063167,0,0,1,1,0,0,0,0,0,0,0,1,0,1,0,0,"C",899,9294
-0.157536008885801,0.0998607887773284,1.4977872279741,0,0,1,1,0,0,0,0,0,0,0,1,0,1,0,0,"C",3030,9295
-0.14376968638208,0.083096749761406,0.973877423183559,0,0,1,1,0,0,0,0,0,0,0,1,0,1,0,0,"C",2602,9296
-0.147207723954406,0.077696387810641,1.240466334665,0,0,1,1,0,0,0,0,0,0,0,1,0,1,0,0,"C",394,9297
-0.157933255976496,0.0958336774133619,0.652726852942385,0,0,1,1,0,0,0,0,0,0,0,1,0,1,0,0,"C",3326,9298
-0.222252635923064,0.133235710345494,1.12298165024519,0,0,1,1,0,0,0,0,0,0,0,1,0,1,0,0,"C",2240,9299
-0.0859798164227051,0.0480438435674036,1.17037768902423,0,0,1,1,0,0,0,0,0,0,0,1,0,1,0,0,"D",491,9300
-0.0962868718197013,0.0608557609471929,2.14152173361673,0,0,1,1,0,0,0,0,0,0,0,1,0,1,0,0,"D",3721,9301
-0.082883676486723,0.0518686609307879,0.381742399398999,0,0,1,1,0,0,0,0,0,0,0,1,0,1,0,0,"D",3402,9302
-0.081470334260137,0.067370647047666,1.24647718394344,0,0,1,1,0,0,0,0,0,0,0,1,0,1,0,0,"D",368,9303
-0.0773355519278328,0.0315510413697706,0.59537202941973,0,0,1,1,0,0,0,0,0,0,0,1,0,1,0,0,"D",1484,9304
-0.0916876675854298,0.0673520941906249,0.994024465025374,0,0,1,1,0,0,0,0,0,0,0,1,0,1,0,0,"D",2487,9305
-0.0956474357485147,0.0519871471879674,0.349638975608519,0,0,1,1,0,0,0,0,0,0,0,1,0,1,0,0,"D",1608,9306
-0.106804955762492,0.0349092837367413,0.0706749451367641,0,0,1,1,0,0,0,0,0,0,0,1,0,1,0,0,"D",1462,9307
-0.0871302103595619,0.0795454638419958,1.89576618184768,0,0,1,1,0,0,0,0,0,0,0,1,0,1,0,0,"D",3495,9308
-0.0894702115034845,0.0680137020599036,1.34570804733263,0,0,1,1,0,0,0,0,0,0,0,1,0,1,0,0,"D",3583,9309
-0.0938479637488527,0.061807953368814,0.466522726750767,0,0,1,1,0,0,0,0,0,0,0,1,0,1,0,0,"D",1747,9310
-0.0742489341348377,0.0671958354595886,1.0366779479808,0,0,1,1,0,0,0,0,0,0,0,1,0,1,0,0,"D",344,9311
-0.0916462513484217,0.0376734144110256,0.257775268494098,0,0,1,1,0,0,0,0,0,0,0,1,0,1,0,0,"D",3343,9312
-0.0992068864650668,0.0500247092480177,0.118085403671578,0,0,1,1,0,0,0,0,0,0,0,1,0,1,0,0,"D",2191,9313
-0.092927513748823,0.0475899476755252,0.885941696703848,0,0,1,1,0,0,0,0,0,0,0,1,0,1,0,0,"D",2986,9314
-0.0549605582651094,0.0325453998207873,0.459784584837086,0,0,1,1,0,0,0,0,0,0,0,1,0,1,0,0,"D",3527,9315
-0.111923814066931,0.0703157357867174,0.291502773180164,0,0,1,1,0,0,0,0,0,0,0,1,0,1,0,0,"D",3748,9316
-0.0979137254592764,0.0586881253078582,0.859873068806501,0,0,1,1,0,0,0,0,0,0,0,1,0,1,0,0,"D",930,9317
-0.0860680493078395,0.0354433879210413,0.574628843681395,0,0,1,1,0,0,0,0,0,0,0,1,0,1,0,0,"D",1560,9318
-0.124549405516119,0.0632064311125156,1.25517945196209,0,0,1,1,0,0,0,0,0,0,0,1,0,1,0,0,"D",1549,9319
-0.0569109118190795,0.0299311705441629,1.04118595676611,0,0,1,1,0,0,0,0,0,0,0,1,0,1,0,0,"D",3423,9320
-0.0664695574194754,0.0366141720215948,1.02379623949784,0,0,1,1,0,0,0,0,0,0,0,1,0,1,0,0,"D",3464,9321
-0.0983181459458676,0.0480519249946172,0.808266102119954,0,0,1,1,0,0,0,0,0,0,0,1,0,1,0,0,"D",1646,9322
-0.0840597003940167,0.0543215045535521,0.845880914020971,0,0,1,1,0,0,0,0,0,0,0,1,0,1,0,0,"D",2823,9323
-0.119436210187743,0.0678558467776517,1.73827293105087,0,0,1,1,0,0,0,0,0,0,0,1,0,1,0,0,"D",2022,9324
-0.0390705401099476,0.0189092611895171,1.34559727139813,0,0,1,1,0,0,0,0,0,0,0,1,0,1,0,0,"D",1255,9325
-0.0945540607621132,0.0552271927611152,-0.101452335753921,0,0,1,1,0,0,0,0,0,0,0,1,0,1,0,0,"D",1691,9326
-0.0881534012319823,0.0372042426944551,-0.365524642799902,0,0,1,1,0,0,0,0,0,0,0,1,0,1,0,0,"D",3414,9327
-0.0645347353033262,0.0421059864685459,0.724995947673248,0,0,1,1,0,0,0,0,0,0,0,1,0,1,0,0,"D",1362,9328
-0.0663684696785444,0.0396538716288911,0.0412573961054943,0,0,1,1,0,0,0,0,0,0,0,1,0,1,0,0,"D",2845,9329
-0.0839632539627975,0.0207592831570118,1.25400647331492,0,0,1,1,0,0,0,0,0,0,0,1,0,1,0,0,"D",2333,9330
-0.0952561525153409,0.0409428218113738,0.0648028234477137,0,0,1,1,0,0,0,0,0,0,0,1,0,1,0,0,"D",2005,9331
-0.0795628504797799,0.0245611578220343,-0.112208194004669,0,0,1,1,0,0,0,0,0,0,0,1,0,1,0,0,"D",2937,9332
-0.12228779119887,0.092208395181883,0.73019354832398,0,0,1,1,0,0,0,0,0,0,0,1,0,1,0,0,"D",1628,9333
-0.109931815033796,0.0760678135775342,0.656164434786448,0,0,1,1,0,0,0,0,0,0,0,1,0,1,0,0,"D",3122,9334
-0.0879120083617728,0.0480263984383286,0.421082893039199,0,0,1,1,0,0,0,0,0,0,0,1,0,1,0,0,"D",666,9335
-0.0736221246607118,0.0204094656245728,-0.0654006710216382,0,0,1,1,0,0,0,0,0,0,0,1,0,1,0,0,"D",1125,9336
-0.0712283060139865,0.067379090061661,1.01707517306747,0,0,1,1,0,0,0,0,0,0,0,1,0,1,0,0,"D",33,9337
-0.102484716327319,0.0751044279054339,0.863037108910012,0,0,1,1,0,0,0,0,0,0,0,1,0,1,0,0,"D",1671,9338
-0.0687297769999311,0.0424165536588617,1.64024798133485,0,0,1,1,0,0,0,0,0,0,0,1,0,1,0,0,"D",2714,9339
-0.105007633936294,0.0833092699915875,0.786219864730407,0,0,1,1,0,0,0,0,0,0,0,1,0,1,0,0,"D",946,9340
-0.11774814817389,0.0761837823488657,0.920490250405562,0,0,1,1,0,0,0,0,0,0,0,1,0,1,0,0,"D",2718,9341
-0.0858496268595213,0.0628468108557705,1.30948782837487,0,0,1,1,0,0,0,0,0,0,0,1,0,1,0,0,"D",2372,9342
-0.108150797841834,0.0559994303660346,0.431285562370837,0,0,1,1,0,0,0,0,0,0,0,1,0,1,0,0,"D",1117,9343
-0.0736402041232922,0.0336000585572711,0.53923612836843,0,0,1,1,0,0,0,0,0,0,0,1,0,1,0,0,"D",3186,9344
-0.0823750811819233,0.0364650833152338,0.939156735401664,0,0,1,1,0,0,0,0,0,0,0,1,0,1,0,0,"D",2648,9345
-0.124786326437028,0.0818615484878963,2.03594826389808,0,0,1,1,0,0,0,0,0,0,0,1,0,1,0,0,"D",3379,9346
-0.109613936574366,0.0738231086315732,0.435730607934349,0,0,1,1,0,0,0,0,0,0,0,1,0,1,0,0,"D",2742,9347
-0.0644596981091522,0.00765988498596974,0.72951360383022,0,0,1,1,0,0,0,0,0,0,0,1,0,1,0,0,"D",2336,9348
-0.127442776677894,0.0792528395244726,0.840097630853424,0,0,1,1,0,0,0,0,0,0,0,1,0,1,0,0,"D",267,9349
-0.086262602152674,0.0599028926397331,0.120740777829476,0,0,1,1,0,0,0,0,0,0,0,1,0,1,0,0,"D",1359,9350
-0.0815833233514073,0.0369606259190916,0.279714569707265,0,0,1,1,0,0,0,0,0,0,0,1,0,1,0,0,"D",1441,9351
-0.0657237133884232,0.0495873751932101,1.64399724292613,0,0,1,1,0,0,0,0,0,0,0,1,0,1,0,0,"D",1962,9352
-0.110243201312416,0.0677025391104739,0.0898130018984306,0,0,1,1,0,0,0,0,0,0,0,1,0,1,0,0,"D",3717,9353
-0.113962229844882,0.0681967533478223,0.403097886954974,0,0,1,1,0,0,0,0,0,0,0,1,0,1,0,0,"D",347,9354
-0.128096454745498,0.0894230899926704,1.14390367636494,0,0,1,1,0,0,0,0,0,0,0,1,0,1,0,0,"D",2090,9355
-0.105913678823625,0.0755910280535492,1.81611132373969,0,0,1,1,0,0,0,0,0,0,0,1,0,1,0,0,"D",3406,9356
-0.104043527212709,0.0624206858050353,0.477287980383731,0,0,1,1,0,0,0,0,0,0,0,1,0,1,0,0,"D",2061,9357
-0.0773884362500598,0.0600732359226539,1.33556561495462,0,0,1,1,0,0,0,0,0,0,0,1,0,1,0,0,"D",3699,9358
-0.0830801370823671,0.0836397920970583,1.19140866374687,0,0,1,1,0,0,0,0,0,0,0,1,0,1,0,0,"D",1385,9359
-0.0869265499960594,0.0321189051507685,0.660626593828328,0,0,1,1,0,0,0,0,0,0,0,1,0,1,0,0,"D",729,9360
-0.111954682842087,0.0883254824088561,1.97682582419544,0,0,1,1,0,0,0,0,0,0,0,1,0,1,0,0,"D",712,9361
-0.0879220038404031,0.0563511314370962,0.853286411071369,0,0,1,1,0,0,0,0,0,0,0,1,0,1,0,0,"D",656,9362
-0.113644724534966,0.0680315068120385,1.92840914362106,0,0,1,1,0,0,0,0,0,0,0,1,0,1,0,0,"D",1397,9363
-0.0766184735947141,0.0753769365970822,-0.591324458738983,0,0,1,1,0,0,0,0,0,0,0,1,0,1,0,0,"D",2074,9364
-0.0569882320957681,0.0488678217283883,1.32181099029146,0,0,1,1,0,0,0,0,0,0,0,1,0,1,0,0,"D",857,9365
-0.0889072970028216,0.0519028143618093,0.966612628742134,0,0,1,1,0,0,0,0,0,0,0,1,0,1,0,0,"D",2257,9366
-0.0710251470952751,0.0512921380655857,0.670902517241623,0,0,1,1,0,0,0,0,0,0,0,1,0,1,0,0,"D",1072,9367
-0.0960841092048337,0.0597701307086765,0.835847779402593,0,0,1,1,0,0,0,0,0,0,0,1,0,1,0,0,"D",1687,9368
-0.0766626947089507,0.0321928755742266,0.275677856597013,0,0,1,1,0,0,0,0,0,0,0,1,0,1,0,0,"D",2575,9369
-0.0815926585157453,0.0522628647366469,1.01732925789339,0,0,1,1,0,0,0,0,0,0,0,1,0,1,0,0,"D",3006,9370
-0.133532638048257,0.0835899149209393,0.887840918243147,0,0,1,1,0,0,0,0,0,0,0,1,0,1,0,0,"D",3732,9371
-0.0778229067677757,0.0362168352565936,1.57574382806141,0,0,1,1,0,0,0,0,0,0,0,1,0,1,0,0,"D",482,9372
-0.0969276139539652,0.073983124152271,0.694919060932748,0,0,1,1,0,0,0,0,0,0,0,1,0,1,0,0,"D",1341,9373
-0.0959275181915531,0.0552111406598724,-0.365751940847158,0,0,1,1,0,0,0,0,0,0,0,1,0,1,0,0,"D",3204,9374
-0.0875091639197217,0.0495188985392186,0.0101109783385202,0,0,1,1,0,0,0,0,0,0,0,1,0,1,0,0,"D",1763,9375
-0.0719943529904109,0.030055422251088,0.741923010390408,0,0,1,1,0,0,0,0,0,0,0,1,0,1,0,0,"D",2318,9376
-0.121168654810818,0.104639759871507,0.877449462178069,0,0,1,1,0,0,0,0,0,0,0,1,0,1,0,0,"D",1059,9377
-0.0743527024807984,0.0412259267063621,-0.0899279078086501,0,0,1,1,0,0,0,0,0,0,0,1,0,1,0,0,"D",1290,9378
-0.124860951051763,0.0601185713095899,0.622782467542308,0,0,1,1,0,0,0,0,0,0,0,1,0,1,0,0,"D",3146,9379
-0.0676326641743872,0.034534449395811,0.229544940361206,0,0,1,1,0,0,0,0,0,0,0,1,0,1,0,0,"D",1594,9380
-0.0763052755670496,0.0366444095601298,-0.0139877885675981,0,0,1,1,0,0,0,0,0,0,0,1,0,1,0,0,"D",2727,9381
-0.126272592706988,0.0938679767545731,0.736440523651485,0,0,1,1,0,0,0,0,0,0,0,1,0,1,0,0,"D",2960,9382
-0.0972996263672336,0.0730387869737311,1.26286485238586,0,0,1,1,0,0,0,0,0,0,0,1,0,1,0,0,"D",3738,9383
-0.0721948152230027,0.0539826114108029,0.353315044189078,0,0,1,1,0,0,0,0,0,0,0,1,0,1,0,0,"D",1567,9384
-0.0606002105726227,0.0322466417250374,0.164860262756982,0,0,1,1,0,0,0,0,0,0,0,1,0,1,0,0,"D",1930,9385
-0.0785199292496224,0.0203688129522507,0.511572626623085,0,0,1,1,0,0,0,0,0,0,0,1,0,1,0,0,"D",3714,9386
-0.0858733791180668,0.052004264154908,0.612061424555242,0,0,1,1,0,0,0,0,0,0,0,1,0,1,0,0,"D",435,9387
-0.122070454147655,0.0584194746294967,0.756052386722402,0,0,1,1,0,0,0,0,0,0,0,1,0,1,0,0,"D",1461,9388
-0.0891423115753695,0.0225925558635108,0.661483891924884,0,0,1,1,0,0,0,0,0,0,0,1,0,1,0,0,"D",2661,9389
-0.0972336037045618,0.0539392093462338,1.41014618293973,0,0,1,1,0,0,0,0,0,0,0,1,0,1,0,0,"D",1967,9390
-0.0765748744448102,0.0468016146176895,1.27203709037537,0,0,1,1,0,0,0,0,0,0,0,1,0,1,0,0,"D",2087,9391
-0.0658333311479186,0.0296496412940243,1.15789853920457,0,0,1,1,0,0,0,0,0,0,0,1,0,1,0,0,"D",2137,9392
-0.0755201224452342,0.0594715126684524,1.03626571848405,0,0,1,1,0,0,0,0,0,0,0,1,0,1,0,0,"D",2578,9393
-0.0726079932424717,0.0566136975752442,1.05816064953207,0,0,1,1,0,0,0,0,0,0,0,1,0,1,0,0,"D",899,9394
-0.10380404195438,0.0795276038107867,1.06317811642246,0,0,1,1,0,0,0,0,0,0,0,1,0,1,0,0,"D",3030,9395
-0.101896508435518,0.0758513577505812,1.1126091352499,0,0,1,1,0,0,0,0,0,0,0,1,0,1,0,0,"D",2602,9396
-0.0774673469293949,0.0469448354182577,0.0596780800939983,0,0,1,1,0,0,0,0,0,0,0,1,0,1,0,0,"D",394,9397
-0.0894676698545498,0.0703120489072767,0.549735521358109,0,0,1,1,0,0,0,0,0,0,0,1,0,1,0,0,"D",3326,9398
-0.108426377962602,0.0385469650094329,1.26234106550879,0,0,1,1,0,0,0,0,0,0,0,1,0,1,0,0,"D",2240,9399
-0.126339856317414,0.10364629235,-0.33575906544578,0,0,1,1,0,0,0,0,0,0,0,1,0,0,1,0,"C",491,9400
-0.161857972527442,0.148239542332686,-2.09807100387384,0,0,1,1,0,0,0,0,0,0,0,1,0,0,1,0,"C",3721,9401
-0.112302778183199,0.105231525514174,-1.1726023622809,0,0,1,1,0,0,0,0,0,0,0,1,0,0,1,0,"C",3402,9402
-0.119656250779595,0.0845660917007046,-0.860937008481978,0,0,1,1,0,0,0,0,0,0,0,1,0,0,1,0,"C",368,9403
-0.122016391239302,0.0870206403218887,-0.987731000537788,0,0,1,1,0,0,0,0,0,0,0,1,0,0,1,0,"C",1484,9404
-0.102713601338645,0.0590285709096569,-0.425199291928468,0,0,1,1,0,0,0,0,0,0,0,1,0,0,1,0,"C",2487,9405
-0.104502409213056,0.0867131438085903,-0.311566689915497,0,0,1,1,0,0,0,0,0,0,0,1,0,0,1,0,"C",1608,9406
-0.0519788499364124,0.057585934501833,-0.455168058626852,0,0,1,1,0,0,0,0,0,0,0,1,0,0,1,0,"C",1462,9407
-0.13380569782289,0.0988263045464802,-1.54339955303755,0,0,1,1,0,0,0,0,0,0,0,1,0,0,1,0,"C",3495,9408
-0.0884002448513478,0.0930507839966526,-1.63729714525454,0,0,1,1,0,0,0,0,0,0,0,1,0,0,1,0,"C",3583,9409
-0.19025733533007,0.173945679163518,-0.787650580773543,0,0,1,1,0,0,0,0,0,0,0,1,0,0,1,0,"C",1747,9410
-0.154386534151081,0.107322302936652,-0.65514042328671,0,0,1,1,0,0,0,0,0,0,0,1,0,0,1,0,"C",344,9411
-0.142889898546005,0.116406567493919,-1.28406349757427,0,0,1,1,0,0,0,0,0,0,0,1,0,0,1,0,"C",3343,9412
-0.126127832745113,0.100266945341989,-0.800915962555384,0,0,1,1,0,0,0,0,0,0,0,1,0,0,1,0,"C",2191,9413
-0.146428400983338,0.123686073982107,-1.45321186577934,0,0,1,1,0,0,0,0,0,0,0,1,0,0,1,0,"C",2986,9414
-0.0830590708697514,0.0725859454432293,-0.567113688806312,0,0,1,1,0,0,0,0,0,0,0,1,0,0,1,0,"C",3527,9415
-0.0791799288807841,0.0700162535834394,-0.500572304542957,0,0,1,1,0,0,0,0,0,0,0,1,0,0,1,0,"C",3748,9416
-0.0980345373493341,0.0871239391381493,-0.886482514254335,0,0,1,1,0,0,0,0,0,0,0,1,0,0,1,0,"C",930,9417
-0.123465835446525,0.102811638622989,-1.17409874605214,0,0,1,1,0,0,0,0,0,0,0,1,0,0,1,0,"C",1560,9418
-0.0939493703236159,0.0571447773011821,-1.04213585249158,0,0,1,1,0,0,0,0,0,0,0,1,0,0,1,0,"C",1549,9419
-0.114017552652653,0.091646315861933,-0.585931032842211,0,0,1,1,0,0,0,0,0,0,0,1,0,0,1,0,"C",3423,9420
-0.112592555341961,0.0738350182874677,-1.02453596676506,0,0,1,1,0,0,0,0,0,0,0,1,0,0,1,0,"C",3464,9421
-0.0995108415144563,0.0648475394621286,-0.0588682220645549,0,0,1,1,0,0,0,0,0,0,0,1,0,0,1,0,"C",1646,9422
-0.0902098922823673,0.0854514345708044,-1.81335744257395,0,0,1,1,0,0,0,0,0,0,0,1,0,0,1,0,"C",2823,9423
-0.164209584572363,0.148211500096974,-0.984030558708848,0,0,1,1,0,0,0,0,0,0,0,1,0,0,1,0,"C",2022,9424
-0.147144076527469,0.12033207239454,-0.68722306286543,0,0,1,1,0,0,0,0,0,0,0,1,0,0,1,0,"C",1255,9425
-0.133808622467071,0.123670096498326,-0.422257412992181,0,0,1,1,0,0,0,0,0,0,0,1,0,0,1,0,"C",1691,9426
-0.105324235788713,0.0868905798056891,0.197948923521665,0,0,1,1,0,0,0,0,0,0,0,1,0,0,1,0,"C",3414,9427
-0.116373386992126,0.094839098586851,-0.409223675605023,0,0,1,1,0,0,0,0,0,0,0,1,0,0,1,0,"C",1362,9428
-0.0995331032415089,0.0553353419995326,-0.445224523447269,0,0,1,1,0,0,0,0,0,0,0,1,0,0,1,0,"C",2845,9429
-0.0897848433520594,0.083573933623192,-0.514627182546305,0,0,1,1,0,0,0,0,0,0,0,1,0,0,1,0,"C",2333,9430
-0.118056951953313,0.0848073732343061,-0.566810504750313,0,0,1,1,0,0,0,0,0,0,0,1,0,0,1,0,"C",2005,9431
-0.156916246432246,0.13178438090092,-1.2771388808641,0,0,1,1,0,0,0,0,0,0,0,1,0,0,1,0,"C",2937,9432
-0.112042095853007,0.104406617828546,-1.16209682227579,0,0,1,1,0,0,0,0,0,0,0,1,0,0,1,0,"C",1628,9433
-0.126012282382076,0.0956378599028673,-0.935987082321796,0,0,1,1,0,0,0,0,0,0,0,1,0,0,1,0,"C",3122,9434
-0.118193218176454,0.113405620516697,-1.02796406265133,0,0,1,1,0,0,0,0,0,0,0,1,0,0,1,0,"C",666,9435
-0.048812311826359,0.0264433421219145,0.686946112910011,0,0,1,1,0,0,0,0,0,0,0,1,0,0,1,0,"C",1125,9436
-0.0713784992123793,0.068999895051827,-0.662306479866407,0,0,1,1,0,0,0,0,0,0,0,1,0,0,1,0,"C",33,9437
-0.126924632884044,0.101767298565448,-0.489937253769905,0,0,1,1,0,0,0,0,0,0,0,1,0,0,1,0,"C",1671,9438
-0.133266629190979,0.117647685564417,-1.93410776597036,0,0,1,1,0,0,0,0,0,0,0,1,0,0,1,0,"C",2714,9439
-0.106799131712938,0.0574690960194149,-1.06065131580806,0,0,1,1,0,0,0,0,0,0,0,1,0,0,1,0,"C",946,9440
-0.0695411225305943,0.0437771552929585,-0.00761646363616388,0,0,1,1,0,0,0,0,0,0,0,1,0,0,1,0,"C",2718,9441
-0.132765312727398,0.119954229606843,-1.44375922544332,0,0,1,1,0,0,0,0,0,0,0,1,0,0,1,0,"C",2372,9442
-0.131568312765946,0.10516147794606,-0.687347381970208,0,0,1,1,0,0,0,0,0,0,0,1,0,0,1,0,"C",1117,9443
-0.112597374755161,0.107048012568538,-2.16361891559284,0,0,1,1,0,0,0,0,0,0,0,1,0,0,1,0,"C",3186,9444
-0.0741838341524916,0.059560877498036,-0.69906227287881,0,0,1,1,0,0,0,0,0,0,0,1,0,0,1,0,"C",2648,9445
-0.117568795832344,0.0727103377853576,-1.83370545999056,0,0,1,1,0,0,0,0,0,0,0,1,0,0,1,0,"C",3379,9446
-0.108963981640957,0.0795540825004367,-0.716259879238889,0,0,1,1,0,0,0,0,0,0,0,1,0,0,1,0,"C",2742,9447
-0.158111563406216,0.104261278687482,-1.5524516246437,0,0,1,1,0,0,0,0,0,0,0,1,0,0,1,0,"C",2336,9448
-0.114219656070703,0.0881773198199757,-1.09782039723094,0,0,1,1,0,0,0,0,0,0,0,1,0,0,1,0,"C",267,9449
-0.104467266635006,0.089602737960822,-0.543998981798329,0,0,1,1,0,0,0,0,0,0,0,1,0,0,1,0,"C",1359,9450
-0.180022057789896,0.146864021244836,-0.884687801333163,0,0,1,1,0,0,0,0,0,0,0,1,0,0,1,0,"C",1441,9451
-0.0602025670753981,0.0516889575606696,-0.370164466978932,0,0,1,1,0,0,0,0,0,0,0,1,0,0,1,0,"C",1962,9452
-0.118880770198949,0.0985657476609566,-0.711072661142798,0,0,1,1,0,0,0,0,0,0,0,1,0,0,1,0,"C",3717,9453
-0.069498170520494,0.0664801049773657,-0.533200556509134,0,0,1,1,0,0,0,0,0,0,0,1,0,0,1,0,"C",347,9454
-0.115625698408939,0.0708145289830224,-0.529923301369963,0,0,1,1,0,0,0,0,0,0,0,1,0,0,1,0,"C",2090,9455
-0.111595069387035,0.102344347270349,-0.84800152446731,0,0,1,1,0,0,0,0,0,0,0,1,0,0,1,0,"C",3406,9456
-0.123044371049656,0.0934290652942372,-0.453422203431654,0,0,1,1,0,0,0,0,0,0,0,1,0,0,1,0,"C",2061,9457
-0.098185543574348,0.107910013214089,-0.965867612135771,0,0,1,1,0,0,0,0,0,0,0,1,0,0,1,0,"C",3699,9458
-0.107763241875523,0.0817069221017665,-0.941396271536142,0,0,1,1,0,0,0,0,0,0,0,1,0,0,1,0,"C",1385,9459
-0.0574940034394184,0.0462265055297563,-0.0328143133704249,0,0,1,1,0,0,0,0,0,0,0,1,0,0,1,0,"C",729,9460
-0.137118808530968,0.104218374836498,-0.795625642515065,0,0,1,1,0,0,0,0,0,0,0,1,0,0,1,0,"C",712,9461
-0.0975858669824052,0.0582119079722879,-0.267341230755419,0,0,1,1,0,0,0,0,0,0,0,1,0,0,1,0,"C",656,9462
-0.143652123606971,0.110377064255349,-1.0069409197908,0,0,1,1,0,0,0,0,0,0,0,1,0,0,1,0,"C",1397,9463
-0.122544434011121,0.0675089436111445,-0.395629715000324,0,0,1,1,0,0,0,0,0,0,0,1,0,0,1,0,"C",2074,9464
-0.142911545262725,0.102837605257779,-1.33146863096036,0,0,1,1,0,0,0,0,0,0,0,1,0,0,1,0,"C",857,9465
-0.100537074737879,0.0911425194343596,-1.74458541537642,0,0,1,1,0,0,0,0,0,0,0,1,0,0,1,0,"C",2257,9466
-0.121940292824127,0.0879084515164452,-1.56961945492217,0,0,1,1,0,0,0,0,0,0,0,1,0,0,1,0,"C",1072,9467
-0.110931965356465,0.0898675378673772,-1.00433280059946,0,0,1,1,0,0,0,0,0,0,0,1,0,0,1,0,"C",1687,9468
-0.134118563620479,0.110216174404285,-1.12969044094524,0,0,1,1,0,0,0,0,0,0,0,1,0,0,1,0,"C",2575,9469
-0.135511405330229,0.11472599896165,-1.62494323103288,0,0,1,1,0,0,0,0,0,0,0,1,0,0,1,0,"C",3006,9470
-0.13105853359407,0.0977121532954205,-1.06080871900215,0,0,1,1,0,0,0,0,0,0,0,1,0,0,1,0,"C",3732,9471
-0.175912351669314,0.158911054884012,-2.20433749049139,0,0,1,1,0,0,0,0,0,0,0,1,0,0,1,0,"C",482,9472
-0.0981193668190135,0.0711589588224442,-0.343241996233636,0,0,1,1,0,0,0,0,0,0,0,1,0,0,1,0,"C",1341,9473
-0.124765630457966,0.0975537024756123,-1.39212668718556,0,0,1,1,0,0,0,0,0,0,0,1,0,0,1,0,"C",3204,9474
-0.0918601747418696,0.0857925932776535,-0.512726088639186,0,0,1,1,0,0,0,0,0,0,0,1,0,0,1,0,"C",1763,9475
-0.14019032807349,0.101595562431518,-0.59195627424074,0,0,1,1,0,0,0,0,0,0,0,1,0,0,1,0,"C",2318,9476
-0.134424303411763,0.0759693393394411,-1.24134387762636,0,0,1,1,0,0,0,0,0,0,0,1,0,0,1,0,"C",1059,9477
-0.135163021218406,0.100391390187698,-0.38901999596979,0,0,1,1,0,0,0,0,0,0,0,1,0,0,1,0,"C",1290,9478
-0.0958481688941331,0.0709994933474821,0.0128760054961922,0,0,1,1,0,0,0,0,0,0,0,1,0,0,1,0,"C",3146,9479
-0.0974758913601831,0.0578378838943183,-0.623117090411717,0,0,1,1,0,0,0,0,0,0,0,1,0,0,1,0,"C",1594,9480
-0.103792276619653,0.0733374619422712,-0.729861927908336,0,0,1,1,0,0,0,0,0,0,0,1,0,0,1,0,"C",2727,9481
-0.122998586956698,0.0784504769263672,-1.11207792662048,0,0,1,1,0,0,0,0,0,0,0,1,0,0,1,0,"C",2960,9482
-0.109091797868526,0.0992963446502863,-0.7063934543466,0,0,1,1,0,0,0,0,0,0,0,1,0,0,1,0,"C",3738,9483
-0.174897454327484,0.149846640371329,-2.13397342684957,0,0,1,1,0,0,0,0,0,0,0,1,0,0,1,0,"C",1567,9484
-0.102159333075806,0.0820113862651072,-1.17165640803322,0,0,1,1,0,0,0,0,0,0,0,1,0,0,1,0,"C",1930,9485
-0.131727116076475,0.116523926894959,-1.06582117415942,0,0,1,1,0,0,0,0,0,0,0,1,0,0,1,0,"C",3714,9486
-0.132499974101026,0.11656647206982,-0.779893587349354,0,0,1,1,0,0,0,0,0,0,0,1,0,0,1,0,"C",435,9487
-0.103727712415002,0.0621099105539087,-0.145961603394055,0,0,1,1,0,0,0,0,0,0,0,1,0,0,1,0,"C",1461,9488
-0.150793201776253,0.119115687813377,-1.60764483042935,0,0,1,1,0,0,0,0,0,0,0,1,0,0,1,0,"C",2661,9489
-0.103473396650013,0.086019329102672,-1.00885681389256,0,0,1,1,0,0,0,0,0,0,0,1,0,0,1,0,"C",1967,9490
-0.131815094961382,0.0883195933937733,-0.427700382582427,0,0,1,1,0,0,0,0,0,0,0,1,0,0,1,0,"C",2087,9491
-0.110109495077988,0.0654009454945542,-0.567875762538405,0,0,1,1,0,0,0,0,0,0,0,1,0,0,1,0,"C",2137,9492
-0.0837018099562018,0.0676750704357579,-0.674633103250039,0,0,1,1,0,0,0,0,0,0,0,1,0,0,1,0,"C",2578,9493
-0.113337386950686,0.0850247295657061,0.0414037984558628,0,0,1,1,0,0,0,0,0,0,0,1,0,0,1,0,"C",899,9494
-0.122225987893606,0.0971571564170406,-1.23977392095663,0,0,1,1,0,0,0,0,0,0,0,1,0,0,1,0,"C",3030,9495
-0.118847266799449,0.10983322873686,-0.899595395043546,0,0,1,1,0,0,0,0,0,0,0,1,0,0,1,0,"C",2602,9496
-0.119974513583349,0.087962966379416,-1.03215224410424,0,0,1,1,0,0,0,0,0,0,0,1,0,0,1,0,"C",394,9497
-0.121554810843319,0.104330545253792,-1.05893142972954,0,0,1,1,0,0,0,0,0,0,0,1,0,0,1,0,"C",3326,9498
-0.136578813773044,0.116971835972811,-0.606905123945606,0,0,1,1,0,0,0,0,0,0,0,1,0,0,1,0,"C",2240,9499
-0.0674835124514023,0.059408533177208,1.41286217317932,0,0,1,1,0,0,0,0,0,0,0,1,0,0,1,0,"D",491,9500
-0.0549485742230994,0.0595675857310224,1.37841366036369,0,0,1,1,0,0,0,0,0,0,0,1,0,0,1,0,"D",3721,9501
-0.106823570776462,0.0971175898186896,1.123028006381,0,0,1,1,0,0,0,0,0,0,0,1,0,0,1,0,"D",3402,9502
-0.0992267646436906,0.093419888996304,0.961947090880896,0,0,1,1,0,0,0,0,0,0,0,1,0,0,1,0,"D",368,9503
-0.103834114517085,0.0893574560078335,0.986223598696943,0,0,1,1,0,0,0,0,0,0,0,1,0,0,1,0,"D",1484,9504
-0.058609883519788,0.0515182323004268,0.99923055282462,0,0,1,1,0,0,0,0,0,0,0,1,0,0,1,0,"D",2487,9505
-0.0641428011735376,0.0520902350000576,1.31129151393176,0,0,1,1,0,0,0,0,0,0,0,1,0,0,1,0,"D",1608,9506
-0.0800157339473522,0.0431922627937872,0.0881885156946496,0,0,1,1,0,0,0,0,0,0,0,1,0,0,1,0,"D",1462,9507
-0.0806314886969778,0.0620568237888605,0.650281272552762,0,0,1,1,0,0,0,0,0,0,0,1,0,0,1,0,"D",3495,9508
-0.0786805385860181,0.0560713664427133,0.985610369984986,0,0,1,1,0,0,0,0,0,0,0,1,0,0,1,0,"D",3583,9509
-0.085671347919055,0.0747361298328666,1.00132459948975,0,0,1,1,0,0,0,0,0,0,0,1,0,0,1,0,"D",1747,9510
-0.11313326257962,0.104531289317712,1.39663042528424,0,0,1,1,0,0,0,0,0,0,0,1,0,0,1,0,"D",344,9511
-0.0879889035651591,0.0763557416465234,1.10798651915697,0,0,1,1,0,0,0,0,0,0,0,1,0,0,1,0,"D",3343,9512
-0.110546632568046,0.089344356923421,0.819600631553329,0,0,1,1,0,0,0,0,0,0,0,1,0,0,1,0,"D",2191,9513
-0.108328180083658,0.0970548930477007,1.01579107459808,0,0,1,1,0,0,0,0,0,0,0,1,0,0,1,0,"D",2986,9514
-0.0669966808563459,0.0636600440739144,1.41516219417763,0,0,1,1,0,0,0,0,0,0,0,1,0,0,1,0,"D",3527,9515
-0.0866929399583791,0.0796677342595633,0.957215857045309,0,0,1,1,0,0,0,0,0,0,0,1,0,0,1,0,"D",3748,9516
-0.112369716007592,0.0917222671804162,0.523719305119027,0,0,1,1,0,0,0,0,0,0,0,1,0,0,1,0,"D",930,9517
-0.125235975518814,0.113469679711135,0.0851873900453035,0,0,1,1,0,0,0,0,0,0,0,1,0,0,1,0,"D",1560,9518
-0.0800073212260413,0.061665510073816,0.962862763539425,0,0,1,1,0,0,0,0,0,0,0,1,0,0,1,0,"D",1549,9519
-0.118493475220158,0.0890712333653649,0.793647741802515,0,0,1,1,0,0,0,0,0,0,0,1,0,0,1,0,"D",3423,9520
-0.0816856009565523,0.0729095540890504,-0.0826289981347374,0,0,1,1,0,0,0,0,0,0,0,1,0,0,1,0,"D",3464,9521
-0.0900707951685678,0.0707495124210303,1.10945157217463,0,0,1,1,0,0,0,0,0,0,0,1,0,0,1,0,"D",1646,9522
-0.103081344530603,0.103946875562894,-0.524584972757176,0,0,1,1,0,0,0,0,0,0,0,1,0,0,1,0,"D",2823,9523
-0.0922277210581895,0.0857067953809238,0.594084309468405,0,0,1,1,0,0,0,0,0,0,0,1,0,0,1,0,"D",2022,9524
-0.0544573704604292,0.03886131508365,1.63714086795766,0,0,1,1,0,0,0,0,0,0,0,1,0,0,1,0,"D",1255,9525
-0.105467333667831,0.0712938612373961,0.336368223133153,0,0,1,1,0,0,0,0,0,0,0,1,0,0,1,0,"D",1691,9526
-0.0890824506574497,0.0506912881793626,0.515750674140591,0,0,1,1,0,0,0,0,0,0,0,1,0,0,1,0,"D",3414,9527
-0.0992730022041293,0.0861172916209279,0.758980284039652,0,0,1,1,0,0,0,0,0,0,0,1,0,0,1,0,"D",1362,9528
-0.0839108993267248,0.0784095360464826,1.14210119772288,0,0,1,1,0,0,0,0,0,0,0,1,0,0,1,0,"D",2845,9529
-0.08142103582333,0.0350237692319213,0.537750984418015,0,0,1,1,0,0,0,0,0,0,0,1,0,0,1,0,"D",2333,9530
-0.109564920679744,0.082670102412103,0.404875143975482,0,0,1,1,0,0,0,0,0,0,0,1,0,0,1,0,"D",2005,9531
-0.0978538177744316,0.0771108971790094,0.899765071376372,0,0,1,1,0,0,0,0,0,0,0,1,0,0,1,0,"D",2937,9532
-0.0923041870946614,0.0814890570141915,0.993203579413747,0,0,1,1,0,0,0,0,0,0,0,1,0,0,1,0,"D",1628,9533
-0.0794472779091927,0.0818375829987117,0.2017816729656,0,0,1,1,0,0,0,0,0,0,0,1,0,0,1,0,"D",3122,9534
-0.14252234237106,0.117908543182212,-0.313467745530181,0,0,1,1,0,0,0,0,0,0,0,1,0,0,1,0,"D",666,9535
-0.108864021487412,0.0849588967531775,0.432376178814499,0,0,1,1,0,0,0,0,0,0,0,1,0,0,1,0,"D",1125,9536
-0.0785096311702844,0.081174231117716,0.833377183060952,0,0,1,1,0,0,0,0,0,0,0,1,0,0,1,0,"D",33,9537
-0.103948356604934,0.0868333746718622,0.382417056148682,0,0,1,1,0,0,0,0,0,0,0,1,0,0,1,0,"D",1671,9538
-0.0849650864380512,0.070784410306575,1.16339100891139,0,0,1,1,0,0,0,0,0,0,0,1,0,0,1,0,"D",2714,9539
-0.0844923633629491,0.082606223475101,0.821281878108021,0,0,1,1,0,0,0,0,0,0,0,1,0,0,1,0,"D",946,9540
-0.101612945084951,0.0841351207033215,1.16957712420734,0,0,1,1,0,0,0,0,0,0,0,1,0,0,1,0,"D",2718,9541
-0.07699631242821,0.074552737011516,1.1972289257102,0,0,1,1,0,0,0,0,0,0,0,1,0,0,1,0,"D",2372,9542
-0.0870959566831948,0.0638467409282765,1.2342188536642,0,0,1,1,0,0,0,0,0,0,0,1,0,0,1,0,"D",1117,9543
-0.0750030402638279,0.0594315877787927,1.18536509775178,0,0,1,1,0,0,0,0,0,0,0,1,0,0,1,0,"D",3186,9544
-0.0866995614604493,0.0779926956720368,1.19973764910585,0,0,1,1,0,0,0,0,0,0,0,1,0,0,1,0,"D",2648,9545
-0.0969882880082577,0.0681168990712243,0.681285921303993,0,0,1,1,0,0,0,0,0,0,0,1,0,0,1,0,"D",3379,9546
-0.0826064919859477,0.0708230434639758,1.46548277462834,0,0,1,1,0,0,0,0,0,0,0,1,0,0,1,0,"D",2742,9547
-0.100373816610855,0.0777130538062939,0.830822434447062,0,0,1,1,0,0,0,0,0,0,0,1,0,0,1,0,"D",2336,9548
-0.118445265732952,0.084292984625493,0.109109705796844,0,0,1,1,0,0,0,0,0,0,0,1,0,0,1,0,"D",267,9549
-0.138111271111177,0.132798144818757,-0.207826832075206,0,0,1,1,0,0,0,0,0,0,0,1,0,0,1,0,"D",1359,9550
-0.0658767711555039,0.0595428816862275,0.282435946969958,0,0,1,1,0,0,0,0,0,0,0,1,0,0,1,0,"D",1441,9551
-0.102283028375032,0.0996302461547702,1.10328969960684,0,0,1,1,0,0,0,0,0,0,0,1,0,0,1,0,"D",1962,9552
-0.106019242473809,0.0679452316593407,1.24620093922537,0,0,1,1,0,0,0,0,0,0,0,1,0,0,1,0,"D",3717,9553
-0.0915489728417666,0.0580067554594142,0.855886487296799,0,0,1,1,0,0,0,0,0,0,0,1,0,0,1,0,"D",347,9554
-0.12457509197878,0.108776926708619,0.830089898487645,0,0,1,1,0,0,0,0,0,0,0,1,0,0,1,0,"D",2090,9555
-0.0811303923144028,0.0824736349930437,0.620776914787304,0,0,1,1,0,0,0,0,0,0,0,1,0,0,1,0,"D",3406,9556
-0.133973479012651,0.118203130864609,-0.0998664316424942,0,0,1,1,0,0,0,0,0,0,0,1,0,0,1,0,"D",2061,9557
-0.107594264503586,0.11034489982956,1.346376421116,0,0,1,1,0,0,0,0,0,0,0,1,0,0,1,0,"D",3699,9558
-0.0846699758727888,0.0842397912192321,1.38262748739957,0,0,1,1,0,0,0,0,0,0,0,1,0,0,1,0,"D",1385,9559
-0.118302308352491,0.0753501766242113,-0.242647160056172,0,0,1,1,0,0,0,0,0,0,0,1,0,0,1,0,"D",729,9560
-0.0932650399080673,0.0692601246296707,1.23662194823173,0,0,1,1,0,0,0,0,0,0,0,1,0,0,1,0,"D",712,9561
-0.0692988755821279,0.077472985625556,1.69741559873606,0,0,1,1,0,0,0,0,0,0,0,1,0,0,1,0,"D",656,9562
-0.0772445377654517,0.0669743665500413,1.23657529162705,0,0,1,1,0,0,0,0,0,0,0,1,0,0,1,0,"D",1397,9563
-0.0855752231358662,0.0965637471147685,1.24454800116417,0,0,1,1,0,0,0,0,0,0,0,1,0,0,1,0,"D",2074,9564
-0.0874780534667749,0.0895515797520778,1.00673545448704,0,0,1,1,0,0,0,0,0,0,0,1,0,0,1,0,"D",857,9565
-0.0834408776330855,0.0580324953121599,0.0164379117126186,0,0,1,1,0,0,0,0,0,0,0,1,0,0,1,0,"D",2257,9566
-0.0778377821625381,0.0673392841870887,0.78360931133069,0,0,1,1,0,0,0,0,0,0,0,1,0,0,1,0,"D",1072,9567
-0.108300644100821,0.0829422183299478,0.800225056328091,0,0,1,1,0,0,0,0,0,0,0,1,0,0,1,0,"D",1687,9568
-0.083785227369576,0.0757481809907489,1.16391585614358,0,0,1,1,0,0,0,0,0,0,0,1,0,0,1,0,"D",2575,9569
-0.0993081186969486,0.0913785204602068,1.11643622795783,0,0,1,1,0,0,0,0,0,0,0,1,0,0,1,0,"D",3006,9570
-0.0874348005553758,0.062428290993755,1.17023895495116,0,0,1,1,0,0,0,0,0,0,0,1,0,0,1,0,"D",3732,9571
-0.110848046098912,0.0922080820781665,1.08817282152536,0,0,1,1,0,0,0,0,0,0,0,1,0,0,1,0,"D",482,9572
-0.0795226734095256,0.0607146496618558,1.1837631435092,0,0,1,1,0,0,0,0,0,0,0,1,0,0,1,0,"D",1341,9573
-0.0856068877432244,0.0591605416259532,0.955834365024388,0,0,1,1,0,0,0,0,0,0,0,1,0,0,1,0,"D",3204,9574
-0.0772418262990558,0.0453600640208032,0.422153087139959,0,0,1,1,0,0,0,0,0,0,0,1,0,0,1,0,"D",1763,9575
-0.0874432178378785,0.0598546567209886,-0.402930406213357,0,0,1,1,0,0,0,0,0,0,0,1,0,0,1,0,"D",2318,9576
-0.0891047990724294,0.0766113920793819,1.07596827014525,0,0,1,1,0,0,0,0,0,0,0,1,0,0,1,0,"D",1059,9577
-0.0771669736792282,0.0592387688933809,1.0312643434666,0,0,1,1,0,0,0,0,0,0,0,1,0,0,1,0,"D",1290,9578
-0.120802009397466,0.0992023333192359,0.596695554603894,0,0,1,1,0,0,0,0,0,0,0,1,0,0,1,0,"D",3146,9579
-0.100994036010112,0.0811999519335001,1.92363720690387,0,0,1,1,0,0,0,0,0,0,0,1,0,0,1,0,"D",1594,9580
-0.0824873504374591,0.0652538233140918,0.0442568581382337,0,0,1,1,0,0,0,0,0,0,0,1,0,0,1,0,"D",2727,9581
-0.117148403296903,0.109348091928872,1.20786087034739,0,0,1,1,0,0,0,0,0,0,0,1,0,0,1,0,"D",2960,9582
-0.111100139002016,0.114895479310221,0.604697875133581,0,0,1,1,0,0,0,0,0,0,0,1,0,0,1,0,"D",3738,9583
-0.0860154799280869,0.0636046907567083,0.646135906570295,0,0,1,1,0,0,0,0,0,0,0,1,0,0,1,0,"D",1567,9584
-0.0766855006418721,0.0795080467137621,0.890328275778426,0,0,1,1,0,0,0,0,0,0,0,1,0,0,1,0,"D",1930,9585
-0.105190371643063,0.0611559567565841,0.49523880006432,0,0,1,1,0,0,0,0,0,0,0,1,0,0,1,0,"D",3714,9586
-0.0912482021082239,0.0834640309617427,-0.0914915378385999,0,0,1,1,0,0,0,0,0,0,0,1,0,0,1,0,"D",435,9587
-0.115302400014187,0.10046482127891,1.29918425680233,0,0,1,1,0,0,0,0,0,0,0,1,0,0,1,0,"D",1461,9588
-0.0971473670878987,0.0691185084586897,0.210220377509685,0,0,1,1,0,0,0,0,0,0,0,1,0,0,1,0,"D",2661,9589
-0.0796354820379111,0.074449463241472,1.4269188682414,0,0,1,1,0,0,0,0,0,0,0,1,0,0,1,0,"D",1967,9590
-0.0826327799006095,0.0587335026297742,0.803955151000033,0,0,1,1,0,0,0,0,0,0,0,1,0,0,1,0,"D",2087,9591
-0.104869780084686,0.114889218778085,0.814454903717621,0,0,1,1,0,0,0,0,0,0,0,1,0,0,1,0,"D",2137,9592
-0.0624174688388706,0.0560113134576132,1.28022064477712,0,0,1,1,0,0,0,0,0,0,0,1,0,0,1,0,"D",2578,9593
-0.077211286765957,0.074970564913345,1.02476997232552,0,0,1,1,0,0,0,0,0,0,0,1,0,0,1,0,"D",899,9594
-0.109444821602493,0.101983287368447,0.113629632422231,0,0,1,1,0,0,0,0,0,0,0,1,0,0,1,0,"D",3030,9595
-0.104196135063539,0.0976518964388617,0.98701981836036,0,0,1,1,0,0,0,0,0,0,0,1,0,0,1,0,"D",2602,9596
-0.0646533444935918,0.039538899771935,-0.266299866737958,0,0,1,1,0,0,0,0,0,0,0,1,0,0,1,0,"D",394,9597
-0.0839851727468994,0.0803227919802152,1.44572010810158,0,0,1,1,0,0,0,0,0,0,0,1,0,0,1,0,"D",3326,9598
-0.0692577314710849,0.0354138169193249,-0.225381002658346,0,0,1,1,0,0,0,0,0,0,0,1,0,0,1,0,"D",2240,9599
-0.134912853902452,0.153639179252598,-1.02192817667487,1,0,1,1,0,0,0,0,0,0,0,1,0,0,0,0,"C",491,9600
-0.113768354638963,0.112991224444397,-2.12870035930637,1,0,1,1,0,0,0,0,0,0,0,1,0,0,0,0,"C",3721,9601
-0.111198048602415,0.099001370100214,-0.098256323505149,1,0,1,1,0,0,0,0,0,0,0,1,0,0,0,0,"C",3402,9602
-0.0767610918123033,0.0525374325849773,-0.672691143759971,1,0,1,1,0,0,0,0,0,0,0,1,0,0,0,0,"C",368,9603
-0.236973779727002,0.166917673592547,-1.97556785952446,1,0,1,1,0,0,0,0,0,0,0,1,0,0,0,0,"C",1484,9604
-0.0997888517001687,0.0887633650871341,-0.524006795290112,1,0,1,1,0,0,0,0,0,0,0,1,0,0,0,0,"C",2487,9605
-0.0476053948865207,0.0644466351663699,-0.11921202586837,1,0,1,1,0,0,0,0,0,0,0,1,0,0,0,0,"C",1608,9606
-0.113645256717828,0.115687251845757,-1.59575037113024,1,0,1,1,0,0,0,0,0,0,0,1,0,0,0,0,"C",1462,9607
-0.10348850624142,0.0777599599629217,-1.75120358460967,1,0,1,1,0,0,0,0,0,0,0,1,0,0,0,0,"C",3495,9608
-0.125150660783427,0.168239432402226,-1.10664726894485,1,0,1,1,0,0,0,0,0,0,0,1,0,0,0,0,"C",3583,9609
-0.0717502571218405,0.0880983791403276,-0.680375024048341,1,0,1,1,0,0,0,0,0,0,0,1,0,0,0,0,"C",1747,9610
-0.175011863469063,0.135066405628809,-2.01216864495028,1,0,1,1,0,0,0,0,0,0,0,1,0,0,0,0,"C",344,9611
-0.120960846591344,0.0917618099080958,-1.28989675761963,1,0,1,1,0,0,0,0,0,0,0,1,0,0,0,0,"C",3343,9612
-0.0316071161200613,0.0515651465742062,0.67185571925789,1,0,1,1,0,0,0,0,0,0,0,1,0,0,0,0,"C",2191,9613
-0.110067431103872,0.124103227912393,-1.23822097332028,1,0,1,1,0,0,0,0,0,0,0,1,0,0,0,0,"C",2986,9614
-0.101773429626675,0.107316917115718,1.29167667444425,1,0,1,1,0,0,0,0,0,0,0,1,0,0,0,0,"C",3527,9615
-0.088222222354105,0.0590844026917506,0.403219241903309,1,0,1,1,0,0,0,0,0,0,0,1,0,0,0,0,"C",3748,9616
-0.0612827841787715,0.0756537021679039,-0.6214852017598,1,0,1,1,0,0,0,0,0,0,0,1,0,0,0,0,"C",930,9617
-0.00525883206003326,0.0455031719512897,-0.603261547267572,1,0,1,1,0,0,0,0,0,0,0,1,0,0,0,0,"C",1560,9618
-0.130416194156165,0.14268968314547,-1.54032609551741,1,0,1,1,0,0,0,0,0,0,0,1,0,0,0,0,"C",1549,9619
-0.156392925666963,0.131179481517393,-2.04742183784711,1,0,1,1,0,0,0,0,0,0,0,1,0,0,0,0,"C",3423,9620
-0.133209923673633,0.102549982991736,-1.72354926831336,1,0,1,1,0,0,0,0,0,0,0,1,0,0,0,0,"C",3464,9621
-0.115182407977794,0.0684251148655275,-0.882739582175471,1,0,1,1,0,0,0,0,0,0,0,1,0,0,0,0,"C",1646,9622
-0.0632725612572723,0.107998471898194,0.336686687554591,1,0,1,1,0,0,0,0,0,0,0,1,0,0,0,0,"C",2823,9623
-0.100182454916051,0.0718549277543832,-0.0726995257920084,1,0,1,1,0,0,0,0,0,0,0,1,0,0,0,0,"C",2022,9624
-0.167905963815504,0.176041955574143,-2.34799610849266,1,0,1,1,0,0,0,0,0,0,0,1,0,0,0,0,"C",1255,9625
-0.124400147709831,0.107127863981217,-2.25359945817291,1,0,1,1,0,0,0,0,0,0,0,1,0,0,0,0,"C",1691,9626
-0.112254336056511,0.0993103952434551,-1.10176057672576,1,0,1,1,0,0,0,0,0,0,0,1,0,0,0,0,"C",3414,9627
-0.21855080584991,0.194075117609733,-1.63008616139049,1,0,1,1,0,0,0,0,0,0,0,1,0,0,0,0,"C",1362,9628
-0.111851463563514,0.0887219716192263,-1.40283962880961,1,0,1,1,0,0,0,0,0,0,0,1,0,0,0,0,"C",2845,9629
-0.212562480104876,0.202305876739233,-0.835807684942913,1,0,1,1,0,0,0,0,0,0,0,1,0,0,0,0,"C",2333,9630
-0.12607618614699,0.144780092554946,-1.22217869495315,1,0,1,1,0,0,0,0,0,0,0,1,0,0,0,0,"C",2005,9631
-0.158087766939838,0.153800135197645,-2.00450093054115,1,0,1,1,0,0,0,0,0,0,0,1,0,0,0,0,"C",2937,9632
0.00656616385696146,0.0175858070186629,0.276120021898615,1,0,1,1,0,0,0,0,0,0,0,1,0,0,0,0,"C",1628,9633
-0.12972576989786,0.104811785293524,0.560497601773604,1,0,1,1,0,0,0,0,0,0,0,1,0,0,0,0,"C",3122,9634
-0.277969089856254,0.288730149622493,-1.14697345057717,1,0,1,1,0,0,0,0,0,0,0,1,0,0,0,0,"C",666,9635
-0.0568692662964415,0.0676925592997513,-1.26159405881033,1,0,1,1,0,0,0,0,0,0,0,1,0,0,0,0,"C",1125,9636
-0.0456980790071036,0.122546278118679,-1.20122189195623,1,0,1,1,0,0,0,0,0,0,0,1,0,0,0,0,"C",33,9637
-0.221512850539368,0.252901550855098,-0.0744833351653949,1,0,1,1,0,0,0,0,0,0,0,1,0,0,0,0,"C",1671,9638
-0.0216752795675327,0.0374626088555612,-1.6223895505746,1,0,1,1,0,0,0,0,0,0,0,1,0,0,0,0,"C",2714,9639
-0.164341788499097,0.142263409457175,0.34722296631412,1,0,1,1,0,0,0,0,0,0,0,1,0,0,0,0,"C",946,9640
-0.1384779670504,0.0901126295792927,-0.254529120829812,1,0,1,1,0,0,0,0,0,0,0,1,0,0,0,0,"C",2718,9641
-0.112180589779625,0.118281150539126,-0.782380355864643,1,0,1,1,0,0,0,0,0,0,0,1,0,0,0,0,"C",2372,9642
-0.161121302944421,0.117545728747391,-1.09139021215192,1,0,1,1,0,0,0,0,0,0,0,1,0,0,0,0,"C",1117,9643
-0.158039532674537,0.193184438120228,-1.96646246654665,1,0,1,1,0,0,0,0,0,0,0,1,0,0,0,0,"C",3186,9644
-0.0932606703204585,0.0989740593134646,-0.354411051177373,1,0,1,1,0,0,0,0,0,0,0,1,0,0,0,0,"C",2648,9645
-0.205567031255396,0.209697800246092,-0.380430222674011,1,0,1,1,0,0,0,0,0,0,0,1,0,0,0,0,"C",3379,9646
-0.0655867604046849,0.0449521514292766,-1.24980628249921,1,0,1,1,0,0,0,0,0,0,0,1,0,0,0,0,"C",2742,9647
-0.148281057398409,0.130309892302269,-1.06992250661131,1,0,1,1,0,0,0,0,0,0,0,1,0,0,0,0,"C",2336,9648
-0.133052403355599,0.171209528673716,-1.56379540184734,1,0,1,1,0,0,0,0,0,0,0,1,0,0,0,0,"C",267,9649
-0.0818563204687348,0.124243437109996,-2.47131277630873,1,0,1,1,0,0,0,0,0,0,0,1,0,0,0,0,"C",1359,9650
-0.148066113494092,0.126609434462401,-0.675334496990371,1,0,1,1,0,0,0,0,0,0,0,1,0,0,0,0,"C",1441,9651
-0.0795851753802013,0.0825210722696844,-2.30088380503733,1,0,1,1,0,0,0,0,0,0,0,1,0,0,0,0,"C",1962,9652
-0.0734894260875822,0.09904925442559,-0.932465302076119,1,0,1,1,0,0,0,0,0,0,0,1,0,0,0,0,"C",3717,9653
-0.109860856574274,0.11640831595374,-1.19917525180051,1,0,1,1,0,0,0,0,0,0,0,1,0,0,0,0,"C",347,9654
-0.10067421675062,0.0636902309409725,-0.398559305784309,1,0,1,1,0,0,0,0,0,0,0,1,0,0,0,0,"C",2090,9655
-0.0972989405821968,0.10190346341777,-2.12221922678035,1,0,1,1,0,0,0,0,0,0,0,1,0,0,0,0,"C",3406,9656
-0.174512949192506,0.135960003177283,-2.61471128921642,1,0,1,1,0,0,0,0,0,0,0,1,0,0,0,0,"C",2061,9657
-0.161113004602884,0.174121692779422,-1.23001001220464,1,0,1,1,0,0,0,0,0,0,0,1,0,0,0,0,"C",3699,9658
-0.089126583235572,0.113014379933466,1.93038646937848,1,0,1,1,0,0,0,0,0,0,0,1,0,0,0,0,"C",1385,9659
-0.038664089165617,0.0444346431863839,-0.462390332792635,1,0,1,1,0,0,0,0,0,0,0,1,0,0,0,0,"C",729,9660
-0.0354315106589907,0.034678284623881,-1.22575999999387,1,0,1,1,0,0,0,0,0,0,0,1,0,0,0,0,"C",712,9661
-0.0914771185044657,0.070920179687042,-1.52396100301593,1,0,1,1,0,0,0,0,0,0,0,1,0,0,0,0,"C",656,9662
-0.0710977805185737,0.0471163570692025,-0.0402482092039319,1,0,1,1,0,0,0,0,0,0,0,1,0,0,0,0,"C",1397,9663
-0.215813736270363,0.138648184458599,-0.476581703260104,1,0,1,1,0,0,0,0,0,0,0,1,0,0,0,0,"C",2074,9664
-0.108943277842282,0.118282679890745,-0.752553091062685,1,0,1,1,0,0,0,0,0,0,0,1,0,0,0,0,"C",857,9665
-0.133772825443676,0.148378349939074,2.09428052613536,1,0,1,1,0,0,0,0,0,0,0,1,0,0,0,0,"C",2257,9666
-0.145513068486879,0.149786373901485,0.622854208771048,1,0,1,1,0,0,0,0,0,0,0,1,0,0,0,0,"C",1072,9667
-0.0843975053475021,0.119015498309057,-1.93682404590847,1,0,1,1,0,0,0,0,0,0,0,1,0,0,0,0,"C",1687,9668
-0.139653198450434,0.139402862238492,-1.85689924957299,1,0,1,1,0,0,0,0,0,0,0,1,0,0,0,0,"C",2575,9669
-0.0940778092055756,0.082522041949254,-1.42229203509999,1,0,1,1,0,0,0,0,0,0,0,1,0,0,0,0,"C",3006,9670
-0.09995730279179,0.159627201290497,-2.07115750775067,1,0,1,1,0,0,0,0,0,0,0,1,0,0,0,0,"C",3732,9671
-0.0914067155541761,0.108069996599758,-1.64616049149786,1,0,1,1,0,0,0,0,0,0,0,1,0,0,0,0,"C",482,9672
-0.0465213888934735,0.0538857038683443,0.305436707331973,1,0,1,1,0,0,0,0,0,0,0,1,0,0,0,0,"C",1341,9673
-0.103776872203651,0.0934059920737466,-0.711100459763995,1,0,1,1,0,0,0,0,0,0,0,1,0,0,0,0,"C",3204,9674
-0.0950539139809845,0.119612192080869,-1.4098229588044,1,0,1,1,0,0,0,0,0,0,0,1,0,0,0,0,"C",1763,9675
-0.055343835479696,0.0590698055332662,-0.767810483273961,1,0,1,1,0,0,0,0,0,0,0,1,0,0,0,0,"C",2318,9676
-0.112752111758254,0.0770329544683744,-1.80183365111605,1,0,1,1,0,0,0,0,0,0,0,1,0,0,0,0,"C",1059,9677
-0.167281363785798,0.140449258483075,-1.70192254863616,1,0,1,1,0,0,0,0,0,0,0,1,0,0,0,0,"C",1290,9678
-0.045717738682066,0.0901930557842678,-1.05999725712928,1,0,1,1,0,0,0,0,0,0,0,1,0,0,0,0,"C",3146,9679
-0.156038273716204,0.143926407389937,-1.41731273934679,1,0,1,1,0,0,0,0,0,0,0,1,0,0,0,0,"C",1594,9680
-0.117641260291859,0.135434273442581,-1.42412309988968,1,0,1,1,0,0,0,0,0,0,0,1,0,0,0,0,"C",2727,9681
-0.0627807706157153,0.080053580897588,-1.47989143644264,1,0,1,1,0,0,0,0,0,0,0,1,0,0,0,0,"C",2960,9682
-0.108503422276209,0.110392043433525,-0.198079357054058,1,0,1,1,0,0,0,0,0,0,0,1,0,0,0,0,"C",3738,9683
-0.0742097667586169,0.0649258868782577,-1.67666243225457,1,0,1,1,0,0,0,0,0,0,0,1,0,0,0,0,"C",1567,9684
-0.0547487237018092,0.0595054026005281,0.124097324388026,1,0,1,1,0,0,0,0,0,0,0,1,0,0,0,0,"C",1930,9685
-0.133728720490588,0.133331511056611,-0.89891529223022,1,0,1,1,0,0,0,0,0,0,0,1,0,0,0,0,"C",3714,9686
-0.126035596603276,0.109245969791625,1.95024137662919,1,0,1,1,0,0,0,0,0,0,0,1,0,0,0,0,"C",435,9687
-0.0373133678956919,0.0636966537512868,-0.812386403942786,1,0,1,1,0,0,0,0,0,0,0,1,0,0,0,0,"C",1461,9688
-0.179414443047386,0.136751023444217,-2.10462912550299,1,0,1,1,0,0,0,0,0,0,0,1,0,0,0,0,"C",2661,9689
-0.0707668310547665,0.108898707225795,-1.80761391640446,1,0,1,1,0,0,0,0,0,0,0,1,0,0,0,0,"C",1967,9690
-0.104532302575386,0.0666953749666134,-1.80306321433294,1,0,1,1,0,0,0,0,0,0,0,1,0,0,0,0,"C",2087,9691
-0.178920166717858,0.184670975566231,0.863608890752692,1,0,1,1,0,0,0,0,0,0,0,1,0,0,0,0,"C",2137,9692
-0.110587488884913,0.0879548308819786,-1.40468086348943,1,0,1,1,0,0,0,0,0,0,0,1,0,0,0,0,"C",2578,9693
-0.152387396050312,0.109069962518562,-1.09161462391136,1,0,1,1,0,0,0,0,0,0,0,1,0,0,0,0,"C",899,9694
-0.143975106950474,0.106985662673464,-1.1969293697902,1,0,1,1,0,0,0,0,0,0,0,1,0,0,0,0,"C",3030,9695
-0.122239562238971,0.120180260327154,-1.12160247793776,1,0,1,1,0,0,0,0,0,0,0,1,0,0,0,0,"C",2602,9696
-0.0188946878000916,0.0213640147189262,0.0395597679180552,1,0,1,1,0,0,0,0,0,0,0,1,0,0,0,0,"C",394,9697
-0.135765603812051,0.143912370901361,-1.79985598940163,1,0,1,1,0,0,0,0,0,0,0,1,0,0,0,0,"C",3326,9698
-0.167762789386402,0.153971691956145,-0.94559519956738,1,0,1,1,0,0,0,0,0,0,0,1,0,0,0,0,"C",2240,9699
-0.199285225473454,0.14719759096131,-0.318335020350096,1,0,1,1,0,0,0,0,0,0,0,1,0,0,0,0,"D",491,9700
-0.111394238218286,0.13121884746475,-0.964335899308155,1,0,1,1,0,0,0,0,0,0,0,1,0,0,0,0,"D",3721,9701
-0.355906946185926,0.318507582747292,0.423626400481897,1,0,1,1,0,0,0,0,0,0,0,1,0,0,0,0,"D",3402,9702
-0.175606708696907,0.190793323644733,-0.48042371989237,1,0,1,1,0,0,0,0,0,0,0,1,0,0,0,0,"D",368,9703
-0.231971084030771,0.217415728492695,0.499756698578973,1,0,1,1,0,0,0,0,0,0,0,1,0,0,0,0,"D",1484,9704
-0.180241067791856,0.264581913996408,1.99644110677677,1,0,1,1,0,0,0,0,0,0,0,1,0,0,0,0,"D",2487,9705
-0.211540802791005,0.234155524842059,2.22914331225264,1,0,1,1,0,0,0,0,0,0,0,1,0,0,0,0,"D",1608,9706
-0.261379355196948,0.190537814921554,0.391546248258112,1,0,1,1,0,0,0,0,0,0,0,1,0,0,0,0,"D",1462,9707
-0.190654261831713,0.172793173724957,0.732265602262995,1,0,1,1,0,0,0,0,0,0,0,1,0,0,0,0,"D",3495,9708
-0.121679822118644,0.149865562339328,0.33719262238016,1,0,1,1,0,0,0,0,0,0,0,1,0,0,0,0,"D",3583,9709
0.0713329011026742,0.0947024439240501,-0.625673021095117,1,0,1,1,0,0,0,0,0,0,0,1,0,0,0,0,"D",1747,9710
-0.148946778968367,0.182105396828798,0.373990725450548,1,0,1,1,0,0,0,0,0,0,0,1,0,0,0,0,"D",344,9711
-0.271771811837717,0.227809543761241,0.7144616601938,1,0,1,1,0,0,0,0,0,0,0,1,0,0,0,0,"D",3343,9712
-0.151469644615462,0.0912489293564266,-2.11705667203026,1,0,1,1,0,0,0,0,0,0,0,1,0,0,0,0,"D",2191,9713
-0.218628961504307,0.17776492152189,0.459735095581037,1,0,1,1,0,0,0,0,0,0,0,1,0,0,0,0,"D",2986,9714
-0.152348952800029,0.13956471435837,-1.21491487629687,1,0,1,1,0,0,0,0,0,0,0,1,0,0,0,0,"D",3527,9715
-0.105700949187696,0.138848307498228,0.194937815757267,1,0,1,1,0,0,0,0,0,0,0,1,0,0,0,0,"D",3748,9716
-0.177398520769193,0.19000889437195,0.0904348992844913,1,0,1,1,0,0,0,0,0,0,0,1,0,0,0,0,"D",930,9717
-0.315476182072013,0.270989224330038,0.104948044089002,1,0,1,1,0,0,0,0,0,0,0,1,0,0,0,0,"D",1560,9718
-0.107434520969632,0.0684061849521026,-1.51873622654542,1,0,1,1,0,0,0,0,0,0,0,1,0,0,0,0,"D",1549,9719
-0.210775611057627,0.167423453942293,-0.615795273879043,1,0,1,1,0,0,0,0,0,0,0,1,0,0,0,0,"D",3423,9720
-0.141863792560821,0.0988968718750568,-0.884991124471249,1,0,1,1,0,0,0,0,0,0,0,1,0,0,0,0,"D",3464,9721
-0.192396690000195,0.245430232216694,1.51292255785073,1,0,1,1,0,0,0,0,0,0,0,1,0,0,0,0,"D",1646,9722
-0.174073608515742,0.142987990467072,-1.33683369302742,1,0,1,1,0,0,0,0,0,0,0,1,0,0,0,0,"D",2823,9723
-0.207368754974777,0.217783714818453,0.823971335800256,1,0,1,1,0,0,0,0,0,0,0,1,0,0,0,0,"D",2022,9724
-0.229039107690417,0.179691471130472,-0.423581701567735,1,0,1,1,0,0,0,0,0,0,0,1,0,0,0,0,"D",1255,9725
-0.0680821791226775,0.120724530017479,-1.21565711678026,1,0,1,1,0,0,0,0,0,0,0,1,0,0,0,0,"D",1691,9726
-0.130144255214499,0.172710979932196,-1.81243610527553,1,0,1,1,0,0,0,0,0,0,0,1,0,0,0,0,"D",3414,9727
-0.293559855397352,0.295269859588618,2.44832439902016,1,0,1,1,0,0,0,0,0,0,0,1,0,0,0,0,"D",1362,9728
-0.0260561542185292,0.0191399353891957,-0.674717438019358,1,0,1,1,0,0,0,0,0,0,0,1,0,0,0,0,"D",2845,9729
-0.187972401513885,0.092459724324956,-1.50512970764668,1,0,1,1,0,0,0,0,0,0,0,1,0,0,0,0,"D",2333,9730
-0.207895593007832,0.124444327906663,-1.00175353753433,1,0,1,1,0,0,0,0,0,0,0,1,0,0,0,0,"D",2005,9731
-0.400028559409628,0.33998264337555,1.47060734705864,1,0,1,1,0,0,0,0,0,0,0,1,0,0,0,0,"D",2937,9732
-0.175804694018608,0.182467812924484,0.36004609861436,1,0,1,1,0,0,0,0,0,0,0,1,0,0,0,0,"D",1628,9733
-0.221215600196094,0.204834715778324,1.24710000366656,1,0,1,1,0,0,0,0,0,0,0,1,0,0,0,0,"D",3122,9734
-0.085063933233097,0.075605429214755,-1.23759412960773,1,0,1,1,0,0,0,0,0,0,0,1,0,0,0,0,"D",666,9735
-0.0939281835201101,0.109401797965148,-0.394470158304884,1,0,1,1,0,0,0,0,0,0,0,1,0,0,0,0,"D",1125,9736
-0.0566900687652328,0.193066990846154,2.4954138344327,1,0,1,1,0,0,0,0,0,0,0,1,0,0,0,0,"D",33,9737
-0.268753827730878,0.265187794685339,2.54207025833769,1,0,1,1,0,0,0,0,0,0,0,1,0,0,0,0,"D",1671,9738
-0.138013546902403,0.253603483712429,1.20627673430382,1,0,1,1,0,0,0,0,0,0,0,1,0,0,0,0,"D",2714,9739
-0.250686746621601,0.252484197948541,1.86470945714504,1,0,1,1,0,0,0,0,0,0,0,1,0,0,0,0,"D",946,9740
-0.156330729058087,0.141745476449614,0.776868441680037,1,0,1,1,0,0,0,0,0,0,0,1,0,0,0,0,"D",2718,9741
-0.215684087569532,0.177465637321787,0.750639213775805,1,0,1,1,0,0,0,0,0,0,0,1,0,0,0,0,"D",2372,9742
-0.032364908078344,0.0606873022336209,0.748540261817031,1,0,1,1,0,0,0,0,0,0,0,1,0,0,0,0,"D",1117,9743
-0.202079148202727,0.199880775383183,1.7813700184777,1,0,1,1,0,0,0,0,0,0,0,1,0,0,0,0,"D",3186,9744
-0.306785458604665,0.271674033405888,-0.685564000415094,1,0,1,1,0,0,0,0,0,0,0,1,0,0,0,0,"D",2648,9745
-0.162092264809223,0.162703003376283,1.16172913061873,1,0,1,1,0,0,0,0,0,0,0,1,0,0,0,0,"D",3379,9746
-0.1560167953333,0.165768392774671,-0.577438137750549,1,0,1,1,0,0,0,0,0,0,0,1,0,0,0,0,"D",2742,9747
-0.337118579717939,0.259464457519877,-0.199853110536577,1,0,1,1,0,0,0,0,0,0,0,1,0,0,0,0,"D",2336,9748
-0.129917853883056,0.126982781028753,-0.44258231370878,1,0,1,1,0,0,0,0,0,0,0,1,0,0,0,0,"D",267,9749
-0.184646129665666,0.159592052406018,1.95279596120756,1,0,1,1,0,0,0,0,0,0,0,1,0,0,0,0,"D",1359,9750
-0.158803300332992,0.148905677416266,-1.43163615739998,1,0,1,1,0,0,0,0,0,0,0,1,0,0,0,0,"D",1441,9751
-0.0656432459920058,0.0956093305604404,-0.380429179440509,1,0,1,1,0,0,0,0,0,0,0,1,0,0,0,0,"D",1962,9752
-0.164000158063104,0.179492546283852,2.60310942864448,1,0,1,1,0,0,0,0,0,0,0,1,0,0,0,0,"D",3717,9753
-0.206069075842954,0.207951231291561,-0.221315683337435,1,0,1,1,0,0,0,0,0,0,0,1,0,0,0,0,"D",347,9754
-0.253138038739788,0.205689926685647,2.06186462477935,1,0,1,1,0,0,0,0,0,0,0,1,0,0,0,0,"D",2090,9755
-0.248112857029558,0.221102993232104,-1.49230803622473,1,0,1,1,0,0,0,0,0,0,0,1,0,0,0,0,"D",3406,9756
-0.172793660850458,0.17617185652021,-1.45667668135935,1,0,1,1,0,0,0,0,0,0,0,1,0,0,0,0,"D",2061,9757
-0.0909131754152986,0.132908817217869,1.11600748623256,1,0,1,1,0,0,0,0,0,0,0,1,0,0,0,0,"D",3699,9758
-0.351533483960098,0.342519956066374,-0.631874463301595,1,0,1,1,0,0,0,0,0,0,0,1,0,0,0,0,"D",1385,9759
-0.299183047415746,0.234465416376806,1.31823006015131,1,0,1,1,0,0,0,0,0,0,0,1,0,0,0,0,"D",729,9760
-0.190268230756563,0.247131711827192,2.27221624382228,1,0,1,1,0,0,0,0,0,0,0,1,0,0,0,0,"D",712,9761
-0.257962156204105,0.279473602724866,1.90734910765004,1,0,1,1,0,0,0,0,0,0,0,1,0,0,0,0,"D",656,9762
-0.10087757113027,0.128652060899785,-1.38371190769442,1,0,1,1,0,0,0,0,0,0,0,1,0,0,0,0,"D",1397,9763
-0.0990813965621514,0.211397127662495,0.429378955607479,1,0,1,1,0,0,0,0,0,0,0,1,0,0,0,0,"D",2074,9764
-0.197835560862243,0.269206480222458,0.782897615877602,1,0,1,1,0,0,0,0,0,0,0,1,0,0,0,0,"D",857,9765
-0.285246251273988,0.221759635307882,-1.26971045931965,1,0,1,1,0,0,0,0,0,0,0,1,0,0,0,0,"D",2257,9766
-0.217932197371022,0.232136697937728,0.470086124183123,1,0,1,1,0,0,0,0,0,0,0,1,0,0,0,0,"D",1072,9767
-0.305479929611566,0.195417233055628,-0.843795193427998,1,0,1,1,0,0,0,0,0,0,0,1,0,0,0,0,"D",1687,9768
-0.206328602783554,0.197393096377998,0.485183254018557,1,0,1,1,0,0,0,0,0,0,0,1,0,0,0,0,"D",2575,9769
-0.203667158317314,0.193049399210523,2.11676056614386,1,0,1,1,0,0,0,0,0,0,0,1,0,0,0,0,"D",3006,9770
-0.247709856056922,0.194161900142672,1.61260196541911,1,0,1,1,0,0,0,0,0,0,0,1,0,0,0,0,"D",3732,9771
-0.246159761040286,0.204253706361695,1.75319701558388,1,0,1,1,0,0,0,0,0,0,0,1,0,0,0,0,"D",482,9772
-0.175835629804523,0.122513237075574,0.704563265939746,1,0,1,1,0,0,0,0,0,0,0,1,0,0,0,0,"D",1341,9773
-0.188337543379312,0.192535925753809,1.33334614552191,1,0,1,1,0,0,0,0,0,0,0,1,0,0,0,0,"D",3204,9774
-0.201595792276711,0.160415067319161,2.54969062763757,1,0,1,1,0,0,0,0,0,0,0,1,0,0,0,0,"D",1763,9775
-0.24912273329406,0.179721650325465,-0.101511386216353,1,0,1,1,0,0,0,0,0,0,0,1,0,0,0,0,"D",2318,9776
-0.174112940946834,0.0905329766430174,0.554809597932914,1,0,1,1,0,0,0,0,0,0,0,1,0,0,0,0,"D",1059,9777
-0.210832257132107,0.229457871524016,0.666441808114113,1,0,1,1,0,0,0,0,0,0,0,1,0,0,0,0,"D",1290,9778
-0.311121789924079,0.240205400618025,0.790338436529686,1,0,1,1,0,0,0,0,0,0,0,1,0,0,0,0,"D",3146,9779
-0.0911806510946847,0.100170355056902,-1.61127468764158,1,0,1,1,0,0,0,0,0,0,0,1,0,0,0,0,"D",1594,9780
-0.22824610247881,0.211313368133983,-0.615279179415715,1,0,1,1,0,0,0,0,0,0,0,1,0,0,0,0,"D",2727,9781
-0.251217235372944,0.188652685393965,2.08400012721684,1,0,1,1,0,0,0,0,0,0,0,1,0,0,0,0,"D",2960,9782
-0.128724166368344,0.178412689970495,-1.16640018223595,1,0,1,1,0,0,0,0,0,0,0,1,0,0,0,0,"D",3738,9783
-0.19641825668377,0.159751292539058,-0.96122688225611,1,0,1,1,0,0,0,0,0,0,0,1,0,0,0,0,"D",1567,9784
-0.109701266166565,0.141572420674745,-1.60835814067869,1,0,1,1,0,0,0,0,0,0,0,1,0,0,0,0,"D",1930,9785
-0.168984553895326,0.0856109942724152,-0.565786630044799,1,0,1,1,0,0,0,0,0,0,0,1,0,0,0,0,"D",3714,9786
-0.215355730936181,0.188709056402717,-0.464272816003111,1,0,1,1,0,0,0,0,0,0,0,1,0,0,0,0,"D",435,9787
-0.199811844041265,0.248320773278749,2.14138011502388,1,0,1,1,0,0,0,0,0,0,0,1,0,0,0,0,"D",1461,9788
-0.091297577141756,0.100621681521338,-0.975732821005387,1,0,1,1,0,0,0,0,0,0,0,1,0,0,0,0,"D",2661,9789
-0.0721706874257109,0.0755212249299318,-0.974544852928938,1,0,1,1,0,0,0,0,0,0,0,1,0,0,0,0,"D",1967,9790
-0.0809143209411176,0.160148146989234,0.690381594346267,1,0,1,1,0,0,0,0,0,0,0,1,0,0,0,0,"D",2087,9791
-0.178776854636794,0.160147795409199,-0.323833707917351,1,0,1,1,0,0,0,0,0,0,0,1,0,0,0,0,"D",2137,9792
-0.17353538491139,0.146912821933497,2.1134764426674,1,0,1,1,0,0,0,0,0,0,0,1,0,0,0,0,"D",2578,9793
-0.282652429373701,0.293357425148661,2.26741776937034,1,0,1,1,0,0,0,0,0,0,0,1,0,0,0,0,"D",899,9794
-0.236559216676421,0.242560703173672,0.838232928472684,1,0,1,1,0,0,0,0,0,0,0,1,0,0,0,0,"D",3030,9795
-0.107346355340431,0.0740098318552157,-0.709108627659984,1,0,1,1,0,0,0,0,0,0,0,1,0,0,0,0,"D",2602,9796
-0.219746880610492,0.148406458611524,-0.297364271704045,1,0,1,1,0,0,0,0,0,0,0,1,0,0,0,0,"D",394,9797
-0.247248225510388,0.219307410912584,0.776472927151441,1,0,1,1,0,0,0,0,0,0,0,1,0,0,0,0,"D",3326,9798
-0.174146436801261,0.133823517925303,-1.62927714785782,1,0,1,1,0,0,0,0,0,0,0,1,0,0,0,0,"D",2240,9799
-0.071154724797026,0.148029655228763,-0.274466182977384,0,1,1,1,0,0,0,0,0,0,0,1,0,0,0,0,"C",491,9800
-0.0640991771277186,0.117983619453418,2.00371080944036,0,1,1,1,0,0,0,0,0,0,0,1,0,0,0,0,"C",3721,9801
-0.0427386651633393,0.107415106229075,0.877078473877688,0,1,1,1,0,0,0,0,0,0,0,1,0,0,0,0,"C",3402,9802
-0.075292576265651,0.116667627885351,1.25762210044714,0,1,1,1,0,0,0,0,0,0,0,1,0,0,0,0,"C",368,9803
-0.0390050584306258,0.128908661011995,0.448728605137301,0,1,1,1,0,0,0,0,0,0,0,1,0,0,0,0,"C",1484,9804
-0.0913201323478188,0.170911646160696,1.34652660819218,0,1,1,1,0,0,0,0,0,0,0,1,0,0,0,0,"C",2487,9805
-0.110190467311614,0.17239337378015,0.747710912990568,0,1,1,1,0,0,0,0,0,0,0,1,0,0,0,0,"C",1608,9806
-0.0877859170259691,0.170204617575286,1.57106074028929,0,1,1,1,0,0,0,0,0,0,0,1,0,0,0,0,"C",1462,9807
-0.121474446710707,0.154751058266951,1.49711952299421,0,1,1,1,0,0,0,0,0,0,0,1,0,0,0,0,"C",3495,9808
-0.16278458214948,0.236301087874974,1.56717416095189,0,1,1,1,0,0,0,0,0,0,0,1,0,0,0,0,"C",3583,9809
-0.141537642430341,0.181197536686962,1.17934774309815,0,1,1,1,0,0,0,0,0,0,0,1,0,0,0,0,"C",1747,9810
-0.0591317369069205,0.121492129856918,1.26862867239936,0,1,1,1,0,0,0,0,0,0,0,1,0,0,0,0,"C",344,9811
-0.0836072263620189,0.147565664943631,1.15201657064236,0,1,1,1,0,0,0,0,0,0,0,1,0,0,0,0,"C",3343,9812
-0.0237821676913967,0.0987417206170642,0.523086136925738,0,1,1,1,0,0,0,0,0,0,0,1,0,0,0,0,"C",2191,9813
-0.0541558835571909,0.0870503938934075,0.290644824316734,0,1,1,1,0,0,0,0,0,0,0,1,0,0,0,0,"C",2986,9814
-0.135342254670922,0.257395443904226,1.95008683194582,0,1,1,1,0,0,0,0,0,0,0,1,0,0,0,0,"C",3527,9815
-0.0320413635282417,0.0927918947626677,0.471170109745908,0,1,1,1,0,0,0,0,0,0,0,1,0,0,0,0,"C",3748,9816
-0.0982256430884634,0.187988789738811,1.43898207563989,0,1,1,1,0,0,0,0,0,0,0,1,0,0,0,0,"C",930,9817
-0.0666943373732869,0.149331390792048,1.58943276624386,0,1,1,1,0,0,0,0,0,0,0,1,0,0,0,0,"C",1560,9818
-0.156688176936034,0.15219798473459,1.47540236911273,0,1,1,1,0,0,0,0,0,0,0,1,0,0,0,0,"C",1549,9819
-0.0330564908432217,0.120730180638271,1.76425276526328,0,1,1,1,0,0,0,0,0,0,0,1,0,0,0,0,"C",3423,9820
-0.0267030338391493,0.116853571658885,1.63075924791495,0,1,1,1,0,0,0,0,0,0,0,1,0,0,0,0,"C",3464,9821
-0.00326647031707332,0.0379683928181523,-0.250372628620813,0,1,1,1,0,0,0,0,0,0,0,1,0,0,0,0,"C",1646,9822
0.0236386961716862,0.0740580647890564,0.944672016657264,0,1,1,1,0,0,0,0,0,0,0,1,0,0,0,0,"C",2823,9823
-0.0981813573067662,0.182053888466178,1.04102223889729,0,1,1,1,0,0,0,0,0,0,0,1,0,0,0,0,"C",2022,9824
-0.0624791281100411,0.13860224062346,1.54569637970608,0,1,1,1,0,0,0,0,0,0,0,1,0,0,0,0,"C",1255,9825
0.0248742819539436,0.118991493018682,1.07768323364736,0,1,1,1,0,0,0,0,0,0,0,1,0,0,0,0,"C",1691,9826
-0.101399902504313,0.162756124302789,1.10257758174787,0,1,1,1,0,0,0,0,0,0,0,1,0,0,0,0,"C",3414,9827
-0.06376898463106,0.127548181192008,0.282399557178342,0,1,1,1,0,0,0,0,0,0,0,1,0,0,0,0,"C",1362,9828
-0.110860670168451,0.185976305833488,0.582015696248249,0,1,1,1,0,0,0,0,0,0,0,1,0,0,0,0,"C",2845,9829
0.00913740373329196,0.0847197356330539,-0.936566250005689,0,1,1,1,0,0,0,0,0,0,0,1,0,0,0,0,"C",2333,9830
-0.113693629641828,0.102209418389006,-0.174990126133772,0,1,1,1,0,0,0,0,0,0,0,1,0,0,0,0,"C",2005,9831
-0.0707930979405268,0.143541381774409,0.982475760098782,0,1,1,1,0,0,0,0,0,0,0,1,0,0,0,0,"C",2937,9832
-0.170610995162422,0.204937512584725,0.887590195556465,0,1,1,1,0,0,0,0,0,0,0,1,0,0,0,0,"C",1628,9833
-0.0959719440854618,0.142789242080621,0.873116130670893,0,1,1,1,0,0,0,0,0,0,0,1,0,0,0,0,"C",3122,9834
-0.0659095318766542,0.1480421610713,0.985269325098761,0,1,1,1,0,0,0,0,0,0,0,1,0,0,0,0,"C",666,9835
-0.0635895662674131,0.146586452719646,1.39612574455823,0,1,1,1,0,0,0,0,0,0,0,1,0,0,0,0,"C",1125,9836
-0.12731871221294,0.154465254444997,0.707337085486583,0,1,1,1,0,0,0,0,0,0,0,1,0,0,0,0,"C",33,9837
-0.112809090774283,0.210285546881649,1.35482304804741,0,1,1,1,0,0,0,0,0,0,0,1,0,0,0,0,"C",1671,9838
-0.115283057356499,0.212075172573098,1.04607793514751,0,1,1,1,0,0,0,0,0,0,0,1,0,0,0,0,"C",2714,9839
-0.148433313191812,0.14225949287926,0.509609134511185,0,1,1,1,0,0,0,0,0,0,0,1,0,0,0,0,"C",946,9840
-0.114456474740132,0.174187301126872,0.766904740106555,0,1,1,1,0,0,0,0,0,0,0,1,0,0,0,0,"C",2718,9841
-0.08071054105354,0.141564416665097,0.92197373202156,0,1,1,1,0,0,0,0,0,0,0,1,0,0,0,0,"C",2372,9842
0.0214449918860432,0.0514496635032777,0.227773708613336,0,1,1,1,0,0,0,0,0,0,0,1,0,0,0,0,"C",1117,9843
-0.136926663722543,0.176289879729782,1.10496462617588,0,1,1,1,0,0,0,0,0,0,0,1,0,0,0,0,"C",3186,9844
-0.0814008379756629,0.15059091065705,1.54790310072036,0,1,1,1,0,0,0,0,0,0,0,1,0,0,0,0,"C",2648,9845
-0.0270389596330843,0.0879110022332541,0.0772802259722123,0,1,1,1,0,0,0,0,0,0,0,1,0,0,0,0,"C",3379,9846
-0.0378692193413762,0.13547011390579,0.990601917733134,0,1,1,1,0,0,0,0,0,0,0,1,0,0,0,0,"C",2742,9847
-0.112336648182253,0.176080673006793,-0.283465681039241,0,1,1,1,0,0,0,0,0,0,0,1,0,0,0,0,"C",2336,9848
-0.13413005076401,0.168555835013642,0.989862938458723,0,1,1,1,0,0,0,0,0,0,0,1,0,0,0,0,"C",267,9849
-0.0940253356765245,0.154908099414216,0.601113519362335,0,1,1,1,0,0,0,0,0,0,0,1,0,0,0,0,"C",1359,9850
-0.0288671227032944,0.0867561697503888,0.377512641385557,0,1,1,1,0,0,0,0,0,0,0,1,0,0,0,0,"C",1441,9851
-0.0483233067117763,0.145044209656032,1.58704857016867,0,1,1,1,0,0,0,0,0,0,0,1,0,0,0,0,"C",1962,9852
-0.0362924821169264,0.136921417773101,2.23153403151467,0,1,1,1,0,0,0,0,0,0,0,1,0,0,0,0,"C",3717,9853
-0.111803834605427,0.195626098680767,1.86652247566469,0,1,1,1,0,0,0,0,0,0,0,1,0,0,0,0,"C",347,9854
-0.17571388322792,0.19090612537135,1.50451649678877,0,1,1,1,0,0,0,0,0,0,0,1,0,0,0,0,"C",2090,9855
-0.0820297163842616,0.171215472925131,1.04407139626359,0,1,1,1,0,0,0,0,0,0,0,1,0,0,0,0,"C",3406,9856
-0.143557185112667,0.168567157568022,1.73122105818553,0,1,1,1,0,0,0,0,0,0,0,1,0,0,0,0,"C",2061,9857
-0.120410564753775,0.226450232906385,1.38322008460909,0,1,1,1,0,0,0,0,0,0,0,1,0,0,0,0,"C",3699,9858
-0.122070160979477,0.162029614582672,0.805959529420965,0,1,1,1,0,0,0,0,0,0,0,1,0,0,0,0,"C",1385,9859
-0.140996573798221,0.165592251122904,1.58226076707078,0,1,1,1,0,0,0,0,0,0,0,1,0,0,0,0,"C",729,9860
-0.0181621003500456,0.0924973602443642,0.815632201414699,0,1,1,1,0,0,0,0,0,0,0,1,0,0,0,0,"C",712,9861
-0.136472324537631,0.199379084218987,1.42316673041473,0,1,1,1,0,0,0,0,0,0,0,1,0,0,0,0,"C",656,9862
-0.132105568018136,0.216675145228373,1.1933286912356,0,1,1,1,0,0,0,0,0,0,0,1,0,0,0,0,"C",1397,9863
-0.194872378995001,0.227199805014095,1.07160963196011,0,1,1,1,0,0,0,0,0,0,0,1,0,0,0,0,"C",2074,9864
-0.135029067606717,0.193379675378992,1.90982387604881,0,1,1,1,0,0,0,0,0,0,0,1,0,0,0,0,"C",857,9865
-0.0303306035488387,0.117682212297087,1.19248584279107,0,1,1,1,0,0,0,0,0,0,0,1,0,0,0,0,"C",2257,9866
-0.119060249286083,0.164812554000091,1.04670609499453,0,1,1,1,0,0,0,0,0,0,0,1,0,0,0,0,"C",1072,9867
-0.0603221720737413,0.109112133486757,0.0391688085489101,0,1,1,1,0,0,0,0,0,0,0,1,0,0,0,0,"C",1687,9868
-0.0627694232784114,0.14344896209592,0.248412215965684,0,1,1,1,0,0,0,0,0,0,0,1,0,0,0,0,"C",2575,9869
-0.141699048290145,0.194595580489065,1.08871380037738,0,1,1,1,0,0,0,0,0,0,0,1,0,0,0,0,"C",3006,9870
-0.107775376989499,0.152033750269287,1.07417188520693,0,1,1,1,0,0,0,0,0,0,0,1,0,0,0,0,"C",3732,9871
-0.116291773345553,0.156470026068297,0.77363189250332,0,1,1,1,0,0,0,0,0,0,0,1,0,0,0,0,"C",482,9872
-0.10009414276998,0.174137413814694,0.825653150531004,0,1,1,1,0,0,0,0,0,0,0,1,0,0,0,0,"C",1341,9873
-0.0851404069054062,0.139675040244526,2.32472730505637,0,1,1,1,0,0,0,0,0,0,0,1,0,0,0,0,"C",3204,9874
-0.0769129770682723,0.117051693679235,0.955753529094271,0,1,1,1,0,0,0,0,0,0,0,1,0,0,0,0,"C",1763,9875
-0.0212124811035157,0.117532074283425,0.540253186965947,0,1,1,1,0,0,0,0,0,0,0,1,0,0,0,0,"C",2318,9876
-0.123667388894211,0.194228866240638,1.3770553253839,0,1,1,1,0,0,0,0,0,0,0,1,0,0,0,0,"C",1059,9877
-0.0582712796466567,0.148372975715812,1.57262730500161,0,1,1,1,0,0,0,0,0,0,0,1,0,0,0,0,"C",1290,9878
-0.0803151822670669,0.149883160772562,0.919069640611722,0,1,1,1,0,0,0,0,0,0,0,1,0,0,0,0,"C",3146,9879
-0.0697225732727259,0.148033950047798,1.35999533694095,0,1,1,1,0,0,0,0,0,0,0,1,0,0,0,0,"C",1594,9880
-0.0681994667275187,0.142481450550515,0.960148861374595,0,1,1,1,0,0,0,0,0,0,0,1,0,0,0,0,"C",2727,9881
-0.0719920250485028,0.110431038202384,0.960841739970185,0,1,1,1,0,0,0,0,0,0,0,1,0,0,0,0,"C",2960,9882
-0.146188635325328,0.157925663712741,1.38578375556157,0,1,1,1,0,0,0,0,0,0,0,1,0,0,0,0,"C",3738,9883
-0.115923653375995,0.136359344778265,1.78859450472923,0,1,1,1,0,0,0,0,0,0,0,1,0,0,0,0,"C",1567,9884
-0.066478117217272,0.148705898399465,1.02904852847224,0,1,1,1,0,0,0,0,0,0,0,1,0,0,0,0,"C",1930,9885
-0.218362495782675,0.218785762739801,1.14447009162301,0,1,1,1,0,0,0,0,0,0,0,1,0,0,0,0,"C",3714,9886
-0.162881002273539,0.17683856497753,0.857863825373951,0,1,1,1,0,0,0,0,0,0,0,1,0,0,0,0,"C",435,9887
-0.174579841931822,0.181206551857867,1.2832345805267,0,1,1,1,0,0,0,0,0,0,0,1,0,0,0,0,"C",1461,9888
-0.0148989498644267,0.065233461225369,0.697485228073911,0,1,1,1,0,0,0,0,0,0,0,1,0,0,0,0,"C",2661,9889
-0.0619036777067133,0.162460940540056,1.58145753267653,0,1,1,1,0,0,0,0,0,0,0,1,0,0,0,0,"C",1967,9890
-0.130850082338147,0.158312774093728,0.838198931894381,0,1,1,1,0,0,0,0,0,0,0,1,0,0,0,0,"C",2087,9891
-0.143415574431403,0.17965308019358,1.4356774225308,0,1,1,1,0,0,0,0,0,0,0,1,0,0,0,0,"C",2137,9892
-0.0488722081679227,0.088790067975588,1.06611907752506,0,1,1,1,0,0,0,0,0,0,0,1,0,0,0,0,"C",2578,9893
-0.0980487547280947,0.145455680769001,0.984592536178385,0,1,1,1,0,0,0,0,0,0,0,1,0,0,0,0,"C",899,9894
-0.193389132629009,0.214799981969981,1.1440393449326,0,1,1,1,0,0,0,0,0,0,0,1,0,0,0,0,"C",3030,9895
-0.0694740035453097,0.149130526218688,1.74806273392054,0,1,1,1,0,0,0,0,0,0,0,1,0,0,0,0,"C",2602,9896
-0.0594123959437565,0.107114003794079,1.33066363425444,0,1,1,1,0,0,0,0,0,0,0,1,0,0,0,0,"C",394,9897
-0.00521572739864239,0.107045052429624,0.243401984792605,0,1,1,1,0,0,0,0,0,0,0,1,0,0,0,0,"C",3326,9898
-0.0695610156039022,0.132010658649977,-0.0227476780569234,0,1,1,1,0,0,0,0,0,0,0,1,0,0,0,0,"C",2240,9899
-0.134854057519857,0.201888038585589,0.509512629581474,0,1,1,1,0,0,0,0,0,0,0,1,0,0,0,0,"D",491,9900
0.0690098691906448,0.0766824017034162,-0.485448418262077,0,1,1,1,0,0,0,0,0,0,0,1,0,0,0,0,"D",3721,9901
0.0223697944498532,0.216871156534631,2.15641587532034,0,1,1,1,0,0,0,0,0,0,0,1,0,0,0,0,"D",3402,9902
-0.0426391966068188,0.127037968489679,2.11999500137257,0,1,1,1,0,0,0,0,0,0,0,1,0,0,0,0,"D",368,9903
-0.0704164058951061,0.121069310169237,-1.43933414401176,0,1,1,1,0,0,0,0,0,0,0,1,0,0,0,0,"D",1484,9904
-0.252435546307538,0.228118297631297,-0.0260709182809665,0,1,1,1,0,0,0,0,0,0,0,1,0,0,0,0,"D",2487,9905
-0.266837768986968,0.235523362339973,0.0724359573371929,0,1,1,1,0,0,0,0,0,0,0,1,0,0,0,0,"D",1608,9906
-0.0960285404696664,0.149441265178144,1.19686845086981,0,1,1,1,0,0,0,0,0,0,0,1,0,0,0,0,"D",1462,9907
-0.111295275477297,0.115188400776564,-1.03805789914368,0,1,1,1,0,0,0,0,0,0,0,1,0,0,0,0,"D",3495,9908
-0.201010108563901,0.229337368784496,0.448363631855931,0,1,1,1,0,0,0,0,0,0,0,1,0,0,0,0,"D",3583,9909
-0.210898548407657,0.240084247123406,1.53310602856973,0,1,1,1,0,0,0,0,0,0,0,1,0,0,0,0,"D",1747,9910
-0.114905637926169,0.191259169708643,-1.54579246284345,0,1,1,1,0,0,0,0,0,0,0,1,0,0,0,0,"D",344,9911
-0.164883957686143,0.138053415956907,0.945762098846349,0,1,1,1,0,0,0,0,0,0,0,1,0,0,0,0,"D",3343,9912
0.109883551865874,0.136607291324711,0.117725669688864,0,1,1,1,0,0,0,0,0,0,0,1,0,0,0,0,"D",2191,9913
-0.0302136962635984,0.156675199945079,-1.35019565241734,0,1,1,1,0,0,0,0,0,0,0,1,0,0,0,0,"D",2986,9914
-0.0455546350999426,0.184710632753057,1.45164317861259,0,1,1,1,0,0,0,0,0,0,0,1,0,0,0,0,"D",3527,9915
-0.232444350958681,0.253415246045364,1.43861347722433,0,1,1,1,0,0,0,0,0,0,0,1,0,0,0,0,"D",3748,9916
-0.00675699792292118,0.162626616223539,-0.546772337525461,0,1,1,1,0,0,0,0,0,0,0,1,0,0,0,0,"D",930,9917
-0.0507158714354713,0.16654292261581,-0.76825873646102,0,1,1,1,0,0,0,0,0,0,0,1,0,0,0,0,"D",1560,9918
-0.0349175322870012,0.150444523413821,-0.771282418889606,0,1,1,1,0,0,0,0,0,0,0,1,0,0,0,0,"D",1549,9919
-0.220395971167662,0.307507637672938,-1.62509210213615,0,1,1,1,0,0,0,0,0,0,0,1,0,0,0,0,"D",3423,9920
-0.253966338787503,0.220251839229926,-2.19821003825886,0,1,1,1,0,0,0,0,0,0,0,1,0,0,0,0,"D",3464,9921
-0.105446295178996,0.173902189711918,1.17736320884824,0,1,1,1,0,0,0,0,0,0,0,1,0,0,0,0,"D",1646,9922
0.0940693331506781,0.0978779908546276,-1.15246043067595,0,1,1,1,0,0,0,0,0,0,0,1,0,0,0,0,"D",2823,9923
-0.0814222458286726,0.165246817341145,-0.550847542103944,0,1,1,1,0,0,0,0,0,0,0,1,0,0,0,0,"D",2022,9924
-0.0493195382630107,0.070096866783281,0.117554283105345,0,1,1,1,0,0,0,0,0,0,0,1,0,0,0,0,"D",1255,9925
0.0456281704001222,0.136069184281361,2.67494601375313,0,1,1,1,0,0,0,0,0,0,0,1,0,0,0,0,"D",1691,9926
-0.208587722029299,0.196003116595565,-0.853841208281871,0,1,1,1,0,0,0,0,0,0,0,1,0,0,0,0,"D",3414,9927
-0.10440845744427,0.0931123895681235,1.8726281320071,0,1,1,1,0,0,0,0,0,0,0,1,0,0,0,0,"D",1362,9928
-0.0484695792198535,0.261710860121669,0.211056551428047,0,1,1,1,0,0,0,0,0,0,0,1,0,0,0,0,"D",2845,9929
-0.136862417047998,0.192957755550816,1.50404136041645,0,1,1,1,0,0,0,0,0,0,0,1,0,0,0,0,"D",2333,9930
0.0311733122371925,0.103362759571088,1.44335114264519,0,1,1,1,0,0,0,0,0,0,0,1,0,0,0,0,"D",2005,9931
-0.339240297627113,0.392007825384283,-2.62995207485327,0,1,1,1,0,0,0,0,0,0,0,1,0,0,0,0,"D",2937,9932
-0.154455494397331,0.150183362975125,1.55014478035412,0,1,1,1,0,0,0,0,0,0,0,1,0,0,0,0,"D",1628,9933
-0.122408240737855,0.271090064665462,-0.023017753885712,0,1,1,1,0,0,0,0,0,0,0,1,0,0,0,0,"D",3122,9934
-0.0686675769037212,0.199075832707546,-0.0781046526373605,0,1,1,1,0,0,0,0,0,0,0,1,0,0,0,0,"D",666,9935
-0.0885459295386472,0.135989778727388,-0.109322130218251,0,1,1,1,0,0,0,0,0,0,0,1,0,0,0,0,"D",1125,9936
0.0807847286515866,0.213768632641169,1.15131423368249,0,1,1,1,0,0,0,0,0,0,0,1,0,0,0,0,"D",33,9937
-0.117355620657107,0.15997448264044,-1.05043164090466,0,1,1,1,0,0,0,0,0,0,0,1,0,0,0,0,"D",1671,9938
-0.237464786804146,0.308549779450132,0.374424030781928,0,1,1,1,0,0,0,0,0,0,0,1,0,0,0,0,"D",2714,9939
-0.21770351503626,0.227518993484855,1.66396942445794,0,1,1,1,0,0,0,0,0,0,0,1,0,0,0,0,"D",946,9940
-0.160746865532157,0.170058387247236,2.05916451213619,0,1,1,1,0,0,0,0,0,0,0,1,0,0,0,0,"D",2718,9941
-0.208336311408823,0.190285619083387,0.538357007888177,0,1,1,1,0,0,0,0,0,0,0,1,0,0,0,0,"D",2372,9942
-0.146053300816388,0.148868962429219,-1.07069538980129,0,1,1,1,0,0,0,0,0,0,0,1,0,0,0,0,"D",1117,9943
-0.0387138783846109,0.133396174900328,2.49323225335488,0,1,1,1,0,0,0,0,0,0,0,1,0,0,0,0,"D",3186,9944
-0.150343005211037,0.254818557044923,0.709305813314999,0,1,1,1,0,0,0,0,0,0,0,1,0,0,0,0,"D",2648,9945
-0.258137663786764,0.226709549052401,-0.806825620907842,0,1,1,1,0,0,0,0,0,0,0,1,0,0,0,0,"D",3379,9946
-0.120535686136387,0.17449524858116,-0.464805532837258,0,1,1,1,0,0,0,0,0,0,0,1,0,0,0,0,"D",2742,9947
0.156710522259248,0.161722140133032,-0.987610804335763,0,1,1,1,0,0,0,0,0,0,0,1,0,0,0,0,"D",2336,9948
0.0297694720470983,0.0369455624536391,0.12607768310137,0,1,1,1,0,0,0,0,0,0,0,1,0,0,0,0,"D",267,9949
0.0223838226937022,0.088895343110816,1.25095991453275,0,1,1,1,0,0,0,0,0,0,0,1,0,0,0,0,"D",1359,9950
0.0198925905887541,0.103845009504032,-2.28074458148119,0,1,1,1,0,0,0,0,0,0,0,1,0,0,0,0,"D",1441,9951
-0.113495006423992,0.145189172745038,-2.08503444321147,0,1,1,1,0,0,0,0,0,0,0,1,0,0,0,0,"D",1962,9952
-0.164741906177662,0.238618159329845,0.819794217473367,0,1,1,1,0,0,0,0,0,0,0,1,0,0,0,0,"D",3717,9953
-0.222625666157174,0.252167930283825,-0.0711444790362073,0,1,1,1,0,0,0,0,0,0,0,1,0,0,0,0,"D",347,9954
-0.137412339007688,0.167054034445571,-1.2572234299093,0,1,1,1,0,0,0,0,0,0,0,1,0,0,0,0,"D",2090,9955
0.0550481685901046,0.174418641837807,0.843133038779062,0,1,1,1,0,0,0,0,0,0,0,1,0,0,0,0,"D",3406,9956
-0.00939374041415136,0.179791054794647,0.462292223802239,0,1,1,1,0,0,0,0,0,0,0,1,0,0,0,0,"D",2061,9957
-0.0867082077853914,0.12850108406957,0.82270697502949,0,1,1,1,0,0,0,0,0,0,0,1,0,0,0,0,"D",3699,9958
-0.0602626758107228,0.170316574886164,-0.615447967235794,0,1,1,1,0,0,0,0,0,0,0,1,0,0,0,0,"D",1385,9959
-0.140199602061599,0.136241085669842,0.0657055461336443,0,1,1,1,0,0,0,0,0,0,0,1,0,0,0,0,"D",729,9960
-0.0530814636236875,0.132571380824733,-1.03623429333707,0,1,1,1,0,0,0,0,0,0,0,1,0,0,0,0,"D",712,9961
-0.0222269610287625,0.121506768058538,-1.3807439681806,0,1,1,1,0,0,0,0,0,0,0,1,0,0,0,0,"D",656,9962
-0.0976631818301957,0.157611473705665,2.1944051939951,0,1,1,1,0,0,0,0,0,0,0,1,0,0,0,0,"D",1397,9963
-0.16689405326256,0.239660687924061,0.889471854806343,0,1,1,1,0,0,0,0,0,0,0,1,0,0,0,0,"D",2074,9964
-0.194487368493303,0.231808547338763,0.713952233611946,0,1,1,1,0,0,0,0,0,0,0,1,0,0,0,0,"D",857,9965
-0.194066552904072,0.240523891787249,0.26461428641798,0,1,1,1,0,0,0,0,0,0,0,1,0,0,0,0,"D",2257,9966
-0.116790918715254,0.13051404791613,0.949748053592921,0,1,1,1,0,0,0,0,0,0,0,1,0,0,0,0,"D",1072,9967
-0.0112199647016358,0.121235237631848,0.389839655295238,0,1,1,1,0,0,0,0,0,0,0,1,0,0,0,0,"D",1687,9968
0.0468132257957943,0.115814686188489,-1.79611577961533,0,1,1,1,0,0,0,0,0,0,0,1,0,0,0,0,"D",2575,9969
-0.180237492258879,0.160868580086343,2.4276395115309,0,1,1,1,0,0,0,0,0,0,0,1,0,0,0,0,"D",3006,9970
-0.0784773562307629,0.199469795393232,-0.0409137037232871,0,1,1,1,0,0,0,0,0,0,0,1,0,0,0,0,"D",3732,9971
-0.112843142490075,0.15643582337948,-0.255311247217829,0,1,1,1,0,0,0,0,0,0,0,1,0,0,0,0,"D",482,9972
-0.0896713546061362,0.208516844907885,0.0431454270763269,0,1,1,1,0,0,0,0,0,0,0,1,0,0,0,0,"D",1341,9973
-0.101316471725086,0.123129630946123,-0.503828369625339,0,1,1,1,0,0,0,0,0,0,0,1,0,0,0,0,"D",3204,9974
-0.132473156393421,0.162161774681545,-1.61121311538179,0,1,1,1,0,0,0,0,0,0,0,1,0,0,0,0,"D",1763,9975
-0.133860157830715,0.0808745769958387,-0.556097621115521,0,1,1,1,0,0,0,0,0,0,0,1,0,0,0,0,"D",2318,9976
-0.0996717244158844,0.218170913265571,2.39744768575574,0,1,1,1,0,0,0,0,0,0,0,1,0,0,0,0,"D",1059,9977
-0.229030829750816,0.218779042380877,-1.74257835375972,0,1,1,1,0,0,0,0,0,0,0,1,0,0,0,0,"D",1290,9978
-0.00455261712889291,0.117094828066637,0.324896511058746,0,1,1,1,0,0,0,0,0,0,0,1,0,0,0,0,"D",3146,9979
-0.234228666020421,0.238321246654078,0.82803095843437,0,1,1,1,0,0,0,0,0,0,0,1,0,0,0,0,"D",1594,9980
-0.076113178011301,0.188955809445323,-1.78422139506224,0,1,1,1,0,0,0,0,0,0,0,1,0,0,0,0,"D",2727,9981
-0.123587808696556,0.278817261195353,1.20534507020415,0,1,1,1,0,0,0,0,0,0,0,1,0,0,0,0,"D",2960,9982
-0.0481301878865511,0.091067274907574,-0.799177334987599,0,1,1,1,0,0,0,0,0,0,0,1,0,0,0,0,"D",3738,9983
-0.148029832812338,0.28928449444208,0.225812838722471,0,1,1,1,0,0,0,0,0,0,0,1,0,0,0,0,"D",1567,9984
-0.0552592300286175,0.175595348058947,-0.656539593488018,0,1,1,1,0,0,0,0,0,0,0,1,0,0,0,0,"D",1930,9985
-0.106924972159058,0.0650631083837265,1.07165265949029,0,1,1,1,0,0,0,0,0,0,0,1,0,0,0,0,"D",3714,9986
-0.127193648909097,0.352014158272065,-0.0887915131519667,0,1,1,1,0,0,0,0,0,0,0,1,0,0,0,0,"D",435,9987
0.030920491534193,0.082230522308874,-0.0832702561268635,0,1,1,1,0,0,0,0,0,0,0,1,0,0,0,0,"D",1461,9988
-0.0905086855790606,0.159278382708726,1.65590485271793,0,1,1,1,0,0,0,0,0,0,0,1,0,0,0,0,"D",2661,9989
-0.0284209769844965,0.126114803592204,-2.65802670857149,0,1,1,1,0,0,0,0,0,0,0,1,0,0,0,0,"D",1967,9990
-0.131274044903969,0.235342711501019,-0.286264951510655,0,1,1,1,0,0,0,0,0,0,0,1,0,0,0,0,"D",2087,9991
-0.186339044686842,0.222964881267187,1.03085599104345,0,1,1,1,0,0,0,0,0,0,0,1,0,0,0,0,"D",2137,9992
-0.100263758164373,0.214913668996914,-0.378015559620666,0,1,1,1,0,0,0,0,0,0,0,1,0,0,0,0,"D",2578,9993
-0.203385223640565,0.202107011119,0.457544921589357,0,1,1,1,0,0,0,0,0,0,0,1,0,0,0,0,"D",899,9994
-0.18741242608704,0.161016396804058,0.573358315249333,0,1,1,1,0,0,0,0,0,0,0,1,0,0,0,0,"D",3030,9995
0.021370216849166,0.18755485805827,-1.34483357079314,0,1,1,1,0,0,0,0,0,0,0,1,0,0,0,0,"D",2602,9996
-0.0208256036556454,0.103813911236157,0.699062493016097,0,1,1,1,0,0,0,0,0,0,0,1,0,0,0,0,"D",394,9997
-0.0853186725600383,0.132876970858175,1.27960201239986,0,1,1,1,0,0,0,0,0,0,0,1,0,0,0,0,"D",3326,9998
-0.114573691780381,0.27194974048054,0.133827622485833,0,1,1,1,0,0,0,0,0,0,0,1,0,0,0,0,"D",2240,9999
-0.113649821547915,0.0660693172917546,0.352975307941001,0,0,1,1,1,0,0,0,0,0,0,1,0,0,0,0,"C",491,10000
-0.0809236684673307,0.0674052578797528,0.264383480643088,0,0,1,1,1,0,0,0,0,0,0,1,0,0,0,0,"C",3721,10001
-0.098531040389189,0.0890888620850767,-0.0172542618650081,0,0,1,1,1,0,0,0,0,0,0,1,0,0,0,0,"C",3402,10002
-0.0735234012086664,0.0555343960426433,0.392941136499512,0,0,1,1,1,0,0,0,0,0,0,1,0,0,0,0,"C",368,10003
-0.0779527359110416,0.0506467512597967,0.332575659498044,0,0,1,1,1,0,0,0,0,0,0,1,0,0,0,0,"C",1484,10004
-0.105588540931158,0.0594257384172883,0.170290220075824,0,0,1,1,1,0,0,0,0,0,0,1,0,0,0,0,"C",2487,10005
-0.112475015959494,0.0854741944877442,0.251792715135655,0,0,1,1,1,0,0,0,0,0,0,1,0,0,0,0,"C",1608,10006
-0.0981941528925719,0.0941475202356608,-0.120484855627989,0,0,1,1,1,0,0,0,0,0,0,1,0,0,0,0,"C",1462,10007
-0.0927745167207934,0.0605843114438934,0.286719484104848,0,0,1,1,1,0,0,0,0,0,0,1,0,0,0,0,"C",3495,10008
-0.0541129737206976,0.076600153048785,0.404735580871239,0,0,1,1,1,0,0,0,0,0,0,1,0,0,0,0,"C",3583,10009
-0.115291083492654,0.101055301185055,-0.0844858811825507,0,0,1,1,1,0,0,0,0,0,0,1,0,0,0,0,"C",1747,10010
-0.1090181239714,0.07758883343135,0.214179454065664,0,0,1,1,1,0,0,0,0,0,0,1,0,0,0,0,"C",344,10011
-0.0595217628142516,0.0515154897950135,-0.194315487756626,0,0,1,1,1,0,0,0,0,0,0,1,0,0,0,0,"C",3343,10012
-0.0774822374304081,0.0680795988310262,0.12917570084835,0,0,1,1,1,0,0,0,0,0,0,1,0,0,0,0,"C",2191,10013
-0.0690840662684932,0.0627899442892382,0.10716655285395,0,0,1,1,1,0,0,0,0,0,0,1,0,0,0,0,"C",2986,10014
-0.0848350998820949,0.0864176399517089,0.668175969637341,0,0,1,1,1,0,0,0,0,0,0,1,0,0,0,0,"C",3527,10015
-0.0979696374095518,0.0934807952913172,0.771771973607112,0,0,1,1,1,0,0,0,0,0,0,1,0,0,0,0,"C",3748,10016
-0.0834178978023609,0.0744452036327527,-0.123021664672847,0,0,1,1,1,0,0,0,0,0,0,1,0,0,0,0,"C",930,10017
-0.0890904413487474,0.0576776998658169,-0.19916374963597,0,0,1,1,1,0,0,0,0,0,0,1,0,0,0,0,"C",1560,10018
-0.068235056346782,0.051777998482423,0.65038083816131,0,0,1,1,1,0,0,0,0,0,0,1,0,0,0,0,"C",1549,10019
-0.0947907291061822,0.0698296164144174,0.388908375524619,0,0,1,1,1,0,0,0,0,0,0,1,0,0,0,0,"C",3423,10020
-0.0671729748404769,0.0417735936480764,0.378810105909445,0,0,1,1,1,0,0,0,0,0,0,1,0,0,0,0,"C",3464,10021
-0.0776615998443425,0.0496004970959587,0.029824762195962,0,0,1,1,1,0,0,0,0,0,0,1,0,0,0,0,"C",1646,10022
-0.050985950773733,0.0698683815022829,0.193419634042037,0,0,1,1,1,0,0,0,0,0,0,1,0,0,0,0,"C",2823,10023
-0.102631045620338,0.0940157997233411,0.418915266680623,0,0,1,1,1,0,0,0,0,0,0,1,0,0,0,0,"C",2022,10024
-0.107277326983153,0.0832985760168772,-0.0205635402211941,0,0,1,1,1,0,0,0,0,0,0,1,0,0,0,0,"C",1255,10025
-0.110572165480905,0.10182027164966,0.417268175806364,0,0,1,1,1,0,0,0,0,0,0,1,0,0,0,0,"C",1691,10026
-0.0802148292239026,0.0776645210691607,1.22045077396686,0,0,1,1,1,0,0,0,0,0,0,1,0,0,0,0,"C",3414,10027
-0.0997885155710049,0.0619880670655951,0.467863202087821,0,0,1,1,1,0,0,0,0,0,0,1,0,0,0,0,"C",1362,10028
-0.0737687361190977,0.0490548887908117,0.225647889227435,0,0,1,1,1,0,0,0,0,0,0,1,0,0,0,0,"C",2845,10029
-0.097357945666413,0.0829492369532173,0.7673331743949,0,0,1,1,1,0,0,0,0,0,0,1,0,0,0,0,"C",2333,10030
-0.0789729453347646,0.0596509355153847,0.148923598664457,0,0,1,1,1,0,0,0,0,0,0,1,0,0,0,0,"C",2005,10031
-0.0955445311257982,0.0583962623117487,0.318122038293087,0,0,1,1,1,0,0,0,0,0,0,1,0,0,0,0,"C",2937,10032
-0.092003906354338,0.0721057403903581,-0.0512932414729259,0,0,1,1,1,0,0,0,0,0,0,1,0,0,0,0,"C",1628,10033
-0.0946131174657078,0.0796046440625142,-0.143183347050612,0,0,1,1,1,0,0,0,0,0,0,1,0,0,0,0,"C",3122,10034
-0.0886234027702049,0.0830819542908626,0.240715355523613,0,0,1,1,1,0,0,0,0,0,0,1,0,0,0,0,"C",666,10035
-0.0898006042244758,0.0687710218971924,0.330298704016436,0,0,1,1,1,0,0,0,0,0,0,1,0,0,0,0,"C",1125,10036
-0.0650511525602948,0.0754181462342779,0.327307293725974,0,0,1,1,1,0,0,0,0,0,0,1,0,0,0,0,"C",33,10037
-0.107210532325239,0.0740762657992944,-0.0345231155375922,0,0,1,1,1,0,0,0,0,0,0,1,0,0,0,0,"C",1671,10038
-0.0792720272588734,0.0700279936245249,0.419361117870171,0,0,1,1,1,0,0,0,0,0,0,1,0,0,0,0,"C",2714,10039
-0.0842520725452202,0.0596008850967944,0.501106487165222,0,0,1,1,1,0,0,0,0,0,0,1,0,0,0,0,"C",946,10040
-0.083325749500339,0.0598680336893586,0.268056784416776,0,0,1,1,1,0,0,0,0,0,0,1,0,0,0,0,"C",2718,10041
-0.0852600190653552,0.0974521211793949,0.510706454809941,0,0,1,1,1,0,0,0,0,0,0,1,0,0,0,0,"C",2372,10042
-0.0856126402400769,0.0613622237845483,0.708047785520766,0,0,1,1,1,0,0,0,0,0,0,1,0,0,0,0,"C",1117,10043
-0.0946129640373782,0.0859571879102151,0.225682402526596,0,0,1,1,1,0,0,0,0,0,0,1,0,0,0,0,"C",3186,10044
-0.0615099196158246,0.043906962772325,0.729175487352012,0,0,1,1,1,0,0,0,0,0,0,1,0,0,0,0,"C",2648,10045
-0.0896213294200915,0.0494032778627804,-0.207511772599813,0,0,1,1,1,0,0,0,0,0,0,1,0,0,0,0,"C",3379,10046
-0.0760728149435131,0.0417837696908671,0.182992821462713,0,0,1,1,1,0,0,0,0,0,0,1,0,0,0,0,"C",2742,10047
-0.120775556954304,0.0875708764093011,0.207906455506505,0,0,1,1,1,0,0,0,0,0,0,1,0,0,0,0,"C",2336,10048
-0.098084980528786,0.0771548716056995,-0.00830893677330038,0,0,1,1,1,0,0,0,0,0,0,1,0,0,0,0,"C",267,10049
-0.0721989681331537,0.0679623961633022,0.000281193205183402,0,0,1,1,1,0,0,0,0,0,0,1,0,0,0,0,"C",1359,10050
-0.096357900077418,0.078533800780858,0.436248061718404,0,0,1,1,1,0,0,0,0,0,0,1,0,0,0,0,"C",1441,10051
-0.0641464342989726,0.0750332880703811,0.376830251471059,0,0,1,1,1,0,0,0,0,0,0,1,0,0,0,0,"C",1962,10052
-0.0796613535263312,0.0711300988171278,0.449745763048667,0,0,1,1,1,0,0,0,0,0,0,1,0,0,0,0,"C",3717,10053
-0.0866532355827707,0.0943926068438711,0.166308419802139,0,0,1,1,1,0,0,0,0,0,0,1,0,0,0,0,"C",347,10054
-0.0986774603939817,0.0845102119290157,0.167711397190083,0,0,1,1,1,0,0,0,0,0,0,1,0,0,0,0,"C",2090,10055
-0.0603610629794184,0.0501751620786923,0.612841076260404,0,0,1,1,1,0,0,0,0,0,0,1,0,0,0,0,"C",3406,10056
-0.104403985218838,0.0682496031936042,0.19488297517863,0,0,1,1,1,0,0,0,0,0,0,1,0,0,0,0,"C",2061,10057
-0.0930042636060171,0.0990077191715212,0.448813568205415,0,0,1,1,1,0,0,0,0,0,0,1,0,0,0,0,"C",3699,10058
-0.0767827927885165,0.0590608002471724,-0.0961245025273185,0,0,1,1,1,0,0,0,0,0,0,1,0,0,0,0,"C",1385,10059
-0.0700233901196851,0.075409698345097,-0.16608936146441,0,0,1,1,1,0,0,0,0,0,0,1,0,0,0,0,"C",729,10060
-0.065446352037277,0.0410867159063361,0.35068559702194,0,0,1,1,1,0,0,0,0,0,0,1,0,0,0,0,"C",712,10061
-0.0903234282913518,0.0629386501980011,0.321665497606404,0,0,1,1,1,0,0,0,0,0,0,1,0,0,0,0,"C",656,10062
-0.0600431989542323,0.0445131336064253,0.605245822390575,0,0,1,1,1,0,0,0,0,0,0,1,0,0,0,0,"C",1397,10063
-0.100086884878788,0.0466073292766446,0.336607141350153,0,0,1,1,1,0,0,0,0,0,0,1,0,0,0,0,"C",2074,10064
-0.074374382618214,0.0634917732315533,0.00953642770700728,0,0,1,1,1,0,0,0,0,0,0,1,0,0,0,0,"C",857,10065
-0.0826570226936747,0.0759247801380781,0.17046750651913,0,0,1,1,1,0,0,0,0,0,0,1,0,0,0,0,"C",2257,10066
-0.0558696910497403,0.0447612578327284,0.902629114414126,0,0,1,1,1,0,0,0,0,0,0,1,0,0,0,0,"C",1072,10067
-0.0623968180055181,0.0620057359465198,0.0622358068920045,0,0,1,1,1,0,0,0,0,0,0,1,0,0,0,0,"C",1687,10068
-0.0761671914838494,0.0814364781667181,0.281490460549662,0,0,1,1,1,0,0,0,0,0,0,1,0,0,0,0,"C",2575,10069
-0.0879231750085323,0.0625310302809797,0.0275162824188553,0,0,1,1,1,0,0,0,0,0,0,1,0,0,0,0,"C",3006,10070
-0.0991986860092691,0.0667950071677346,0.519456779346768,0,0,1,1,1,0,0,0,0,0,0,1,0,0,0,0,"C",3732,10071
-0.0782154419373507,0.0745422766413141,0.810583772727379,0,0,1,1,1,0,0,0,0,0,0,1,0,0,0,0,"C",482,10072
-0.072874144857945,0.0471422727048276,0.436196612126732,0,0,1,1,1,0,0,0,0,0,0,1,0,0,0,0,"C",1341,10073
-0.085915692821576,0.0596286596133813,0.554745349144425,0,0,1,1,1,0,0,0,0,0,0,1,0,0,0,0,"C",3204,10074
-0.0823275170102997,0.0888628204846731,0.320644114112661,0,0,1,1,1,0,0,0,0,0,0,1,0,0,0,0,"C",1763,10075
-0.0929372394516073,0.0643913249877178,0.210921409228954,0,0,1,1,1,0,0,0,0,0,0,1,0,0,0,0,"C",2318,10076
-0.105853136656835,0.061526524388277,0.163138154524506,0,0,1,1,1,0,0,0,0,0,0,1,0,0,0,0,"C",1059,10077
-0.109395694209651,0.0851318767312002,-0.326096634335971,0,0,1,1,1,0,0,0,0,0,0,1,0,0,0,0,"C",1290,10078
-0.104842258682445,0.0758605518342858,-0.162600812587169,0,0,1,1,1,0,0,0,0,0,0,1,0,0,0,0,"C",3146,10079
-0.109333791748631,0.0703722280720756,-0.066189022267159,0,0,1,1,1,0,0,0,0,0,0,1,0,0,0,0,"C",1594,10080
-0.104437962106723,0.0705518862944883,0.226786162618051,0,0,1,1,1,0,0,0,0,0,0,1,0,0,0,0,"C",2727,10081
-0.101232437256972,0.0678248927244115,0.367231765105344,0,0,1,1,1,0,0,0,0,0,0,1,0,0,0,0,"C",2960,10082
-0.0453000239881691,0.0394344930172343,0.44084506476497,0,0,1,1,1,0,0,0,0,0,0,1,0,0,0,0,"C",3738,10083
-0.0900224262443247,0.0800236761918976,0.275306739365282,0,0,1,1,1,0,0,0,0,0,0,1,0,0,0,0,"C",1567,10084
-0.068426490135991,0.0633464963325701,0.0360719619958591,0,0,1,1,1,0,0,0,0,0,0,1,0,0,0,0,"C",1930,10085
-0.081572982538123,0.0748710604650095,0.196726498043809,0,0,1,1,1,0,0,0,0,0,0,1,0,0,0,0,"C",3714,10086
-0.0975196383025351,0.0896200486094981,0.295444297372046,0,0,1,1,1,0,0,0,0,0,0,1,0,0,0,0,"C",435,10087
-0.103777525481202,0.0689777693829122,-0.00737629946814646,0,0,1,1,1,0,0,0,0,0,0,1,0,0,0,0,"C",1461,10088
-0.0727144961427819,0.0558785413371087,0.277944425143929,0,0,1,1,1,0,0,0,0,0,0,1,0,0,0,0,"C",2661,10089
-0.107549188427476,0.0788179829912125,0.454560487411555,0,0,1,1,1,0,0,0,0,0,0,1,0,0,0,0,"C",1967,10090
-0.0979216458850817,0.0676566132196989,0.152778499122086,0,0,1,1,1,0,0,0,0,0,0,1,0,0,0,0,"C",2087,10091
-0.0983509676467167,0.0606131588190631,0.768839366986854,0,0,1,1,1,0,0,0,0,0,0,1,0,0,0,0,"C",2137,10092
-0.0589590123565354,0.0414961620816283,0.29838322770136,0,0,1,1,1,0,0,0,0,0,0,1,0,0,0,0,"C",2578,10093
-0.0895501103164509,0.0678728568032364,0.638703419851746,0,0,1,1,1,0,0,0,0,0,0,1,0,0,0,0,"C",899,10094
-0.0818297388056075,0.0569285919522646,0.344594799505476,0,0,1,1,1,0,0,0,0,0,0,1,0,0,0,0,"C",3030,10095
-0.0757222691894369,0.0611696862462573,0.799897839229231,0,0,1,1,1,0,0,0,0,0,0,1,0,0,0,0,"C",2602,10096
-0.115043045030386,0.0782118484803952,-0.195149900155517,0,0,1,1,1,0,0,0,0,0,0,1,0,0,0,0,"C",394,10097
-0.06985969739591,0.055960254878344,-0.10483586625443,0,0,1,1,1,0,0,0,0,0,0,1,0,0,0,0,"C",3326,10098
-0.0934531783240508,0.086123117986726,0.180214539737324,0,0,1,1,1,0,0,0,0,0,0,1,0,0,0,0,"C",2240,10099
-0.0827400472293658,0.0821786904864406,0.695996676652195,0,0,1,1,1,0,0,0,0,0,0,1,0,0,0,0,"D",491,10100
-0.0965610701895487,0.0868129771989071,0.693594223126669,0,0,1,1,1,0,0,0,0,0,0,1,0,0,0,0,"D",3721,10101
-0.0813309898345664,0.0763167575937688,0.68128829963067,0,0,1,1,1,0,0,0,0,0,0,1,0,0,0,0,"D",3402,10102
-0.118574225639987,0.111894729580436,0.62474829747031,0,0,1,1,1,0,0,0,0,0,0,1,0,0,0,0,"D",368,10103
-0.11432505576959,0.112488823461293,0.478908760097648,0,0,1,1,1,0,0,0,0,0,0,1,0,0,0,0,"D",1484,10104
-0.0966154316928702,0.0977314535854516,0.688684514074056,0,0,1,1,1,0,0,0,0,0,0,1,0,0,0,0,"D",2487,10105
-0.0966141051829192,0.0906558294160801,0.844369713981732,0,0,1,1,1,0,0,0,0,0,0,1,0,0,0,0,"D",1608,10106
-0.110972840334593,0.0824269825429367,0.289104955107543,0,0,1,1,1,0,0,0,0,0,0,1,0,0,0,0,"D",1462,10107
-0.072398516797608,0.0561922190166763,0.392472702224154,0,0,1,1,1,0,0,0,0,0,0,1,0,0,0,0,"D",3495,10108
-0.0916342185018195,0.0779205239858685,0.655620177360267,0,0,1,1,1,0,0,0,0,0,0,1,0,0,0,0,"D",3583,10109
-0.112530410255019,0.112389610896158,0.4402482030119,0,0,1,1,1,0,0,0,0,0,0,1,0,0,0,0,"D",1747,10110
-0.117899979792056,0.0934474443075986,0.582814027182715,0,0,1,1,1,0,0,0,0,0,0,1,0,0,0,0,"D",344,10111
-0.105623461932939,0.0827783754548141,0.66864704632722,0,0,1,1,1,0,0,0,0,0,0,1,0,0,0,0,"D",3343,10112
-0.115496511031757,0.0947956591278781,0.5442310320048,0,0,1,1,1,0,0,0,0,0,0,1,0,0,0,0,"D",2191,10113
-0.112542619519567,0.105120131033928,0.668811443349117,0,0,1,1,1,0,0,0,0,0,0,1,0,0,0,0,"D",2986,10114
-0.0749317474605283,0.0914199270592336,0.598896578568783,0,0,1,1,1,0,0,0,0,0,0,1,0,0,0,0,"D",3527,10115
-0.107536268256895,0.105752668812328,0.619025480144633,0,0,1,1,1,0,0,0,0,0,0,1,0,0,0,0,"D",3748,10116
-0.0922511301735564,0.0861774456236213,0.82820321862855,0,0,1,1,1,0,0,0,0,0,0,1,0,0,0,0,"D",930,10117
-0.103953639965275,0.0891282838983896,0.411508659805005,0,0,1,1,1,0,0,0,0,0,0,1,0,0,0,0,"D",1560,10118
-0.0969780426882789,0.076233169229906,0.592938330717586,0,0,1,1,1,0,0,0,0,0,0,1,0,0,0,0,"D",1549,10119
-0.112695417209742,0.100965965330223,0.650067589141399,0,0,1,1,1,0,0,0,0,0,0,1,0,0,0,0,"D",3423,10120
-0.0984963081595712,0.0944063186611167,0.725782838333361,0,0,1,1,1,0,0,0,0,0,0,1,0,0,0,0,"D",3464,10121
-0.119787419899517,0.113774771774952,0.839488594256465,0,0,1,1,1,0,0,0,0,0,0,1,0,0,0,0,"D",1646,10122
-0.0900458661921697,0.0925675929721285,0.616268336827448,0,0,1,1,1,0,0,0,0,0,0,1,0,0,0,0,"D",2823,10123
-0.0965729653274599,0.0910497341793339,0.444209170386085,0,0,1,1,1,0,0,0,0,0,0,1,0,0,0,0,"D",2022,10124
-0.0700198972661194,0.0552676289542433,0.784644386935284,0,0,1,1,1,0,0,0,0,0,0,1,0,0,0,0,"D",1255,10125
-0.111683855114882,0.083720778546928,0.0759207668260812,0,0,1,1,1,0,0,0,0,0,0,1,0,0,0,0,"D",1691,10126
-0.10744966959452,0.0684652178952494,0.0986083802871389,0,0,1,1,1,0,0,0,0,0,0,1,0,0,0,0,"D",3414,10127
-0.11567121734748,0.112184259031923,0.79296001157756,0,0,1,1,1,0,0,0,0,0,0,1,0,0,0,0,"D",1362,10128
-0.0827833734931456,0.0856384378904415,0.901802399998307,0,0,1,1,1,0,0,0,0,0,0,1,0,0,0,0,"D",2845,10129
-0.131313521875483,0.068357607910817,0.545518897326236,0,0,1,1,1,0,0,0,0,0,0,1,0,0,0,0,"D",2333,10130
-0.0944405256193447,0.0802913163279325,0.556783846933611,0,0,1,1,1,0,0,0,0,0,0,1,0,0,0,0,"D",2005,10131
-0.107865023048144,0.0887031500866824,0.590493322037772,0,0,1,1,1,0,0,0,0,0,0,1,0,0,0,0,"D",2937,10132
-0.111492892838401,0.110343256975976,0.511289197617644,0,0,1,1,1,0,0,0,0,0,0,1,0,0,0,0,"D",1628,10133
-0.0962522061058159,0.104416356429891,1.02170202990526,0,0,1,1,1,0,0,0,0,0,0,1,0,0,0,0,"D",3122,10134
-0.139297145185409,0.0974920810378155,0.705327526381548,0,0,1,1,1,0,0,0,0,0,0,1,0,0,0,0,"D",666,10135
-0.0970820382085311,0.0745142932616727,0.396121011034914,0,0,1,1,1,0,0,0,0,0,0,1,0,0,0,0,"D",1125,10136
-0.0628558191730774,0.0875054361428269,0.670046420272093,0,0,1,1,1,0,0,0,0,0,0,1,0,0,0,0,"D",33,10137
-0.08602939264534,0.0920400779637588,0.780640524508885,0,0,1,1,1,0,0,0,0,0,0,1,0,0,0,0,"D",1671,10138
-0.0922723285608387,0.0804154974821056,0.951911869854799,0,0,1,1,1,0,0,0,0,0,0,1,0,0,0,0,"D",2714,10139
-0.121391266710651,0.102182834503393,0.310223373957848,0,0,1,1,1,0,0,0,0,0,0,1,0,0,0,0,"D",946,10140
-0.115455254768677,0.0994924640942303,0.804752802051464,0,0,1,1,1,0,0,0,0,0,0,1,0,0,0,0,"D",2718,10141
-0.0860060821823398,0.0900591553227589,0.676868483769125,0,0,1,1,1,0,0,0,0,0,0,1,0,0,0,0,"D",2372,10142
-0.113851838787318,0.113867309900652,0.787510325647574,0,0,1,1,1,0,0,0,0,0,0,1,0,0,0,0,"D",1117,10143
-0.0694667958108068,0.0703535755628681,0.739817313122524,0,0,1,1,1,0,0,0,0,0,0,1,0,0,0,0,"D",3186,10144
-0.0764677448073448,0.0647948075639453,0.7909608150252,0,0,1,1,1,0,0,0,0,0,0,1,0,0,0,0,"D",2648,10145
-0.118137666039359,0.090114473952435,0.543239967315454,0,0,1,1,1,0,0,0,0,0,0,1,0,0,0,0,"D",3379,10146
-0.0780444058309307,0.0808473248141499,1.05258704471154,0,0,1,1,1,0,0,0,0,0,0,1,0,0,0,0,"D",2742,10147
-0.101626753853361,0.0945957943722782,1.00962013470129,0,0,1,1,1,0,0,0,0,0,0,1,0,0,0,0,"D",2336,10148
-0.108698178136183,0.0892442299077776,0.812625857729685,0,0,1,1,1,0,0,0,0,0,0,1,0,0,0,0,"D",267,10149
-0.101161011646944,0.0965453330682731,0.482359328566061,0,0,1,1,1,0,0,0,0,0,0,1,0,0,0,0,"D",1359,10150
-0.0848248943705849,0.0648543861094625,1.08105298351286,0,0,1,1,1,0,0,0,0,0,0,1,0,0,0,0,"D",1441,10151
-0.0972666566186305,0.106494090737669,0.849617908489501,0,0,1,1,1,0,0,0,0,0,0,1,0,0,0,0,"D",1962,10152
-0.103211204289094,0.074293094974078,0.154608679989924,0,0,1,1,1,0,0,0,0,0,0,1,0,0,0,0,"D",3717,10153
-0.106641381094491,0.0830365948816773,0.734880833040113,0,0,1,1,1,0,0,0,0,0,0,1,0,0,0,0,"D",347,10154
-0.0887029575897808,0.0942968252966819,1.06955790499917,0,0,1,1,1,0,0,0,0,0,0,1,0,0,0,0,"D",2090,10155
-0.0772077589293903,0.0879344721120523,0.919834606331696,0,0,1,1,1,0,0,0,0,0,0,1,0,0,0,0,"D",3406,10156
-0.121176868522182,0.0972994491992208,0.917471460909142,0,0,1,1,1,0,0,0,0,0,0,1,0,0,0,0,"D",2061,10157
-0.0960061270574805,0.0908424967507368,1.45750836359626,0,0,1,1,1,0,0,0,0,0,0,1,0,0,0,0,"D",3699,10158
-0.126545932969952,0.112600767303757,1.14887629982522,0,0,1,1,1,0,0,0,0,0,0,1,0,0,0,0,"D",1385,10159
-0.112292304311666,0.0795461768550377,1.13072785143553,0,0,1,1,1,0,0,0,0,0,0,1,0,0,0,0,"D",729,10160
-0.113117677123049,0.0910119282575143,0.610770564273341,0,0,1,1,1,0,0,0,0,0,0,1,0,0,0,0,"D",712,10161
-0.0977296648776163,0.0832620545823716,1.37789792623088,0,0,1,1,1,0,0,0,0,0,0,1,0,0,0,0,"D",656,10162
-0.0781577051930383,0.0744037535419479,0.0682306580306622,0,0,1,1,1,0,0,0,0,0,0,1,0,0,0,0,"D",1397,10163
-0.0986261165026031,0.111034528726876,1.0561218139751,0,0,1,1,1,0,0,0,0,0,0,1,0,0,0,0,"D",2074,10164
-0.101952185152931,0.0951089913247729,0.986779986976468,0,0,1,1,1,0,0,0,0,0,0,1,0,0,0,0,"D",857,10165
-0.110530564315563,0.0908210117255313,0.488441012589413,0,0,1,1,1,0,0,0,0,0,0,1,0,0,0,0,"D",2257,10166
-0.0885036265146866,0.0740248358708592,0.759248950696942,0,0,1,1,1,0,0,0,0,0,0,1,0,0,0,0,"D",1072,10167
-0.0944248015681814,0.0817714684275012,0.467257660210527,0,0,1,1,1,0,0,0,0,0,0,1,0,0,0,0,"D",1687,10168
-0.0844383935337656,0.0896166618817505,0.58803697026972,0,0,1,1,1,0,0,0,0,0,0,1,0,0,0,0,"D",2575,10169
-0.111296417095102,0.111628200967172,0.907694108785353,0,0,1,1,1,0,0,0,0,0,0,1,0,0,0,0,"D",3006,10170
-0.105444553534031,0.0871322857341963,0.485646458574409,0,0,1,1,1,0,0,0,0,0,0,1,0,0,0,0,"D",3732,10171
-0.103002319616587,0.0974828838048683,0.720539428394527,0,0,1,1,1,0,0,0,0,0,0,1,0,0,0,0,"D",482,10172
-0.118666630086302,0.106536419236766,0.696551151143182,0,0,1,1,1,0,0,0,0,0,0,1,0,0,0,0,"D",1341,10173
-0.105182996384716,0.0634747933290001,0.325914525538104,0,0,1,1,1,0,0,0,0,0,0,1,0,0,0,0,"D",3204,10174
-0.0959605797664222,0.0669173064431753,0.268988014729807,0,0,1,1,1,0,0,0,0,0,0,1,0,0,0,0,"D",1763,10175
-0.0934320181063708,0.0758391254152135,0.228925024611255,0,0,1,1,1,0,0,0,0,0,0,1,0,0,0,0,"D",2318,10176
-0.118926092517869,0.106984543106687,1.14208252503829,0,0,1,1,1,0,0,0,0,0,0,1,0,0,0,0,"D",1059,10177
-0.086813057975281,0.0908189125220678,0.385828548439676,0,0,1,1,1,0,0,0,0,0,0,1,0,0,0,0,"D",1290,10178
-0.105903312614843,0.0846850877384593,0.390858500092648,0,0,1,1,1,0,0,0,0,0,0,1,0,0,0,0,"D",3146,10179
-0.0806126567003858,0.0735017574207982,0.5843917567389,0,0,1,1,1,0,0,0,0,0,0,1,0,0,0,0,"D",1594,10180
-0.0956807423709699,0.080292396475306,0.460066899191063,0,0,1,1,1,0,0,0,0,0,0,1,0,0,0,0,"D",2727,10181
-0.116447864651089,0.104081656636893,0.729816643287086,0,0,1,1,1,0,0,0,0,0,0,1,0,0,0,0,"D",2960,10182
-0.0938785255255777,0.117586914054492,0.472049444464724,0,0,1,1,1,0,0,0,0,0,0,1,0,0,0,0,"D",3738,10183
-0.0905130274253571,0.0746486410558935,1.03791736175934,0,0,1,1,1,0,0,0,0,0,0,1,0,0,0,0,"D",1567,10184
-0.0752589267722393,0.0842184564625732,0.751193805637715,0,0,1,1,1,0,0,0,0,0,0,1,0,0,0,0,"D",1930,10185
-0.116010517885443,0.0716721639940511,0.604830709111885,0,0,1,1,1,0,0,0,0,0,0,1,0,0,0,0,"D",3714,10186
-0.093837550716158,0.1000137444141,1.02108486954967,0,0,1,1,1,0,0,0,0,0,0,1,0,0,0,0,"D",435,10187
-0.132505577161975,0.0968703673878899,0.621859851141002,0,0,1,1,1,0,0,0,0,0,0,1,0,0,0,0,"D",1461,10188
-0.133247723840948,0.0928004808416427,0.545944965909971,0,0,1,1,1,0,0,0,0,0,0,1,0,0,0,0,"D",2661,10189
-0.0660227009204134,0.0752452186396434,0.463383869802512,0,0,1,1,1,0,0,0,0,0,0,1,0,0,0,0,"D",1967,10190
-0.0859473097701332,0.0741221805399875,0.701965667933474,0,0,1,1,1,0,0,0,0,0,0,1,0,0,0,0,"D",2087,10191
-0.0703995802228949,0.0828907285170007,0.90043449070948,0,0,1,1,1,0,0,0,0,0,0,1,0,0,0,0,"D",2137,10192
-0.0892345390281643,0.105263027704507,0.599434299084508,0,0,1,1,1,0,0,0,0,0,0,1,0,0,0,0,"D",2578,10193
-0.091738117307761,0.103073539833153,0.887553646795826,0,0,1,1,1,0,0,0,0,0,0,1,0,0,0,0,"D",899,10194
-0.124328288376752,0.112803572676617,0.522668472472016,0,0,1,1,1,0,0,0,0,0,0,1,0,0,0,0,"D",3030,10195
-0.130571183495509,0.106189890123997,0.837466842527615,0,0,1,1,1,0,0,0,0,0,0,1,0,0,0,0,"D",2602,10196
-0.0930849078282559,0.0792218822225441,0.445350776144244,0,0,1,1,1,0,0,0,0,0,0,1,0,0,0,0,"D",394,10197
-0.0840917881251308,0.0930455004674082,0.713040567734916,0,0,1,1,1,0,0,0,0,0,0,1,0,0,0,0,"D",3326,10198
-0.102073438678789,0.0611924656638906,0.223911808571059,0,0,1,1,1,0,0,0,0,0,0,1,0,0,0,0,"D",2240,10199
-0.182855788109738,0.10672210119201,0.0327776130543564,0,0,1,1,0,0,0,0,1,0,0,1,0,0,0,0,"C",491,10200
-0.167482819521727,0.0912833059668934,0.187250775078015,0,0,1,1,0,0,0,0,1,0,0,1,0,0,0,0,"C",3721,10201
-0.155141777203714,0.0892528586483515,-0.330594953654534,0,0,1,1,0,0,0,0,1,0,0,1,0,0,0,0,"C",3402,10202
-0.146103017093501,0.0657441600708458,0.0188274759152211,0,0,1,1,0,0,0,0,1,0,0,1,0,0,0,0,"C",368,10203
-0.152394477780513,0.0868643931084898,0.536460339469851,0,0,1,1,0,0,0,0,1,0,0,1,0,0,0,0,"C",1484,10204
-0.204213880487903,0.105176862974836,-0.15179161737374,0,0,1,1,0,0,0,0,1,0,0,1,0,0,0,0,"C",2487,10205
-0.174014524214518,0.136646177287419,0.106484466969435,0,0,1,1,0,0,0,0,1,0,0,1,0,0,0,0,"C",1608,10206
-0.170210746374697,0.1025579159135,0.109202457989223,0,0,1,1,0,0,0,0,1,0,0,1,0,0,0,0,"C",1462,10207
-0.157257405692386,0.0827861196651297,0.474181446567519,0,0,1,1,0,0,0,0,1,0,0,1,0,0,0,0,"C",3495,10208
-0.174310960859085,0.135630341421985,0.441497069016086,0,0,1,1,0,0,0,0,1,0,0,1,0,0,0,0,"C",3583,10209
-0.204021046797268,0.135220392290527,0.200536332734806,0,0,1,1,0,0,0,0,1,0,0,1,0,0,0,0,"C",1747,10210
-0.161131360597728,0.10497461711769,0.185961949352334,0,0,1,1,0,0,0,0,1,0,0,1,0,0,0,0,"C",344,10211
-0.162568861103884,0.102584442226515,0.212151687772317,0,0,1,1,0,0,0,0,1,0,0,1,0,0,0,0,"C",3343,10212
-0.164393913257212,0.121274906835678,0.402567817653607,0,0,1,1,0,0,0,0,1,0,0,1,0,0,0,0,"C",2191,10213
-0.182406675001966,0.128662601831692,0.306641944786048,0,0,1,1,0,0,0,0,1,0,0,1,0,0,0,0,"C",2986,10214
-0.15085353248794,0.103031971668589,0.151775470429592,0,0,1,1,0,0,0,0,1,0,0,1,0,0,0,0,"C",3527,10215
-0.146631544254869,0.103315688641845,0.523508751872423,0,0,1,1,0,0,0,0,1,0,0,1,0,0,0,0,"C",3748,10216
-0.177726724508586,0.11259303110539,0.0735302378588157,0,0,1,1,0,0,0,0,1,0,0,1,0,0,0,0,"C",930,10217
-0.166302479110582,0.082816554590454,-0.0573251390830585,0,0,1,1,0,0,0,0,1,0,0,1,0,0,0,0,"C",1560,10218
-0.13428800988998,0.0461041948522628,-0.142785468053995,0,0,1,1,0,0,0,0,1,0,0,1,0,0,0,0,"C",1549,10219
-0.197243984806531,0.118809477026884,0.161161339532816,0,0,1,1,0,0,0,0,1,0,0,1,0,0,0,0,"C",3423,10220
-0.166360978068729,0.0880084882018884,0.206510916107388,0,0,1,1,0,0,0,0,1,0,0,1,0,0,0,0,"C",3464,10221
-0.149322623710006,0.0787283650353585,-0.0744310648228131,0,0,1,1,0,0,0,0,1,0,0,1,0,0,0,0,"C",1646,10222
-0.138288859166478,0.102564324535297,0.127585308179842,0,0,1,1,0,0,0,0,1,0,0,1,0,0,0,0,"C",2823,10223
-0.171070510750259,0.12146072887495,-0.226990489928815,0,0,1,1,0,0,0,0,1,0,0,1,0,0,0,0,"C",2022,10224
-0.171541432791355,0.113377103716939,0.293479567153534,0,0,1,1,0,0,0,0,1,0,0,1,0,0,0,0,"C",1255,10225
-0.193550066926785,0.129403103030826,0.0570639315938277,0,0,1,1,0,0,0,0,1,0,0,1,0,0,0,0,"C",1691,10226
-0.217228305208164,0.131278769518904,0.061067536094972,0,0,1,1,0,0,0,0,1,0,0,1,0,0,0,0,"C",3414,10227
-0.195798294165367,0.127497845248254,0.397076656003492,0,0,1,1,0,0,0,0,1,0,0,1,0,0,0,0,"C",1362,10228
-0.159092623377589,0.062065616422451,0.018705191133143,0,0,1,1,0,0,0,0,1,0,0,1,0,0,0,0,"C",2845,10229
-0.168055027261555,0.125728831607424,0.419855856863878,0,0,1,1,0,0,0,0,1,0,0,1,0,0,0,0,"C",2333,10230
-0.176273245731437,0.0990638681894153,0.149679205948014,0,0,1,1,0,0,0,0,1,0,0,1,0,0,0,0,"C",2005,10231
-0.154888833791745,0.0718017982548169,0.365769528827674,0,0,1,1,0,0,0,0,1,0,0,1,0,0,0,0,"C",2937,10232
-0.166033517989398,0.118405514017387,0.529989134000905,0,0,1,1,0,0,0,0,1,0,0,1,0,0,0,0,"C",1628,10233
-0.167051083774797,0.102978064075893,0.241876007261202,0,0,1,1,0,0,0,0,1,0,0,1,0,0,0,0,"C",3122,10234
-0.149355869248661,0.105247101928069,0.521061583339856,0,0,1,1,0,0,0,0,1,0,0,1,0,0,0,0,"C",666,10235
-0.169006207317032,0.091702704461113,0.152469835982382,0,0,1,1,0,0,0,0,1,0,0,1,0,0,0,0,"C",1125,10236
-0.140025598808561,0.0990193599253268,0.416605239694647,0,0,1,1,0,0,0,0,1,0,0,1,0,0,0,0,"C",33,10237
-0.154792195849915,0.077978964878082,-0.558968776769882,0,0,1,1,0,0,0,0,1,0,0,1,0,0,0,0,"C",1671,10238
-0.151671203361012,0.0965324190455468,0.350853338290003,0,0,1,1,0,0,0,0,1,0,0,1,0,0,0,0,"C",2714,10239
-0.131087633344659,0.0423923312877356,-0.0599030334750512,0,0,1,1,0,0,0,0,1,0,0,1,0,0,0,0,"C",946,10240
-0.161751977452809,0.0989838136735488,0.496454778923988,0,0,1,1,0,0,0,0,1,0,0,1,0,0,0,0,"C",2718,10241
-0.142122562028511,0.0990499097735345,0.0173369024666048,0,0,1,1,0,0,0,0,1,0,0,1,0,0,0,0,"C",2372,10242
-0.161443597889092,0.0699457861897849,-0.62510949773407,0,0,1,1,0,0,0,0,1,0,0,1,0,0,0,0,"C",1117,10243
-0.145807768571346,0.0977497268418745,0.141870971720141,0,0,1,1,0,0,0,0,1,0,0,1,0,0,0,0,"C",3186,10244
-0.136909429626793,0.0574136852022431,-0.146279355988215,0,0,1,1,0,0,0,0,1,0,0,1,0,0,0,0,"C",2648,10245
-0.117030551793914,0.0533890173026207,0.0675411107491631,0,0,1,1,0,0,0,0,1,0,0,1,0,0,0,0,"C",3379,10246
-0.145989186461531,0.0813203523982157,0.362620277622392,0,0,1,1,0,0,0,0,1,0,0,1,0,0,0,0,"C",2742,10247
-0.185464624402406,0.107148899420666,0.649115528162873,0,0,1,1,0,0,0,0,1,0,0,1,0,0,0,0,"C",2336,10248
-0.1728053490017,0.0936569005380655,0.331334009022899,0,0,1,1,0,0,0,0,1,0,0,1,0,0,0,0,"C",267,10249
-0.16078667212068,0.105675059060316,0.36864409627538,0,0,1,1,0,0,0,0,1,0,0,1,0,0,0,0,"C",1359,10250
-0.162763834658095,0.0981299177910202,0.0752853904488545,0,0,1,1,0,0,0,0,1,0,0,1,0,0,0,0,"C",1441,10251
-0.103699462911663,0.0666790710468024,0.000128071002016914,0,0,1,1,0,0,0,0,1,0,0,1,0,0,0,0,"C",1962,10252
-0.167014585216038,0.106481788438156,0.0122942322230351,0,0,1,1,0,0,0,0,1,0,0,1,0,0,0,0,"C",3717,10253
-0.159121691794656,0.112922916068704,0.538186153556638,0,0,1,1,0,0,0,0,1,0,0,1,0,0,0,0,"C",347,10254
-0.180607020722494,0.111647639210172,0.248202571208061,0,0,1,1,0,0,0,0,1,0,0,1,0,0,0,0,"C",2090,10255
-0.147953701749487,0.10056086592886,0.380129800126084,0,0,1,1,0,0,0,0,1,0,0,1,0,0,0,0,"C",3406,10256
-0.162706299925245,0.0833254522546151,-0.101441835430188,0,0,1,1,0,0,0,0,1,0,0,1,0,0,0,0,"C",2061,10257
-0.157975303279822,0.0992922067090468,0.253410429832346,0,0,1,1,0,0,0,0,1,0,0,1,0,0,0,0,"C",3699,10258
-0.165489022972539,0.106958087895078,0.457413171454041,0,0,1,1,0,0,0,0,1,0,0,1,0,0,0,0,"C",1385,10259
-0.16650670316904,0.119141948032408,0.661325632395526,0,0,1,1,0,0,0,0,1,0,0,1,0,0,0,0,"C",729,10260
-0.164068255965951,0.072060876581307,0.211980984518027,0,0,1,1,0,0,0,0,1,0,0,1,0,0,0,0,"C",712,10261
-0.160142402449829,0.0848909505435999,0.213624506714261,0,0,1,1,0,0,0,0,1,0,0,1,0,0,0,0,"C",656,10262
-0.17320290316169,0.0944905878840282,0.245214236247793,0,0,1,1,0,0,0,0,1,0,0,1,0,0,0,0,"C",1397,10263
-0.148612950642394,0.0634519738736355,-0.0265973209189709,0,0,1,1,0,0,0,0,1,0,0,1,0,0,0,0,"C",2074,10264
-0.172734841730966,0.099366594050219,0.546024361683455,0,0,1,1,0,0,0,0,1,0,0,1,0,0,0,0,"C",857,10265
-0.170139136440073,0.100233696811594,0.072787595686559,0,0,1,1,0,0,0,0,1,0,0,1,0,0,0,0,"C",2257,10266
-0.173139639350048,0.102225118576801,0.815032074047196,0,0,1,1,0,0,0,0,1,0,0,1,0,0,0,0,"C",1072,10267
-0.161303089524279,0.123686523221676,0.403846536525087,0,0,1,1,0,0,0,0,1,0,0,1,0,0,0,0,"C",1687,10268
-0.20066735275311,0.132733725341267,0.14461059511604,0,0,1,1,0,0,0,0,1,0,0,1,0,0,0,0,"C",2575,10269
-0.149970992511701,0.0869272779116114,0.25129564618517,0,0,1,1,0,0,0,0,1,0,0,1,0,0,0,0,"C",3006,10270
-0.14265572131118,0.070658545108439,0.578884695798133,0,0,1,1,0,0,0,0,1,0,0,1,0,0,0,0,"C",3732,10271
-0.143564850863125,0.0822946869177952,-0.204293631036365,0,0,1,1,0,0,0,0,1,0,0,1,0,0,0,0,"C",482,10272
-0.126158925039692,0.0678619089751317,0.228547889937043,0,0,1,1,0,0,0,0,1,0,0,1,0,0,0,0,"C",1341,10273
-0.174753606828014,0.0853172889030541,-0.0320869431183972,0,0,1,1,0,0,0,0,1,0,0,1,0,0,0,0,"C",3204,10274
-0.160743673853896,0.108799428206375,-0.0826390253625455,0,0,1,1,0,0,0,0,1,0,0,1,0,0,0,0,"C",1763,10275
-0.16722736836409,0.0965264246414064,0.772160916308813,0,0,1,1,0,0,0,0,1,0,0,1,0,0,0,0,"C",2318,10276
-0.196399508280863,0.0945974617735423,0.606066368453069,0,0,1,1,0,0,0,0,1,0,0,1,0,0,0,0,"C",1059,10277
-0.168909925053735,0.11450795941908,-0.152800738390342,0,0,1,1,0,0,0,0,1,0,0,1,0,0,0,0,"C",1290,10278
-0.194701182216226,0.111057107546533,0.325144551377691,0,0,1,1,0,0,0,0,1,0,0,1,0,0,0,0,"C",3146,10279
-0.152542441097615,0.0731627049650056,0.230645391718551,0,0,1,1,0,0,0,0,1,0,0,1,0,0,0,0,"C",1594,10280
-0.180848656580856,0.101445171760325,0.684736701373134,0,0,1,1,0,0,0,0,1,0,0,1,0,0,0,0,"C",2727,10281
-0.160313342935171,0.080995638841962,-0.0299105772490933,0,0,1,1,0,0,0,0,1,0,0,1,0,0,0,0,"C",2960,10282
-0.160192407220571,0.0928165814026956,0.259845364752633,0,0,1,1,0,0,0,0,1,0,0,1,0,0,0,0,"C",3738,10283
-0.196954559774192,0.11666140899282,0.273316483215642,0,0,1,1,0,0,0,0,1,0,0,1,0,0,0,0,"C",1567,10284
-0.136025033364021,0.0683430180760005,0.804055625744864,0,0,1,1,0,0,0,0,1,0,0,1,0,0,0,0,"C",1930,10285
-0.16330954820332,0.0993531826992469,-0.0710173786546341,0,0,1,1,0,0,0,0,1,0,0,1,0,0,0,0,"C",3714,10286
-0.160580105463822,0.0905985492621773,0.684396266140785,0,0,1,1,0,0,0,0,1,0,0,1,0,0,0,0,"C",435,10287
-0.176251653745638,0.087049848811533,-0.241544235859449,0,0,1,1,0,0,0,0,1,0,0,1,0,0,0,0,"C",1461,10288
-0.156947254916404,0.0774552660333043,0.117550065164346,0,0,1,1,0,0,0,0,1,0,0,1,0,0,0,0,"C",2661,10289
-0.16400718017084,0.114875880849587,0.551644327401411,0,0,1,1,0,0,0,0,1,0,0,1,0,0,0,0,"C",1967,10290
-0.190843708941775,0.0916770696378401,-0.0669547932941115,0,0,1,1,0,0,0,0,1,0,0,1,0,0,0,0,"C",2087,10291
-0.167086052333996,0.090462530397956,0.772412217252711,0,0,1,1,0,0,0,0,1,0,0,1,0,0,0,0,"C",2137,10292
-0.163895856118977,0.112868660307442,0.432258788496547,0,0,1,1,0,0,0,0,1,0,0,1,0,0,0,0,"C",2578,10293
-0.192319101416816,0.125698871590773,0.367765762232011,0,0,1,1,0,0,0,0,1,0,0,1,0,0,0,0,"C",899,10294
-0.160653899908664,0.0904996792458236,0.465185022938282,0,0,1,1,0,0,0,0,1,0,0,1,0,0,0,0,"C",3030,10295
-0.155045058447021,0.0900313013442441,0.0110505425362072,0,0,1,1,0,0,0,0,1,0,0,1,0,0,0,0,"C",2602,10296
-0.155545055421263,0.086927744046945,-0.0842780091436201,0,0,1,1,0,0,0,0,1,0,0,1,0,0,0,0,"C",394,10297
-0.177431001476993,0.0994992127716215,0.586247253654525,0,0,1,1,0,0,0,0,1,0,0,1,0,0,0,0,"C",3326,10298
-0.181343808382387,0.124347019738356,0.625061727727065,0,0,1,1,0,0,0,0,1,0,0,1,0,0,0,0,"C",2240,10299
-0.0654444064316916,0.0185854204333473,0.686281152451387,0,0,1,1,0,0,0,0,1,0,0,1,0,0,0,0,"D",491,10300
-0.116750006000431,0.0533977889919071,1.3968449676855,0,0,1,1,0,0,0,0,1,0,0,1,0,0,0,0,"D",3721,10301
-0.138423249030862,0.0729290328888321,0.827021137968121,0,0,1,1,0,0,0,0,1,0,0,1,0,0,0,0,"D",3402,10302
-0.12380053309976,0.0498800081952659,0.559445503790753,0,0,1,1,0,0,0,0,1,0,0,1,0,0,0,0,"D",368,10303
-0.132711330861428,0.0779909584635889,1.19280419907876,0,0,1,1,0,0,0,0,1,0,0,1,0,0,0,0,"D",1484,10304
-0.116741962436503,0.0308598077933391,0.503222729856739,0,0,1,1,0,0,0,0,1,0,0,1,0,0,0,0,"D",2487,10305
-0.107325109834704,0.0309197035123902,0.851307659773509,0,0,1,1,0,0,0,0,1,0,0,1,0,0,0,0,"D",1608,10306
-0.128545218173499,0.0291143625787794,-0.125133157825671,0,0,1,1,0,0,0,0,1,0,0,1,0,0,0,0,"D",1462,10307
-0.118836155348442,0.0714832742659602,1.65291952273674,0,0,1,1,0,0,0,0,1,0,0,1,0,0,0,0,"D",3495,10308
-0.115362552979871,0.0585218580553511,-0.114443745744462,0,0,1,1,0,0,0,0,1,0,0,1,0,0,0,0,"D",3583,10309
-0.15029118059288,0.0761163554666686,0.888149053352308,0,0,1,1,0,0,0,0,1,0,0,1,0,0,0,0,"D",1747,10310
-0.130396483940526,0.0510645805989753,0.300093925467086,0,0,1,1,0,0,0,0,1,0,0,1,0,0,0,0,"D",344,10311
-0.141963431054788,0.0732193285538028,1.27412804350305,0,0,1,1,0,0,0,0,1,0,0,1,0,0,0,0,"D",3343,10312
-0.140351447458951,0.0588438719109759,1.35173082885031,0,0,1,1,0,0,0,0,1,0,0,1,0,0,0,0,"D",2191,10313
-0.128195117354706,0.0452887704033309,0.484361647487015,0,0,1,1,0,0,0,0,1,0,0,1,0,0,0,0,"D",2986,10314
-0.148140036740599,0.0669138705663398,1.30225223175016,0,0,1,1,0,0,0,0,1,0,0,1,0,0,0,0,"D",3527,10315
-0.126614631548338,0.0515716683858832,0.507631650041524,0,0,1,1,0,0,0,0,1,0,0,1,0,0,0,0,"D",3748,10316
-0.128916105080912,0.0594757991609283,0.257806861594195,0,0,1,1,0,0,0,0,1,0,0,1,0,0,0,0,"D",930,10317
-0.120989370623623,0.0454782120195695,0.201764994459142,0,0,1,1,0,0,0,0,1,0,0,1,0,0,0,0,"D",1560,10318
-0.125048129572846,0.0368321730041599,0.283202400104535,0,0,1,1,0,0,0,0,1,0,0,1,0,0,0,0,"D",1549,10319
-0.134234213446378,0.0609759757068976,0.79239920437658,0,0,1,1,0,0,0,0,1,0,0,1,0,0,0,0,"D",3423,10320
-0.118469207782727,0.0481800581793207,0.415007789045402,0,0,1,1,0,0,0,0,1,0,0,1,0,0,0,0,"D",3464,10321
-0.112808529737971,0.0359030316296602,0.685005896880899,0,0,1,1,0,0,0,0,1,0,0,1,0,0,0,0,"D",1646,10322
-0.129432823783496,0.0894665278643362,1.36722249093244,0,0,1,1,0,0,0,0,1,0,0,1,0,0,0,0,"D",2823,10323
-0.14374384189724,0.0633533541951048,1.21602269601878,0,0,1,1,0,0,0,0,1,0,0,1,0,0,0,0,"D",2022,10324
-0.123077475815482,0.0391228332657521,0.642536884696954,0,0,1,1,0,0,0,0,1,0,0,1,0,0,0,0,"D",1255,10325
-0.116544958511357,0.0341635164389071,0.620493730551311,0,0,1,1,0,0,0,0,1,0,0,1,0,0,0,0,"D",1691,10326
-0.139065495676308,0.0545055880276565,0.742159435135718,0,0,1,1,0,0,0,0,1,0,0,1,0,0,0,0,"D",3414,10327
-0.128608184761354,0.0938686856379915,1.71151182461888,0,0,1,1,0,0,0,0,1,0,0,1,0,0,0,0,"D",1362,10328
-0.129495844194668,0.0467019202598471,0.216800465365619,0,0,1,1,0,0,0,0,1,0,0,1,0,0,0,0,"D",2845,10329
-0.164793959045161,0.0403420839726422,0.609847273694499,0,0,1,1,0,0,0,0,1,0,0,1,0,0,0,0,"D",2333,10330
-0.135973271670108,0.0367481761140774,1.33155601417907,0,0,1,1,0,0,0,0,1,0,0,1,0,0,0,0,"D",2005,10331
-0.145721624380579,0.0940975211447836,2.03531527630624,0,0,1,1,0,0,0,0,1,0,0,1,0,0,0,0,"D",2937,10332
-0.143187156116418,0.0777414832092244,0.783197314846999,0,0,1,1,0,0,0,0,1,0,0,1,0,0,0,0,"D",1628,10333
-0.119856583797205,0.0373632348326501,0.717275218710328,0,0,1,1,0,0,0,0,1,0,0,1,0,0,0,0,"D",3122,10334
-0.124420051751017,0.0625384658355835,1.74864336562616,0,0,1,1,0,0,0,0,1,0,0,1,0,0,0,0,"D",666,10335
-0.130902617830262,0.0662564845852643,0.414018923945952,0,0,1,1,0,0,0,0,1,0,0,1,0,0,0,0,"D",1125,10336
-0.108351545704036,0.0575248447702996,0.526603082883754,0,0,1,1,0,0,0,0,1,0,0,1,0,0,0,0,"D",33,10337
-0.12655080164574,0.0583503456777565,0.909896933392386,0,0,1,1,0,0,0,0,1,0,0,1,0,0,0,0,"D",1671,10338
-0.149005931043905,0.0725902528185835,1.15372252247297,0,0,1,1,0,0,0,0,1,0,0,1,0,0,0,0,"D",2714,10339
-0.115870349864089,0.0736247014220885,1.44419958314034,0,0,1,1,0,0,0,0,1,0,0,1,0,0,0,0,"D",946,10340
-0.161218391587869,0.0666252795584889,1.39104865346342,0,0,1,1,0,0,0,0,1,0,0,1,0,0,0,0,"D",2718,10341
-0.132519142857252,0.0771652784817243,2.22188130802776,0,0,1,1,0,0,0,0,1,0,0,1,0,0,0,0,"D",2372,10342
-0.166190943512246,0.0690885118292079,1.12395691252373,0,0,1,1,0,0,0,0,1,0,0,1,0,0,0,0,"D",1117,10343
-0.136775881013019,0.0773597940718293,1.57162068567306,0,0,1,1,0,0,0,0,1,0,0,1,0,0,0,0,"D",3186,10344
-0.0991465394149195,0.0323459855160765,1.31004357246965,0,0,1,1,0,0,0,0,1,0,0,1,0,0,0,0,"D",2648,10345
-0.141306335047752,0.0688551624528672,1.49335231729141,0,0,1,1,0,0,0,0,1,0,0,1,0,0,0,0,"D",3379,10346
-0.157432139420073,0.0812440294193463,1.20438254457479,0,0,1,1,0,0,0,0,1,0,0,1,0,0,0,0,"D",2742,10347
-0.135336987096148,0.0667789499501371,1.61001945008766,0,0,1,1,0,0,0,0,1,0,0,1,0,0,0,0,"D",2336,10348
-0.153736886925831,0.0661548770866163,0.259505865356893,0,0,1,1,0,0,0,0,1,0,0,1,0,0,0,0,"D",267,10349
-0.139688257424054,0.0800518680152302,2.0982577305405,0,0,1,1,0,0,0,0,1,0,0,1,0,0,0,0,"D",1359,10350
-0.144858952554105,0.0691982077186066,0.378330476053081,0,0,1,1,0,0,0,0,1,0,0,1,0,0,0,0,"D",1441,10351
-0.158677635790432,0.0821204541965558,1.49497912538205,0,0,1,1,0,0,0,0,1,0,0,1,0,0,0,0,"D",1962,10352
-0.140027358786503,0.0583724710681769,0.823119099331995,0,0,1,1,0,0,0,0,1,0,0,1,0,0,0,0,"D",3717,10353
-0.135653281118022,0.0261655262632328,1.1711128435706,0,0,1,1,0,0,0,0,1,0,0,1,0,0,0,0,"D",347,10354
-0.159155717513431,0.0538222137055134,0.747412813857331,0,0,1,1,0,0,0,0,1,0,0,1,0,0,0,0,"D",2090,10355
-0.098512149282461,0.0660679529452934,0.286163565469507,0,0,1,1,0,0,0,0,1,0,0,1,0,0,0,0,"D",3406,10356
-0.118536752787048,0.0467975719295531,-0.10506814043171,0,0,1,1,0,0,0,0,1,0,0,1,0,0,0,0,"D",2061,10357
-0.145474269479652,0.05960501215078,0.907482703470688,0,0,1,1,0,0,0,0,1,0,0,1,0,0,0,0,"D",3699,10358
-0.140270397160719,0.0837005523403971,1.37596667817788,0,0,1,1,0,0,0,0,1,0,0,1,0,0,0,0,"D",1385,10359
-0.130755598161509,0.0263742386942103,-0.0718497366656081,0,0,1,1,0,0,0,0,1,0,0,1,0,0,0,0,"D",729,10360
-0.137197002398444,0.0704602844683667,1.27030187865682,0,0,1,1,0,0,0,0,1,0,0,1,0,0,0,0,"D",712,10361
-0.161680997263492,0.0786398640744695,1.72500005356303,0,0,1,1,0,0,0,0,1,0,0,1,0,0,0,0,"D",656,10362
-0.10980198966378,0.0195185006148323,0.527170171722425,0,0,1,1,0,0,0,0,1,0,0,1,0,0,0,0,"D",1397,10363
-0.106181907925846,0.0886517974345552,1.52583643520904,0,0,1,1,0,0,0,0,1,0,0,1,0,0,0,0,"D",2074,10364
-0.139570877085039,0.097427394903128,0.455594336013359,0,0,1,1,0,0,0,0,1,0,0,1,0,0,0,0,"D",857,10365
-0.132897558246071,0.035284058239918,1.60394940999689,0,0,1,1,0,0,0,0,1,0,0,1,0,0,0,0,"D",2257,10366
-0.0958967193164649,0.0370028412336802,0.961372269797775,0,0,1,1,0,0,0,0,1,0,0,1,0,0,0,0,"D",1072,10367
-0.163290926572718,0.0683473800143309,-0.0401536574447116,0,0,1,1,0,0,0,0,1,0,0,1,0,0,0,0,"D",1687,10368
-0.127667001521855,0.060689955221677,1.58499381434398,0,0,1,1,0,0,0,0,1,0,0,1,0,0,0,0,"D",2575,10369
-0.135577179852599,0.0721955563766753,0.245678975392793,0,0,1,1,0,0,0,0,1,0,0,1,0,0,0,0,"D",3006,10370
-0.156371024597555,0.0685747765610013,1.6978766363772,0,0,1,1,0,0,0,0,1,0,0,1,0,0,0,0,"D",3732,10371
-0.153401129628908,0.0632796424652725,1.22617895947702,0,0,1,1,0,0,0,0,1,0,0,1,0,0,0,0,"D",482,10372
-0.128883277627325,0.0641858952446062,0.901216513853043,0,0,1,1,0,0,0,0,1,0,0,1,0,0,0,0,"D",1341,10373
-0.123828970724611,0.0741076881955167,0.382945418100346,0,0,1,1,0,0,0,0,1,0,0,1,0,0,0,0,"D",3204,10374
-0.102530154911562,-0.00142899690832112,-0.434224594586134,0,0,1,1,0,0,0,0,1,0,0,1,0,0,0,0,"D",1763,10375
-0.150131256867932,0.0654791938923476,1.05722155992758,0,0,1,1,0,0,0,0,1,0,0,1,0,0,0,0,"D",2318,10376
-0.132223858903353,0.0637223654080242,0.825932143203614,0,0,1,1,0,0,0,0,1,0,0,1,0,0,0,0,"D",1059,10377
-0.058965563101878,0.0250446068940377,0.466662457571886,0,0,1,1,0,0,0,0,1,0,0,1,0,0,0,0,"D",1290,10378
-0.164811836419138,0.0563696037811342,1.03794472696759,0,0,1,1,0,0,0,0,1,0,0,1,0,0,0,0,"D",3146,10379
-0.138180709988866,0.0709692494471268,1.22415922104445,0,0,1,1,0,0,0,0,1,0,0,1,0,0,0,0,"D",1594,10380
-0.159080582697008,0.0740135152760512,1.87022753075621,0,0,1,1,0,0,0,0,1,0,0,1,0,0,0,0,"D",2727,10381
-0.149869033506842,0.0837788661153082,0.952757379855821,0,0,1,1,0,0,0,0,1,0,0,1,0,0,0,0,"D",2960,10382
-0.149659883732848,0.0701945171719507,0.656038356282198,0,0,1,1,0,0,0,0,1,0,0,1,0,0,0,0,"D",3738,10383
-0.119795821003252,0.0252454355672495,0.297858780302876,0,0,1,1,0,0,0,0,1,0,0,1,0,0,0,0,"D",1567,10384
-0.0881850974514521,0.0411686018567103,0.570372055549881,0,0,1,1,0,0,0,0,1,0,0,1,0,0,0,0,"D",1930,10385
-0.142370187095137,0.0299455352206271,-0.640854639102178,0,0,1,1,0,0,0,0,1,0,0,1,0,0,0,0,"D",3714,10386
-0.135350873985273,0.0569888626562018,0.554479893566052,0,0,1,1,0,0,0,0,1,0,0,1,0,0,0,0,"D",435,10387
-0.162099319801337,0.0885128887994904,1.20077864387988,0,0,1,1,0,0,0,0,1,0,0,1,0,0,0,0,"D",1461,10388
-0.131173058389937,0.0516011543529655,1.06621046090569,0,0,1,1,0,0,0,0,1,0,0,1,0,0,0,0,"D",2661,10389
-0.107756935862155,0.0306401120309687,0.14582306125316,0,0,1,1,0,0,0,0,1,0,0,1,0,0,0,0,"D",1967,10390
-0.149706952575297,0.0717381826663789,1.39346020590767,0,0,1,1,0,0,0,0,1,0,0,1,0,0,0,0,"D",2087,10391
-0.113781424463258,0.0857908409431387,0.95941974540975,0,0,1,1,0,0,0,0,1,0,0,1,0,0,0,0,"D",2137,10392
-0.123934068950181,0.0358237187507499,0.715056771259571,0,0,1,1,0,0,0,0,1,0,0,1,0,0,0,0,"D",2578,10393
-0.110817396873049,0.0371509101686959,0.660886425651827,0,0,1,1,0,0,0,0,1,0,0,1,0,0,0,0,"D",899,10394
-0.141608508947518,0.0532711662743395,0.888451800356337,0,0,1,1,0,0,0,0,1,0,0,1,0,0,0,0,"D",3030,10395
-0.179284539461449,0.0791587362196775,1.87983859424869,0,0,1,1,0,0,0,0,1,0,0,1,0,0,0,0,"D",2602,10396
-0.114913630739658,0.0421089175541681,0.958796162494207,0,0,1,1,0,0,0,0,1,0,0,1,0,0,0,0,"D",394,10397
-0.128111584608214,0.034353884239949,-0.484307730690557,0,0,1,1,0,0,0,0,1,0,0,1,0,0,0,0,"D",3326,10398
-0.114521147443382,0.0268720472557047,1.38535711821071,0,0,1,1,0,0,0,0,1,0,0,1,0,0,0,0,"D",2240,10399
-0.281688732967674,0.234955435235737,1.67929200264102,0,0,1,1,0,0,0,0,0,1,0,1,0,0,0,0,"C",491,10400
-0.235404054438373,0.158870184743982,2.07753636050226,0,0,1,1,0,0,0,0,0,1,0,1,0,0,0,0,"C",3721,10401
-0.174874147195837,0.188159725408092,1.41765944108992,0,0,1,1,0,0,0,0,0,1,0,1,0,0,0,0,"C",3402,10402
-0.246735213053943,0.192935180192952,1.63709211333834,0,0,1,1,0,0,0,0,0,1,0,1,0,0,0,0,"C",368,10403
-0.173463344120357,0.127454808724771,0.774795731347646,0,0,1,1,0,0,0,0,0,1,0,1,0,0,0,0,"C",1484,10404
-0.186055368139409,0.144921035132056,1.78858713742745,0,0,1,1,0,0,0,0,0,1,0,1,0,0,0,0,"C",2487,10405
-0.235474872979196,0.24445002036408,2.23495391409672,0,0,1,1,0,0,0,0,0,1,0,1,0,0,0,0,"C",1608,10406
-0.115230724316641,0.135696720395684,1.81411555659611,0,0,1,1,0,0,0,0,0,1,0,1,0,0,0,0,"C",1462,10407
-0.140538136761974,0.0805769168054335,0.313794843958544,0,0,1,1,0,0,0,0,0,1,0,1,0,0,0,0,"C",3495,10408
-0.182766420564824,0.198813956379937,1.52351779246048,0,0,1,1,0,0,0,0,0,1,0,1,0,0,0,0,"C",3583,10409
-0.153803545799821,0.085678929044748,-0.393176485660814,0,0,1,1,0,0,0,0,0,1,0,1,0,0,0,0,"C",1747,10410
-0.259205656611384,0.236043125581965,1.03559023371239,0,0,1,1,0,0,0,0,0,1,0,1,0,0,0,0,"C",344,10411
-0.13783674784173,0.0776457614960183,0.163537004522522,0,0,1,1,0,0,0,0,0,1,0,1,0,0,0,0,"C",3343,10412
-0.168236842198593,0.162115006031969,2.28362504764609,0,0,1,1,0,0,0,0,0,1,0,1,0,0,0,0,"C",2191,10413
-0.138898496638937,0.154806724958218,-0.182924287601127,0,0,1,1,0,0,0,0,0,1,0,1,0,0,0,0,"C",2986,10414
-0.226999498093643,0.223528600560656,1.08412332980856,0,0,1,1,0,0,0,0,0,1,0,1,0,0,0,0,"C",3527,10415
-0.241282197194777,0.246527570767981,1.30741446730354,0,0,1,1,0,0,0,0,0,1,0,1,0,0,0,0,"C",3748,10416
-0.29721067072389,0.239971995287909,1.46139133921654,0,0,1,1,0,0,0,0,0,1,0,1,0,0,0,0,"C",930,10417
-0.18192058737225,0.123194711131351,0.730581633886528,0,0,1,1,0,0,0,0,0,1,0,1,0,0,0,0,"C",1560,10418
-0.112975634779621,0.0607617478876784,0.568030017822443,0,0,1,1,0,0,0,0,0,1,0,1,0,0,0,0,"C",1549,10419
-0.107525337717149,0.108682088131369,0.71069524103174,0,0,1,1,0,0,0,0,0,1,0,1,0,0,0,0,"C",3423,10420
-0.267167966101014,0.203474235733671,1.71909813490641,0,0,1,1,0,0,0,0,0,1,0,1,0,0,0,0,"C",3464,10421
-0.140296694151252,0.120942861207089,1.79304868963567,0,0,1,1,0,0,0,0,0,1,0,1,0,0,0,0,"C",1646,10422
-0.185536973089139,0.129124478620927,1.45059653054516,0,0,1,1,0,0,0,0,0,1,0,1,0,0,0,0,"C",2823,10423
-0.207785410744288,0.228623644668337,1.0433141774177,0,0,1,1,0,0,0,0,0,1,0,1,0,0,0,0,"C",2022,10424
-0.160311704048338,0.169414546748553,2.23962353808286,0,0,1,1,0,0,0,0,0,1,0,1,0,0,0,0,"C",1255,10425
-0.190558728822405,0.147960305955265,0.577998622405625,0,0,1,1,0,0,0,0,0,1,0,1,0,0,0,0,"C",1691,10426
-0.254669553372086,0.226166083409231,1.33860966648481,0,0,1,1,0,0,0,0,0,1,0,1,0,0,0,0,"C",3414,10427
-0.22675374500124,0.154086039861188,1.00252349062229,0,0,1,1,0,0,0,0,0,1,0,1,0,0,0,0,"C",1362,10428
-0.189235374251951,0.119447336778727,1.03270427199452,0,0,1,1,0,0,0,0,0,1,0,1,0,0,0,0,"C",2845,10429
-0.263077440059815,0.200137568498927,1.91294859371979,0,0,1,1,0,0,0,0,0,1,0,1,0,0,0,0,"C",2333,10430
-0.249882180069238,0.187400923921134,1.24626702623189,0,0,1,1,0,0,0,0,0,1,0,1,0,0,0,0,"C",2005,10431
-0.171443992718908,0.119016947204979,1.22628125003632,0,0,1,1,0,0,0,0,0,1,0,1,0,0,0,0,"C",2937,10432
-0.211740872974777,0.217555289099535,1.53135429022548,0,0,1,1,0,0,0,0,0,1,0,1,0,0,0,0,"C",1628,10433
-0.206999230947748,0.182028071045435,1.51629515999336,0,0,1,1,0,0,0,0,0,1,0,1,0,0,0,0,"C",3122,10434
-0.146665704260281,0.110528766039726,0.54637521901012,0,0,1,1,0,0,0,0,0,1,0,1,0,0,0,0,"C",666,10435
-0.169425368038805,0.125718440252782,1.18620092999114,0,0,1,1,0,0,0,0,0,1,0,1,0,0,0,0,"C",1125,10436
-0.152876024868595,0.115227435279249,0.423895419618009,0,0,1,1,0,0,0,0,0,1,0,1,0,0,0,0,"C",33,10437
-0.225642593000119,0.0913402740305654,0.633726000974907,0,0,1,1,0,0,0,0,0,1,0,1,0,0,0,0,"C",1671,10438
-0.130815089066863,0.147982994288074,0.772938708254168,0,0,1,1,0,0,0,0,0,1,0,1,0,0,0,0,"C",2714,10439
-0.173936200275613,0.0849425547928401,-0.245341474584794,0,0,1,1,0,0,0,0,0,1,0,1,0,0,0,0,"C",946,10440
-0.239262894378484,0.20034924677982,1.14086348787624,0,0,1,1,0,0,0,0,0,1,0,1,0,0,0,0,"C",2718,10441
-0.274523839821702,0.221472502134967,0.744040337369118,0,0,1,1,0,0,0,0,0,1,0,1,0,0,0,0,"C",2372,10442
-0.125856331863359,0.0775996195116741,0.523797647290356,0,0,1,1,0,0,0,0,0,1,0,1,0,0,0,0,"C",1117,10443
-0.158617955527563,0.154581888613898,2.34518950879397,0,0,1,1,0,0,0,0,0,1,0,1,0,0,0,0,"C",3186,10444
-0.155394231923902,0.0315502711182577,0.575848968882598,0,0,1,1,0,0,0,0,0,1,0,1,0,0,0,0,"C",2648,10445
-0.223690588399357,0.162041146332538,0.878666074968133,0,0,1,1,0,0,0,0,0,1,0,1,0,0,0,0,"C",3379,10446
-0.190028014942208,0.113643431107316,1.3324104512778,0,0,1,1,0,0,0,0,0,1,0,1,0,0,0,0,"C",2742,10447
-0.151266346846246,0.120146408523731,0.981352272989714,0,0,1,1,0,0,0,0,0,1,0,1,0,0,0,0,"C",2336,10448
-0.114603331874281,0.091057900584246,0.0548535952658333,0,0,1,1,0,0,0,0,0,1,0,1,0,0,0,0,"C",267,10449
-0.236417956943271,0.175617655942739,0.675528384573518,0,0,1,1,0,0,0,0,0,1,0,1,0,0,0,0,"C",1359,10450
-0.129432045830622,0.0984120625671621,0.337254376012336,0,0,1,1,0,0,0,0,0,1,0,1,0,0,0,0,"C",1441,10451
-0.182364828257266,0.160440930752506,1.69267074550232,0,0,1,1,0,0,0,0,0,1,0,1,0,0,0,0,"C",1962,10452
-0.22677319950296,0.168392924202192,1.14516449327562,0,0,1,1,0,0,0,0,0,1,0,1,0,0,0,0,"C",3717,10453
-0.209071388497043,0.197849178126452,0.925526275988961,0,0,1,1,0,0,0,0,0,1,0,1,0,0,0,0,"C",347,10454
-0.292672001738023,0.262574096242649,1.34187171303338,0,0,1,1,0,0,0,0,0,1,0,1,0,0,0,0,"C",2090,10455
-0.255193461782432,0.23382759727614,1.37449770452234,0,0,1,1,0,0,0,0,0,1,0,1,0,0,0,0,"C",3406,10456
-0.117130620491979,0.0852729155349718,0.900386702871697,0,0,1,1,0,0,0,0,0,1,0,1,0,0,0,0,"C",2061,10457
-0.0934840788330984,0.116264120861969,0.683059581250981,0,0,1,1,0,0,0,0,0,1,0,1,0,0,0,0,"C",3699,10458
-0.169394147763677,0.140732775822884,0.905635523600855,0,0,1,1,0,0,0,0,0,1,0,1,0,0,0,0,"C",1385,10459
-0.135170979216926,0.122448831752871,1.62713752480817,0,0,1,1,0,0,0,0,0,1,0,1,0,0,0,0,"C",729,10460
-0.187757863790186,0.153191418575187,1.30619004801822,0,0,1,1,0,0,0,0,0,1,0,1,0,0,0,0,"C",712,10461
-0.19175275176215,0.12868110680705,2.03633573681199,0,0,1,1,0,0,0,0,0,1,0,1,0,0,0,0,"C",656,10462
-0.165154396285301,0.135144498482492,0.348330067957055,0,0,1,1,0,0,0,0,0,1,0,1,0,0,0,0,"C",1397,10463
-0.183032767719251,0.127755759927743,0.589596502668422,0,0,1,1,0,0,0,0,0,1,0,1,0,0,0,0,"C",2074,10464
-0.283006408241409,0.203423581981195,2.00552128012791,0,0,1,1,0,0,0,0,0,1,0,1,0,0,0,0,"C",857,10465
-0.218271138943431,0.148499837014048,1.2459034441614,0,0,1,1,0,0,0,0,0,1,0,1,0,0,0,0,"C",2257,10466
-0.22050672869628,0.149515711652138,2.63466462977095,0,0,1,1,0,0,0,0,0,1,0,1,0,0,0,0,"C",1072,10467
-0.215330068913328,0.130853065054193,0.667892311689348,0,0,1,1,0,0,0,0,0,1,0,1,0,0,0,0,"C",1687,10468
-0.337458215704472,0.351623063351008,1.595920110284,0,0,1,1,0,0,0,0,0,1,0,1,0,0,0,0,"C",2575,10469
-0.151809901693308,0.160815515988604,1.52617575504191,0,0,1,1,0,0,0,0,0,1,0,1,0,0,0,0,"C",3006,10470
-0.225733269249025,0.212078728864166,1.92049916548075,0,0,1,1,0,0,0,0,0,1,0,1,0,0,0,0,"C",3732,10471
-0.192333550914724,0.208634444870477,2.71231751021102,0,0,1,1,0,0,0,0,0,1,0,1,0,0,0,0,"C",482,10472
-0.122930696269965,0.0907381461885495,1.54199467805339,0,0,1,1,0,0,0,0,0,1,0,1,0,0,0,0,"C",1341,10473
-0.237378923949344,0.192457089286166,1.53637591684511,0,0,1,1,0,0,0,0,0,1,0,1,0,0,0,0,"C",3204,10474
-0.0720183145415093,0.0823608878825117,0.261570989911918,0,0,1,1,0,0,0,0,0,1,0,1,0,0,0,0,"C",1763,10475
-0.207971039939121,0.148545664106486,1.41137817070852,0,0,1,1,0,0,0,0,0,1,0,1,0,0,0,0,"C",2318,10476
-0.213017920631648,0.199590661386049,2.60491162601007,0,0,1,1,0,0,0,0,0,1,0,1,0,0,0,0,"C",1059,10477
-0.296734956751951,0.193128372440864,2.23154417831697,0,0,1,1,0,0,0,0,0,1,0,1,0,0,0,0,"C",1290,10478
-0.109564227793331,0.0840323399546925,0.178403051659719,0,0,1,1,0,0,0,0,0,1,0,1,0,0,0,0,"C",3146,10479
-0.245202880460583,0.196101329542199,1.0422005078408,0,0,1,1,0,0,0,0,0,1,0,1,0,0,0,0,"C",1594,10480
-0.235167118260391,0.22305894971474,1.04000878173425,0,0,1,1,0,0,0,0,0,1,0,1,0,0,0,0,"C",2727,10481
-0.189009759112932,0.119953462640995,1.53761189571381,0,0,1,1,0,0,0,0,0,1,0,1,0,0,0,0,"C",2960,10482
-0.246719967418843,0.156116125096882,1.15640685187082,0,0,1,1,0,0,0,0,0,1,0,1,0,0,0,0,"C",3738,10483
-0.299537899751912,0.214430848243107,1.02772539078468,0,0,1,1,0,0,0,0,0,1,0,1,0,0,0,0,"C",1567,10484
-0.27227689956332,0.223580859268797,1.02640237448364,0,0,1,1,0,0,0,0,0,1,0,1,0,0,0,0,"C",1930,10485
-0.213962884722092,0.194286231416172,1.06697335846488,0,0,1,1,0,0,0,0,0,1,0,1,0,0,0,0,"C",3714,10486
-0.261950691881173,0.221779614673424,1.44564275146984,0,0,1,1,0,0,0,0,0,1,0,1,0,0,0,0,"C",435,10487
-0.244705152677802,0.17041144338763,0.972274044526387,0,0,1,1,0,0,0,0,0,1,0,1,0,0,0,0,"C",1461,10488
-0.194132338440706,0.121035193869417,1.21777937976974,0,0,1,1,0,0,0,0,0,1,0,1,0,0,0,0,"C",2661,10489
-0.222593398703762,0.15146051461714,0.263517686090003,0,0,1,1,0,0,0,0,0,1,0,1,0,0,0,0,"C",1967,10490
-0.16108038480269,0.138642577829886,1.32697483334466,0,0,1,1,0,0,0,0,0,1,0,1,0,0,0,0,"C",2087,10491
-0.14997943477805,0.0816559954394201,1.18467387711115,0,0,1,1,0,0,0,0,0,1,0,1,0,0,0,0,"C",2137,10492
-0.167768985169351,0.103815356046762,0.35162455388647,0,0,1,1,0,0,0,0,0,1,0,1,0,0,0,0,"C",2578,10493
-0.15464102955922,0.105956399804067,0.364141557789913,0,0,1,1,0,0,0,0,0,1,0,1,0,0,0,0,"C",899,10494
-0.181073926316929,0.142396836871394,1.85067375214787,0,0,1,1,0,0,0,0,0,1,0,1,0,0,0,0,"C",3030,10495
-0.165348246162592,0.145573807368845,1.38812497894829,0,0,1,1,0,0,0,0,0,1,0,1,0,0,0,0,"C",2602,10496
-0.239483008042972,0.229709886196079,1.61709632825034,0,0,1,1,0,0,0,0,0,1,0,1,0,0,0,0,"C",394,10497
-0.224448335507214,0.226439248701457,1.56085311196348,0,0,1,1,0,0,0,0,0,1,0,1,0,0,0,0,"C",3326,10498
-0.249246451113655,0.196951458363951,1.24126981610668,0,0,1,1,0,0,0,0,0,1,0,1,0,0,0,0,"C",2240,10499
-0.184531938729116,0.142759158203599,-1.09713318477338,0,0,1,1,0,0,0,0,0,1,0,1,0,0,0,0,"D",491,10500
-0.233123844078164,0.190977114643792,-2.15573577054923,0,0,1,1,0,0,0,0,0,1,0,1,0,0,0,0,"D",3721,10501
-0.133628466738109,0.0885379782690679,0.952402918058583,0,0,1,1,0,0,0,0,0,1,0,1,0,0,0,0,"D",3402,10502
-0.161600353546858,0.0482557551098919,-0.457356401662668,0,0,1,1,0,0,0,0,0,1,0,1,0,0,0,0,"D",368,10503
-0.103955811035063,0.0810351405951972,-1.82305353252381,0,0,1,1,0,0,0,0,0,1,0,1,0,0,0,0,"D",1484,10504
-0.0599557529376553,0.0529881541614331,0.338262573427111,0,0,1,1,0,0,0,0,0,1,0,1,0,0,0,0,"D",2487,10505
-0.155119104097519,0.0863928092822146,-2.56376037756419,0,0,1,1,0,0,0,0,0,1,0,1,0,0,0,0,"D",1608,10506
-0.182841937970806,0.100207546472413,-1.6203605886291,0,0,1,1,0,0,0,0,0,1,0,1,0,0,0,0,"D",1462,10507
-0.116474080952143,0.0965521240379391,-1.23560451074386,0,0,1,1,0,0,0,0,0,1,0,1,0,0,0,0,"D",3495,10508
-0.235725530040409,0.227846667652795,-1.59967440253162,0,0,1,1,0,0,0,0,0,1,0,1,0,0,0,0,"D",3583,10509
-0.0997247406885779,0.0404786679903639,-0.203429360984145,0,0,1,1,0,0,0,0,0,1,0,1,0,0,0,0,"D",1747,10510
-0.240300644342852,0.184756054260577,-1.6707953499361,0,0,1,1,0,0,0,0,0,1,0,1,0,0,0,0,"D",344,10511
-0.110411011609814,0.0055762278987837,-0.179732934800904,0,0,1,1,0,0,0,0,0,1,0,1,0,0,0,0,"D",3343,10512
-0.161641506735713,0.0975518905883079,-1.09292852608,0,0,1,1,0,0,0,0,0,1,0,1,0,0,0,0,"D",2191,10513
-0.165130823735956,0.149050425047849,-2.69563214410495,0,0,1,1,0,0,0,0,0,1,0,1,0,0,0,0,"D",2986,10514
-0.16986428768213,0.144450755029053,-2.70650552730205,0,0,1,1,0,0,0,0,0,1,0,1,0,0,0,0,"D",3527,10515
-0.214810758614834,0.146688113769858,0.809647339271895,0,0,1,1,0,0,0,0,0,1,0,1,0,0,0,0,"D",3748,10516
-0.198257215789054,0.152311550978727,0.663646797076842,0,0,1,1,0,0,0,0,0,1,0,1,0,0,0,0,"D",930,10517
-0.134213237168752,0.0769831459156458,0.246817423220432,0,0,1,1,0,0,0,0,0,1,0,1,0,0,0,0,"D",1560,10518
-0.168882988699162,0.089595888625238,0.934647085962858,0,0,1,1,0,0,0,0,0,1,0,1,0,0,0,0,"D",1549,10519
-0.164709085364623,0.121048786662626,-1.17095286226366,0,0,1,1,0,0,0,0,0,1,0,1,0,0,0,0,"D",3423,10520
-0.193931807701116,0.121994569926878,-1.73414494201624,0,0,1,1,0,0,0,0,0,1,0,1,0,0,0,0,"D",3464,10521
-0.209365010196639,0.100589736233479,0.673963944084832,0,0,1,1,0,0,0,0,0,1,0,1,0,0,0,0,"D",1646,10522
-0.0989563230515824,0.0473311276653743,-0.131526367179293,0,0,1,1,0,0,0,0,0,1,0,1,0,0,0,0,"D",2823,10523
-0.198498012460671,0.137424075410305,-1.67353265411524,0,0,1,1,0,0,0,0,0,1,0,1,0,0,0,0,"D",2022,10524
-0.148242283097697,0.139758766722611,-2.12905152678972,0,0,1,1,0,0,0,0,0,1,0,1,0,0,0,0,"D",1255,10525
-0.140953805451047,0.0830127825196335,-1.28415048480506,0,0,1,1,0,0,0,0,0,1,0,1,0,0,0,0,"D",1691,10526
-0.20721074111163,0.145377325974034,-1.63170962852742,0,0,1,1,0,0,0,0,0,1,0,1,0,0,0,0,"D",3414,10527
-0.133458252649322,0.0565080835273068,0.442088411223687,0,0,1,1,0,0,0,0,0,1,0,1,0,0,0,0,"D",1362,10528
-0.125152960393503,0.121116524828529,-1.9846282550645,0,0,1,1,0,0,0,0,0,1,0,1,0,0,0,0,"D",2845,10529
-0.114256847004446,0.0778581850929047,-1.46164041663865,0,0,1,1,0,0,0,0,0,1,0,1,0,0,0,0,"D",2333,10530
-0.110829095540368,0.100866651441423,1.22509195126261,0,0,1,1,0,0,0,0,0,1,0,1,0,0,0,0,"D",2005,10531
-0.156642307900355,0.0470195288442446,-2.06998699332828,0,0,1,1,0,0,0,0,0,1,0,1,0,0,0,0,"D",2937,10532
-0.192623567843297,0.153135172208147,-1.28875132523006,0,0,1,1,0,0,0,0,0,1,0,1,0,0,0,0,"D",1628,10533
-0.123434491106749,0.069385505568141,-1.05039951874594,0,0,1,1,0,0,0,0,0,1,0,1,0,0,0,0,"D",3122,10534
-0.184828495405893,0.128664549666159,-2.44694808124074,0,0,1,1,0,0,0,0,0,1,0,1,0,0,0,0,"D",666,10535
-0.156569789021281,0.0945780072147547,0.217670374863034,0,0,1,1,0,0,0,0,0,1,0,1,0,0,0,0,"D",1125,10536
-0.0766767315933914,0.0626227198891677,-1.49366488885479,0,0,1,1,0,0,0,0,0,1,0,1,0,0,0,0,"D",33,10537
-0.0998215003351189,0.0483347442504521,-0.582471264667823,0,0,1,1,0,0,0,0,0,1,0,1,0,0,0,0,"D",1671,10538
-0.133962421241793,0.0432910907636993,0.119460704486001,0,0,1,1,0,0,0,0,0,1,0,1,0,0,0,0,"D",2714,10539
-0.166126685616118,0.152028537807685,-1.38276508975543,0,0,1,1,0,0,0,0,0,1,0,1,0,0,0,0,"D",946,10540
-0.185558618400501,0.154202538558152,-2.596181039806,0,0,1,1,0,0,0,0,0,1,0,1,0,0,0,0,"D",2718,10541
-0.0886779741377382,0.0848723345418552,-1.37406874446032,0,0,1,1,0,0,0,0,0,1,0,1,0,0,0,0,"D",2372,10542
-0.0898100621588838,0.0289948664282254,0.15261244044702,0,0,1,1,0,0,0,0,0,1,0,1,0,0,0,0,"D",1117,10543
-0.0938379520253945,0.0629581348765015,-0.703612851956646,0,0,1,1,0,0,0,0,0,1,0,1,0,0,0,0,"D",3186,10544
-0.0676206252567099,0.0444638171089749,-0.578560228564554,0,0,1,1,0,0,0,0,0,1,0,1,0,0,0,0,"D",2648,10545
-0.164323130563919,0.0715928904864871,0.726982300223033,0,0,1,1,0,0,0,0,0,1,0,1,0,0,0,0,"D",3379,10546
-0.120997804482155,0.0931235534707553,0.849052783437419,0,0,1,1,0,0,0,0,0,1,0,1,0,0,0,0,"D",2742,10547
-0.241211010898929,0.2185718367787,-2.42391077912142,0,0,1,1,0,0,0,0,0,1,0,1,0,0,0,0,"D",2336,10548
-0.144405724719455,0.0145692927118177,-0.346587394177037,0,0,1,1,0,0,0,0,0,1,0,1,0,0,0,0,"D",267,10549
-0.158333267782145,0.0936997296082241,1.80176795419614,0,0,1,1,0,0,0,0,0,1,0,1,0,0,0,0,"D",1359,10550
-0.0933568809686484,0.0460284451107272,-0.977304558516652,0,0,1,1,0,0,0,0,0,1,0,1,0,0,0,0,"D",1441,10551
-0.127304515021606,0.104112909286726,0.0804991711725672,0,0,1,1,0,0,0,0,0,1,0,1,0,0,0,0,"D",1962,10552
-0.13332134065559,0.0625799693681274,-1.30368101857868,0,0,1,1,0,0,0,0,0,1,0,1,0,0,0,0,"D",3717,10553
-0.149478511840574,0.0619388077078125,-0.760868377902051,0,0,1,1,0,0,0,0,0,1,0,1,0,0,0,0,"D",347,10554
-0.145159832503403,0.091885362369807,0.258756265659344,0,0,1,1,0,0,0,0,0,1,0,1,0,0,0,0,"D",2090,10555
-0.146200640700096,0.146964345723102,-1.78478270421495,0,0,1,1,0,0,0,0,0,1,0,1,0,0,0,0,"D",3406,10556
-0.229768638663214,0.135474086809926,-1.0034842755602,0,0,1,1,0,0,0,0,0,1,0,1,0,0,0,0,"D",2061,10557
-0.21576758244543,0.129013852539408,1.48330829897294,0,0,1,1,0,0,0,0,0,1,0,1,0,0,0,0,"D",3699,10558
-0.128025857744001,0.0895329769918537,-1.67895332154499,0,0,1,1,0,0,0,0,0,1,0,1,0,0,0,0,"D",1385,10559
-0.151251829020232,0.110679667745481,1.34256897587803,0,0,1,1,0,0,0,0,0,1,0,1,0,0,0,0,"D",729,10560
-0.137642826760808,0.0760111345815767,2.01622569867566,0,0,1,1,0,0,0,0,0,1,0,1,0,0,0,0,"D",712,10561
-0.188497231780064,0.106860143254241,-1.10969946942922,0,0,1,1,0,0,0,0,0,1,0,1,0,0,0,0,"D",656,10562
-0.138439219223796,0.147999755167722,-2.09893115990509,0,0,1,1,0,0,0,0,0,1,0,1,0,0,0,0,"D",1397,10563
-0.158662427999189,0.124598150949123,-1.44149360687084,0,0,1,1,0,0,0,0,0,1,0,1,0,0,0,0,"D",2074,10564
-0.107228844926815,0.134724328173271,-0.337034549427441,0,0,1,1,0,0,0,0,0,1,0,1,0,0,0,0,"D",857,10565
-0.159930327716936,0.120444664478288,0.0101628511760514,0,0,1,1,0,0,0,0,0,1,0,1,0,0,0,0,"D",2257,10566
-0.0485685881276326,0.0293620309053703,-0.345879920442381,0,0,1,1,0,0,0,0,0,1,0,1,0,0,0,0,"D",1072,10567
-0.335555510246245,0.291703865742515,-2.63801293622224,0,0,1,1,0,0,0,0,0,1,0,1,0,0,0,0,"D",1687,10568
-0.100209354038114,0.061811577356365,-0.289799919091195,0,0,1,1,0,0,0,0,0,1,0,1,0,0,0,0,"D",2575,10569
-0.261328796049051,0.203842144947958,-1.72447334094241,0,0,1,1,0,0,0,0,0,1,0,1,0,0,0,0,"D",3006,10570
-0.101809062707759,0.0407189376289292,-1.40445853806335,0,0,1,1,0,0,0,0,0,1,0,1,0,0,0,0,"D",3732,10571
-0.073903889359264,0.0689187098921332,-0.351831513565186,0,0,1,1,0,0,0,0,0,1,0,1,0,0,0,0,"D",482,10572
-0.147053264216684,0.154327511463445,-2.1210831612349,0,0,1,1,0,0,0,0,0,1,0,1,0,0,0,0,"D",1341,10573
-0.202117754854936,0.171337051707431,-2.09688084010142,0,0,1,1,0,0,0,0,0,1,0,1,0,0,0,0,"D",3204,10574
-0.11963949596957,0.0401618128069264,0.494209748399078,0,0,1,1,0,0,0,0,0,1,0,1,0,0,0,0,"D",1763,10575
-0.196096940646312,0.177562011704179,-1.99524852824347,0,0,1,1,0,0,0,0,0,1,0,1,0,0,0,0,"D",2318,10576
-0.103807422777579,0.081879462646402,0.597217974516409,0,0,1,1,0,0,0,0,0,1,0,1,0,0,0,0,"D",1059,10577
-0.173319508283868,0.107899186069315,-1.43800053646657,0,0,1,1,0,0,0,0,0,1,0,1,0,0,0,0,"D",1290,10578
-0.159938340051769,0.0827247703869205,0.128046479469391,0,0,1,1,0,0,0,0,0,1,0,1,0,0,0,0,"D",3146,10579
-0.166275611173434,0.161399605314386,-2.75609136775268,0,0,1,1,0,0,0,0,0,1,0,1,0,0,0,0,"D",1594,10580
-0.287568989296304,0.217701279308453,-2.18355054601966,0,0,1,1,0,0,0,0,0,1,0,1,0,0,0,0,"D",2727,10581
-0.145456675779325,0.0560441433737396,0.937053394931287,0,0,1,1,0,0,0,0,0,1,0,1,0,0,0,0,"D",2960,10582
-0.0925546806860104,0.0572743279804183,-0.954293698799233,0,0,1,1,0,0,0,0,0,1,0,1,0,0,0,0,"D",3738,10583
-0.228187932283435,0.15059183847232,2.42641265632922,0,0,1,1,0,0,0,0,0,1,0,1,0,0,0,0,"D",1567,10584
-0.0596917648896634,0.0344698821878094,-0.212712687024468,0,0,1,1,0,0,0,0,0,1,0,1,0,0,0,0,"D",1930,10585
-0.125176838015791,0.0146322333212046,-0.332834988709048,0,0,1,1,0,0,0,0,0,1,0,1,0,0,0,0,"D",3714,10586
-0.107376857177906,0.0790987244624632,0.687112316115197,0,0,1,1,0,0,0,0,0,1,0,1,0,0,0,0,"D",435,10587
-0.153368621718943,0.0879515798357867,-1.61919794927999,0,0,1,1,0,0,0,0,0,1,0,1,0,0,0,0,"D",1461,10588
-0.164906113203839,0.0841510786732152,-0.958185596157858,0,0,1,1,0,0,0,0,0,1,0,1,0,0,0,0,"D",2661,10589
-0.0903326302360768,0.0588310551740145,-1.61932366521251,0,0,1,1,0,0,0,0,0,1,0,1,0,0,0,0,"D",1967,10590
-0.154514224467249,0.0889156186069996,0.0189306852953921,0,0,1,1,0,0,0,0,0,1,0,1,0,0,0,0,"D",2087,10591
-0.1415823565115,0.146778486764635,-1.03130499909761,0,0,1,1,0,0,0,0,0,1,0,1,0,0,0,0,"D",2137,10592
-0.309817426165813,0.269403802653426,-0.760632686469499,0,0,1,1,0,0,0,0,0,1,0,1,0,0,0,0,"D",2578,10593
-0.133370944051216,0.0949883794168088,-1.09998860084955,0,0,1,1,0,0,0,0,0,1,0,1,0,0,0,0,"D",899,10594
-0.294492303227425,0.226828827821692,-1.94705116022448,0,0,1,1,0,0,0,0,0,1,0,1,0,0,0,0,"D",3030,10595
-0.233454627962037,0.212504632843495,1.60785926081923,0,0,1,1,0,0,0,0,0,1,0,1,0,0,0,0,"D",2602,10596
-0.0914766173204945,0.0340820404580206,0.288982648432167,0,0,1,1,0,0,0,0,0,1,0,1,0,0,0,0,"D",394,10597
-0.105316004771327,0.0880306989946013,1.08593362886776,0,0,1,1,0,0,0,0,0,1,0,1,0,0,0,0,"D",3326,10598
-0.202057677612789,0.125651445634,-1.9001281646959,0,0,1,1,0,0,0,0,0,1,0,1,0,0,0,0,"D",2240,10599
-0.103111949998447,0.0657935707931855,0.536228839872091,0,0,1,1,0,0,0,0,0,0,0,1,1,0,0,0,"C",491,10600
-0.11566825183609,0.0687802549330645,1.61786875219166,0,0,1,1,0,0,0,0,0,0,0,1,1,0,0,0,"C",3721,10601
-0.172426258729798,0.140776463553768,-0.755035746245631,0,0,1,1,0,0,0,0,0,0,0,1,1,0,0,0,"C",3402,10602
-0.178081388682972,0.136923337823949,-2.324065506321,0,0,1,1,0,0,0,0,0,0,0,1,1,0,0,0,"C",368,10603
-0.160735986401357,0.102632848654583,0.992382716545839,0,0,1,1,0,0,0,0,0,0,0,1,1,0,0,0,"C",1484,10604
-0.210608066177397,0.146130330448621,0.841228503718317,0,0,1,1,0,0,0,0,0,0,0,1,1,0,0,0,"C",2487,10605
-0.154373836966113,0.130091844745773,0.641467787251074,0,0,1,1,0,0,0,0,0,0,0,1,1,0,0,0,"C",1608,10606
-0.122010126899225,0.0883106656017071,0.586925896993148,0,0,1,1,0,0,0,0,0,0,0,1,1,0,0,0,"C",1462,10607
-0.144714108817122,0.0886241815325389,0.814000807223107,0,0,1,1,0,0,0,0,0,0,0,1,1,0,0,0,"C",3495,10608
-0.158688732317374,0.16460734513799,1.57291868897223,0,0,1,1,0,0,0,0,0,0,0,1,1,0,0,0,"C",3583,10609
-0.151642328611349,0.117600954983428,0.280882305683129,0,0,1,1,0,0,0,0,0,0,0,1,1,0,0,0,"C",1747,10610
-0.23400744124258,0.171407002714896,-1.52519826478083,0,0,1,1,0,0,0,0,0,0,0,1,1,0,0,0,"C",344,10611
-0.168794545440298,0.150707809284428,1.85382627752267,0,0,1,1,0,0,0,0,0,0,0,1,1,0,0,0,"C",3343,10612
-0.0954996137570602,0.0410646267580577,-0.789032959711001,0,0,1,1,0,0,0,0,0,0,0,1,1,0,0,0,"C",2191,10613
-0.161577268072336,0.116630229222953,1.48654649363861,0,0,1,1,0,0,0,0,0,0,0,1,1,0,0,0,"C",2986,10614
-0.0938812255838942,0.0644768691998142,-0.0780192689547016,0,0,1,1,0,0,0,0,0,0,0,1,1,0,0,0,"C",3527,10615
-0.156749990798679,0.1478323699399,0.487590468625785,0,0,1,1,0,0,0,0,0,0,0,1,1,0,0,0,"C",3748,10616
-0.154036799219265,0.150337476867168,1.16436609702582,0,0,1,1,0,0,0,0,0,0,0,1,1,0,0,0,"C",930,10617
-0.120340292908464,0.0947955564093561,0.430756183514735,0,0,1,1,0,0,0,0,0,0,0,1,1,0,0,0,"C",1560,10618
-0.18087602200211,0.149095753528966,-0.299994944340351,0,0,1,1,0,0,0,0,0,0,0,1,1,0,0,0,"C",1549,10619
-0.0919142568684918,0.0540738099139469,0.588519516688363,0,0,1,1,0,0,0,0,0,0,0,1,1,0,0,0,"C",3423,10620
-0.144849269869186,0.0825621930126016,1.34838059005076,0,0,1,1,0,0,0,0,0,0,0,1,1,0,0,0,"C",3464,10621
-0.0581733523729735,0.0147252236087061,0.555315740251658,0,0,1,1,0,0,0,0,0,0,0,1,1,0,0,0,"C",1646,10622
-0.154632384469699,0.126252782165584,0.84932406500756,0,0,1,1,0,0,0,0,0,0,0,1,1,0,0,0,"C",2823,10623
-0.121377921181547,0.0922677219560684,-0.610545080694151,0,0,1,1,0,0,0,0,0,0,0,1,1,0,0,0,"C",2022,10624
-0.236443968186899,0.226190843364815,-0.754875732166912,0,0,1,1,0,0,0,0,0,0,0,1,1,0,0,0,"C",1255,10625
-0.181288507028892,0.166042941581006,0.52802130678423,0,0,1,1,0,0,0,0,0,0,0,1,1,0,0,0,"C",1691,10626
-0.126663665840053,0.0844673509932598,0.376427272396188,0,0,1,1,0,0,0,0,0,0,0,1,1,0,0,0,"C",3414,10627
-0.174246073597212,0.123895962123394,1.54732666550622,0,0,1,1,0,0,0,0,0,0,0,1,1,0,0,0,"C",1362,10628
-0.143361908942481,0.0786835815191669,1.46991739779243,0,0,1,1,0,0,0,0,0,0,0,1,1,0,0,0,"C",2845,10629
-0.1485286850104,0.130582281612282,1.20055623724727,0,0,1,1,0,0,0,0,0,0,0,1,1,0,0,0,"C",2333,10630
-0.270387074817886,0.227147943516276,-2.06724135144159,0,0,1,1,0,0,0,0,0,0,0,1,1,0,0,0,"C",2005,10631
-0.249311659326959,0.203335820044764,-2.57605752879368,0,0,1,1,0,0,0,0,0,0,0,1,1,0,0,0,"C",2937,10632
-0.131678981008418,0.103856437885526,-1.0770808854169,0,0,1,1,0,0,0,0,0,0,0,1,1,0,0,0,"C",1628,10633
-0.156058172976514,0.119051944389061,0.29682196126471,0,0,1,1,0,0,0,0,0,0,0,1,1,0,0,0,"C",3122,10634
-0.12952103721669,0.114193569489861,0.579969817867003,0,0,1,1,0,0,0,0,0,0,0,1,1,0,0,0,"C",666,10635
-0.21932546430873,0.179359747253367,1.21581842081669,0,0,1,1,0,0,0,0,0,0,0,1,1,0,0,0,"C",1125,10636
-0.138576147852202,0.125468489586729,1.30596739182635,0,0,1,1,0,0,0,0,0,0,0,1,1,0,0,0,"C",33,10637
-0.196189258409247,0.159819969324228,0.404080886226537,0,0,1,1,0,0,0,0,0,0,0,1,1,0,0,0,"C",1671,10638
-0.0695983168934684,0.0428223350207991,0.372882748431638,0,0,1,1,0,0,0,0,0,0,0,1,1,0,0,0,"C",2714,10639
-0.225765556985134,0.174493198669728,1.19628587402161,0,0,1,1,0,0,0,0,0,0,0,1,1,0,0,0,"C",946,10640
-0.152805061782034,0.113293451770765,0.373200243100687,0,0,1,1,0,0,0,0,0,0,0,1,1,0,0,0,"C",2718,10641
-0.147107150612295,0.137446889828703,-0.288893558001129,0,0,1,1,0,0,0,0,0,0,0,1,1,0,0,0,"C",2372,10642
-0.100979709136393,0.0692783076949432,-0.998084465500861,0,0,1,1,0,0,0,0,0,0,0,1,1,0,0,0,"C",1117,10643
-0.157390797312553,0.131077945292462,1.941451811884,0,0,1,1,0,0,0,0,0,0,0,1,1,0,0,0,"C",3186,10644
-0.052112024883563,0.0173924833316791,-0.399900933676189,0,0,1,1,0,0,0,0,0,0,0,1,1,0,0,0,"C",2648,10645
-0.192609307977245,0.138840419506429,0.757662249479559,0,0,1,1,0,0,0,0,0,0,0,1,1,0,0,0,"C",3379,10646
-0.161418096113673,0.111411285090217,2.3700856289674,0,0,1,1,0,0,0,0,0,0,0,1,1,0,0,0,"C",2742,10647
-0.180298010832333,0.129449979822758,0.766197523704404,0,0,1,1,0,0,0,0,0,0,0,1,1,0,0,0,"C",2336,10648
-0.171708911371631,0.129670450292646,0.843970344323923,0,0,1,1,0,0,0,0,0,0,0,1,1,0,0,0,"C",267,10649
-0.185962076203468,0.14964142847277,1.1765148328726,0,0,1,1,0,0,0,0,0,0,0,1,1,0,0,0,"C",1359,10650
-0.271602305340152,0.232361368024768,-1.61949482922856,0,0,1,1,0,0,0,0,0,0,0,1,1,0,0,0,"C",1441,10651
-0.201459900813194,0.175631774072379,0.815541154775474,0,0,1,1,0,0,0,0,0,0,0,1,1,0,0,0,"C",1962,10652
-0.121442141426697,0.089171470860529,0.673398531227813,0,0,1,1,0,0,0,0,0,0,0,1,1,0,0,0,"C",3717,10653
-0.113837126372948,0.0843004040316181,0.448463246183647,0,0,1,1,0,0,0,0,0,0,0,1,1,0,0,0,"C",347,10654
-0.181956320955512,0.13901991214512,2.46793737370531,0,0,1,1,0,0,0,0,0,0,0,1,1,0,0,0,"C",2090,10655
-0.152688144850521,0.128855659893146,0.568629092690533,0,0,1,1,0,0,0,0,0,0,0,1,1,0,0,0,"C",3406,10656
-0.173680748284182,0.125740686843053,0.0278845174189017,0,0,1,1,0,0,0,0,0,0,0,1,1,0,0,0,"C",2061,10657
-0.13701653810952,0.125799081335221,1.1487525622898,0,0,1,1,0,0,0,0,0,0,0,1,1,0,0,0,"C",3699,10658
-0.143360690296456,0.108935456081728,1.14720329417502,0,0,1,1,0,0,0,0,0,0,0,1,1,0,0,0,"C",1385,10659
-0.162377833588079,0.143957641338411,-1.30021865431933,0,0,1,1,0,0,0,0,0,0,0,1,1,0,0,0,"C",729,10660
-0.179545264426238,0.12691560219306,-0.948411023738805,0,0,1,1,0,0,0,0,0,0,0,1,1,0,0,0,"C",712,10661
-0.217256108539841,0.162936035674519,0.90858629173574,0,0,1,1,0,0,0,0,0,0,0,1,1,0,0,0,"C",656,10662
-0.161409195761184,0.128669641172497,2.34524323396588,0,0,1,1,0,0,0,0,0,0,0,1,1,0,0,0,"C",1397,10663
-0.189451238744855,0.128475094463513,0.654397118186248,0,0,1,1,0,0,0,0,0,0,0,1,1,0,0,0,"C",2074,10664
-0.156064189219254,0.102567141340772,1.80124114067345,0,0,1,1,0,0,0,0,0,0,0,1,1,0,0,0,"C",857,10665
-0.113036851905655,0.0775725550304412,-1.81715827305482,0,0,1,1,0,0,0,0,0,0,0,1,1,0,0,0,"C",2257,10666
-0.138790230381899,0.0908524600188388,-2.17743473557402,0,0,1,1,0,0,0,0,0,0,0,1,1,0,0,0,"C",1072,10667
-0.168624259425389,0.120161119144689,0.263677597161169,0,0,1,1,0,0,0,0,0,0,0,1,1,0,0,0,"C",1687,10668
-0.15144379097357,0.119241638301858,-2.38959633580989,0,0,1,1,0,0,0,0,0,0,0,1,1,0,0,0,"C",2575,10669
-0.155252946733825,0.111439428934558,0.0465401937315804,0,0,1,1,0,0,0,0,0,0,0,1,1,0,0,0,"C",3006,10670
-0.200176935865636,0.153727328067975,0.884196559565769,0,0,1,1,0,0,0,0,0,0,0,1,1,0,0,0,"C",3732,10671
-0.132077414825512,0.0945672358539446,0.274568886427098,0,0,1,1,0,0,0,0,0,0,0,1,1,0,0,0,"C",482,10672
-0.156196041174447,0.115621785670481,1.69041063736163,0,0,1,1,0,0,0,0,0,0,0,1,1,0,0,0,"C",1341,10673
-0.0971004607754462,0.0678045832411556,-1.89806519443042,0,0,1,1,0,0,0,0,0,0,0,1,1,0,0,0,"C",3204,10674
-0.161895396294564,0.138930172086638,1.2108124634796,0,0,1,1,0,0,0,0,0,0,0,1,1,0,0,0,"C",1763,10675
-0.110443258851417,0.0723795571540324,0.406429061750383,0,0,1,1,0,0,0,0,0,0,0,1,1,0,0,0,"C",2318,10676
-0.130491645533497,0.0605751259940692,1.65522440119147,0,0,1,1,0,0,0,0,0,0,0,1,1,0,0,0,"C",1059,10677
-0.17382293814732,0.120549577845641,1.10500060622813,0,0,1,1,0,0,0,0,0,0,0,1,1,0,0,0,"C",1290,10678
-0.180438204741759,0.163217983393522,0.211921192229924,0,0,1,1,0,0,0,0,0,0,0,1,1,0,0,0,"C",3146,10679
-0.186393750670116,0.154806758767306,1.61002295000442,0,0,1,1,0,0,0,0,0,0,0,1,1,0,0,0,"C",1594,10680
-0.135539706795836,0.0950343745165073,1.53266337698277,0,0,1,1,0,0,0,0,0,0,0,1,1,0,0,0,"C",2727,10681
-0.201016400182404,0.146041548806259,0.917946103026504,0,0,1,1,0,0,0,0,0,0,0,1,1,0,0,0,"C",2960,10682
-0.0943973562544028,0.0703474668129086,1.90950142125594,0,0,1,1,0,0,0,0,0,0,0,1,1,0,0,0,"C",3738,10683
-0.233765172030359,0.187224696313981,1.49737427891944,0,0,1,1,0,0,0,0,0,0,0,1,1,0,0,0,"C",1567,10684
-0.128711337450192,0.104149717736746,1.78090797033176,0,0,1,1,0,0,0,0,0,0,0,1,1,0,0,0,"C",1930,10685
-0.0926434727343338,0.0632639934342283,0.00568633657556758,0,0,1,1,0,0,0,0,0,0,0,1,1,0,0,0,"C",3714,10686
-0.131529034354534,0.0902921872894657,0.842185969739649,0,0,1,1,0,0,0,0,0,0,0,1,1,0,0,0,"C",435,10687
-0.150381757302028,0.10156847303728,1.62452014978168,0,0,1,1,0,0,0,0,0,0,0,1,1,0,0,0,"C",1461,10688
-0.116536896142996,0.0712935442395073,1.50372904289094,0,0,1,1,0,0,0,0,0,0,0,1,1,0,0,0,"C",2661,10689
-0.144092680838448,0.125894476609544,-1.6452843572214,0,0,1,1,0,0,0,0,0,0,0,1,1,0,0,0,"C",1967,10690
-0.136758010388295,0.0867624551332588,0.0511226155338058,0,0,1,1,0,0,0,0,0,0,0,1,1,0,0,0,"C",2087,10691
-0.0976325662845925,0.0518031405530658,-1.33945889418625,0,0,1,1,0,0,0,0,0,0,0,1,1,0,0,0,"C",2137,10692
-0.137748815453867,0.104312292672987,1.49033167643429,0,0,1,1,0,0,0,0,0,0,0,1,1,0,0,0,"C",2578,10693
-0.18862545596764,0.150374979427664,-0.234660776664385,0,0,1,1,0,0,0,0,0,0,0,1,1,0,0,0,"C",899,10694
-0.271812052156666,0.236801476665105,-0.449890116409371,0,0,1,1,0,0,0,0,0,0,0,1,1,0,0,0,"C",3030,10695
-0.157645453495035,0.132931010800582,2.5427567355768,0,0,1,1,0,0,0,0,0,0,0,1,1,0,0,0,"C",2602,10696
-0.168805065897052,0.121692290322404,-1.88213050511177,0,0,1,1,0,0,0,0,0,0,0,1,1,0,0,0,"C",394,10697
-0.0780186874590692,0.0520006694898208,0.791097513119191,0,0,1,1,0,0,0,0,0,0,0,1,1,0,0,0,"C",3326,10698
-0.143638735240575,0.115843792606219,1.43265563748573,0,0,1,1,0,0,0,0,0,0,0,1,1,0,0,0,"C",2240,10699
-0.0695874222670123,0.135017184697523,0.754976491569382,0,0,1,1,0,0,0,0,0,0,0,1,1,0,0,0,"D",491,10700
-0.0220249721799816,0.146946652721687,-0.0378476224628316,0,0,1,1,0,0,0,0,0,0,0,1,1,0,0,0,"D",3721,10701
-0.169539993474528,0.254937022708712,-1.99821730837252,0,0,1,1,0,0,0,0,0,0,0,1,1,0,0,0,"D",3402,10702
-0.107900897234785,0.221609968637591,-0.193574959439914,0,0,1,1,0,0,0,0,0,0,0,1,1,0,0,0,"D",368,10703
-0.0417771338030869,0.161552494711168,-1.12114627487973,0,0,1,1,0,0,0,0,0,0,0,1,1,0,0,0,"D",1484,10704
-0.0548521081433676,0.153306316316476,0.192941060701564,0,0,1,1,0,0,0,0,0,0,0,1,1,0,0,0,"D",2487,10705
-0.193907685459292,0.257874002806907,-0.525076274279962,0,0,1,1,0,0,0,0,0,0,0,1,1,0,0,0,"D",1608,10706
0.0158832182403445,0.0539419641053751,-1.32132859560433,0,0,1,1,0,0,0,0,0,0,0,1,1,0,0,0,"D",1462,10707
-0.080804961331858,0.149291367376585,1.09615144158149,0,0,1,1,0,0,0,0,0,0,0,1,1,0,0,0,"D",3495,10708
-0.153296814747304,0.229902867311358,1.15115375983957,0,0,1,1,0,0,0,0,0,0,0,1,1,0,0,0,"D",3583,10709
-0.17359341382256,0.258125099562125,-1.93747996580656,0,0,1,1,0,0,0,0,0,0,0,1,1,0,0,0,"D",1747,10710
-0.0737481909113835,0.132909993156677,-0.192264635327276,0,0,1,1,0,0,0,0,0,0,0,1,1,0,0,0,"D",344,10711
-0.0613566755287061,0.14939906642918,-1.32452696827577,0,0,1,1,0,0,0,0,0,0,0,1,1,0,0,0,"D",3343,10712
-0.00305332504878578,0.0808482466554507,0.610710280665491,0,0,1,1,0,0,0,0,0,0,0,1,1,0,0,0,"D",2191,10713
-0.157340982644683,0.213442946305785,-1.13084941479047,0,0,1,1,0,0,0,0,0,0,0,1,1,0,0,0,"D",2986,10714
-0.170782048466213,0.241739229989686,0.143327481573974,0,0,1,1,0,0,0,0,0,0,0,1,1,0,0,0,"D",3527,10715
-0.0973368049426374,0.177022550266925,2.31134164520014,0,0,1,1,0,0,0,0,0,0,0,1,1,0,0,0,"D",3748,10716
-0.220130036999386,0.284830019911157,-2.25454928240314,0,0,1,1,0,0,0,0,0,0,0,1,1,0,0,0,"D",930,10717
-0.045521333938224,0.129587949849506,0.467867116247122,0,0,1,1,0,0,0,0,0,0,0,1,1,0,0,0,"D",1560,10718
-0.0416723788268987,0.0895320393853374,-0.283975216915978,0,0,1,1,0,0,0,0,0,0,0,1,1,0,0,0,"D",1549,10719
-0.0864667587160879,0.190935998548435,1.18151468195271,0,0,1,1,0,0,0,0,0,0,0,1,1,0,0,0,"D",3423,10720
-0.0915429293295099,0.198211819573047,-2.0491909782682,0,0,1,1,0,0,0,0,0,0,0,1,1,0,0,0,"D",3464,10721
-0.104720486918023,0.153816522883694,-0.279706155366796,0,0,1,1,0,0,0,0,0,0,0,1,1,0,0,0,"D",1646,10722
-0.163541476572598,0.263864668376691,-0.625986840069611,0,0,1,1,0,0,0,0,0,0,0,1,1,0,0,0,"D",2823,10723
-0.161724651680116,0.211519522648967,1.34113542767126,0,0,1,1,0,0,0,0,0,0,0,1,1,0,0,0,"D",2022,10724
-0.0661425744867712,0.165761210901327,0.431883863799056,0,0,1,1,0,0,0,0,0,0,0,1,1,0,0,0,"D",1255,10725
-0.0216408711255729,0.146760114990269,1.40734318269601,0,0,1,1,0,0,0,0,0,0,0,1,1,0,0,0,"D",1691,10726
-0.057412101126322,0.133071312556653,2.30879221695573,0,0,1,1,0,0,0,0,0,0,0,1,1,0,0,0,"D",3414,10727
-0.130030661029737,0.224997876135631,-1.92962575923436,0,0,1,1,0,0,0,0,0,0,0,1,1,0,0,0,"D",1362,10728
0.0366026756941483,0.0533658599789234,-0.364324312024075,0,0,1,1,0,0,0,0,0,0,0,1,1,0,0,0,"D",2845,10729
0.0398163750304863,0.075130858854174,-0.886355625544198,0,0,1,1,0,0,0,0,0,0,0,1,1,0,0,0,"D",2333,10730
-0.0525103249207628,0.118539460479883,0.880764994206314,0,0,1,1,0,0,0,0,0,0,0,1,1,0,0,0,"D",2005,10731
-0.0988568497815803,0.191002399497353,2.58709498618829,0,0,1,1,0,0,0,0,0,0,0,1,1,0,0,0,"D",2937,10732
-0.114957338083975,0.193911978471842,-0.197538680117252,0,0,1,1,0,0,0,0,0,0,0,1,1,0,0,0,"D",1628,10733
-0.162739186823962,0.228164595196801,-1.29136613250831,0,0,1,1,0,0,0,0,0,0,0,1,1,0,0,0,"D",3122,10734
-0.194310032901106,0.25942259281118,-2.26893438800189,0,0,1,1,0,0,0,0,0,0,0,1,1,0,0,0,"D",666,10735
0.0114965518679141,0.0717286913773368,-0.631107305330731,0,0,1,1,0,0,0,0,0,0,0,1,1,0,0,0,"D",1125,10736
-0.0354814725995764,0.148628035712913,-0.932771193130088,0,0,1,1,0,0,0,0,0,0,0,1,1,0,0,0,"D",33,10737
-0.152223316214653,0.237382638872196,-2.16415671968631,0,0,1,1,0,0,0,0,0,0,0,1,1,0,0,0,"D",1671,10738
-0.0752013149746868,0.153451860435118,2.08226799890352,0,0,1,1,0,0,0,0,0,0,0,1,1,0,0,0,"D",2714,10739
-0.186418870634106,0.276562144138607,-1.86230419341938,0,0,1,1,0,0,0,0,0,0,0,1,1,0,0,0,"D",946,10740
0.0151790649704527,0.106629105402308,-1.96941240665225,0,0,1,1,0,0,0,0,0,0,0,1,1,0,0,0,"D",2718,10741
-0.147373313642342,0.240243936292199,1.5972897092532,0,0,1,1,0,0,0,0,0,0,0,1,1,0,0,0,"D",2372,10742
-0.0441606398102919,0.148418412686252,-0.838198380799471,0,0,1,1,0,0,0,0,0,0,0,1,1,0,0,0,"D",1117,10743
-0.198616481722096,0.238462391759574,1.7184795827998,0,0,1,1,0,0,0,0,0,0,0,1,1,0,0,0,"D",3186,10744
-0.0586111122712614,0.110978485202838,-2.58560504679943,0,0,1,1,0,0,0,0,0,0,0,1,1,0,0,0,"D",2648,10745
-0.0747607985238234,0.17772950427389,1.62292262065232,0,0,1,1,0,0,0,0,0,0,0,1,1,0,0,0,"D",3379,10746
-0.0539264952941273,0.133058001741576,-2.16425603725072,0,0,1,1,0,0,0,0,0,0,0,1,1,0,0,0,"D",2742,10747
-0.0385581328134921,0.104941012676901,-0.893474949619023,0,0,1,1,0,0,0,0,0,0,0,1,1,0,0,0,"D",2336,10748
-0.134748121826145,0.219351201403844,-1.78586623257168,0,0,1,1,0,0,0,0,0,0,0,1,1,0,0,0,"D",267,10749
-0.139456363250925,0.217339008228535,0.359112724707096,0,0,1,1,0,0,0,0,0,0,0,1,1,0,0,0,"D",1359,10750
-0.0210212969380596,0.115233596793469,1.33745703152368,0,0,1,1,0,0,0,0,0,0,0,1,1,0,0,0,"D",1441,10751
-0.163345971751479,0.267732636344454,0.757164440038686,0,0,1,1,0,0,0,0,0,0,0,1,1,0,0,0,"D",1962,10752
-0.0738537363702819,0.134817437095353,-1.01457735281136,0,0,1,1,0,0,0,0,0,0,0,1,1,0,0,0,"D",3717,10753
-0.119828338061265,0.145839965586459,1.03316233003994,0,0,1,1,0,0,0,0,0,0,0,1,1,0,0,0,"D",347,10754
-0.156060287199949,0.276749361969431,0.0894763376463535,0,0,1,1,0,0,0,0,0,0,0,1,1,0,0,0,"D",2090,10755
-0.0529819498119368,0.128439459662089,0.530382964508807,0,0,1,1,0,0,0,0,0,0,0,1,1,0,0,0,"D",3406,10756
0.0156644677631023,0.0951879890474707,-0.549931150118365,0,0,1,1,0,0,0,0,0,0,0,1,1,0,0,0,"D",2061,10757
-0.215070781517925,0.293583231562511,-1.99333195334759,0,0,1,1,0,0,0,0,0,0,0,1,1,0,0,0,"D",3699,10758
-0.096128492210027,0.16047269150902,-2.14619590005489,0,0,1,1,0,0,0,0,0,0,0,1,1,0,0,0,"D",1385,10759
-0.118254019388172,0.164877439189048,-1.58255673900961,0,0,1,1,0,0,0,0,0,0,0,1,1,0,0,0,"D",729,10760
-0.191303308971891,0.26346829165646,-1.26245275022518,0,0,1,1,0,0,0,0,0,0,0,1,1,0,0,0,"D",712,10761
-0.10748348778422,0.1962201314072,-0.514791832800817,0,0,1,1,0,0,0,0,0,0,0,1,1,0,0,0,"D",656,10762
-0.0925007469929479,0.163933676211349,1.53453902770553,0,0,1,1,0,0,0,0,0,0,0,1,1,0,0,0,"D",1397,10763
-0.18865004871592,0.268846559101972,-1.46800257736379,0,0,1,1,0,0,0,0,0,0,0,1,1,0,0,0,"D",2074,10764
-0.0214393518894766,0.145455979188747,1.5071064525756,0,0,1,1,0,0,0,0,0,0,0,1,1,0,0,0,"D",857,10765
-0.0955592632317973,0.176094448313751,-1.30827711594526,0,0,1,1,0,0,0,0,0,0,0,1,1,0,0,0,"D",2257,10766
-0.085156391195549,0.168297474402034,-1.42482847405681,0,0,1,1,0,0,0,0,0,0,0,1,1,0,0,0,"D",1072,10767
-0.144173488136392,0.168919672773751,-1.14380992487193,0,0,1,1,0,0,0,0,0,0,0,1,1,0,0,0,"D",1687,10768
-0.04991023460677,0.128297192217881,0.337485079221951,0,0,1,1,0,0,0,0,0,0,0,1,1,0,0,0,"D",2575,10769
-0.128527344895235,0.22930646147717,-1.96011223329585,0,0,1,1,0,0,0,0,0,0,0,1,1,0,0,0,"D",3006,10770
-0.181924534939963,0.249244231582874,-1.75384998045829,0,0,1,1,0,0,0,0,0,0,0,1,1,0,0,0,"D",3732,10771
-0.104340905280446,0.18286724877809,1.07959284277931,0,0,1,1,0,0,0,0,0,0,0,1,1,0,0,0,"D",482,10772
-0.142537732216045,0.186013064479955,-2.0006563925175,0,0,1,1,0,0,0,0,0,0,0,1,1,0,0,0,"D",1341,10773
-0.145585696806265,0.184660610876328,1.34603023545383,0,0,1,1,0,0,0,0,0,0,0,1,1,0,0,0,"D",3204,10774
-0.0945684562854343,0.11049785275699,0.514992135448385,0,0,1,1,0,0,0,0,0,0,0,1,1,0,0,0,"D",1763,10775
-0.147236202798656,0.215659934260132,-0.596837159427235,0,0,1,1,0,0,0,0,0,0,0,1,1,0,0,0,"D",2318,10776
-0.326924110857273,0.423551300310831,-1.13528864215564,0,0,1,1,0,0,0,0,0,0,0,1,1,0,0,0,"D",1059,10777
-0.137048787132012,0.195360326165174,-1.85945919454132,0,0,1,1,0,0,0,0,0,0,0,1,1,0,0,0,"D",1290,10778
-0.0305375428523588,0.134114451256751,1.62313979907947,0,0,1,1,0,0,0,0,0,0,0,1,1,0,0,0,"D",3146,10779
-0.0723936389358594,0.139676025678676,-0.575021906818881,0,0,1,1,0,0,0,0,0,0,0,1,1,0,0,0,"D",1594,10780
-0.0675009846682858,0.157025845238844,-1.59508787636901,0,0,1,1,0,0,0,0,0,0,0,1,1,0,0,0,"D",2727,10781
-0.149028443821038,0.252127317417516,-0.948264330389197,0,0,1,1,0,0,0,0,0,0,0,1,1,0,0,0,"D",2960,10782
-0.0964625518443785,0.158139624096235,2.10493478303966,0,0,1,1,0,0,0,0,0,0,0,1,1,0,0,0,"D",3738,10783
-0.0994927082451759,0.211574429594429,-2.00092332873773,0,0,1,1,0,0,0,0,0,0,0,1,1,0,0,0,"D",1567,10784
-0.0020265229507435,0.115740747062166,1.18249408621046,0,0,1,1,0,0,0,0,0,0,0,1,1,0,0,0,"D",1930,10785
-0.0968897202826549,0.157762370948551,0.308039696841883,0,0,1,1,0,0,0,0,0,0,0,1,1,0,0,0,"D",3714,10786
-0.112696237547417,0.148388528334125,1.5287522702267,0,0,1,1,0,0,0,0,0,0,0,1,1,0,0,0,"D",435,10787
-0.247161833830896,0.320488267212181,-0.700152582068045,0,0,1,1,0,0,0,0,0,0,0,1,1,0,0,0,"D",1461,10788
-0.189320171111131,0.290169567390787,-1.96699387894043,0,0,1,1,0,0,0,0,0,0,0,1,1,0,0,0,"D",2661,10789
-0.078139622343047,0.139616514528225,0.0470391469166213,0,0,1,1,0,0,0,0,0,0,0,1,1,0,0,0,"D",1967,10790
-0.139417050779774,0.190797345035449,-2.14995126693633,0,0,1,1,0,0,0,0,0,0,0,1,1,0,0,0,"D",2087,10791
-0.117700608238147,0.239462515659172,0.878607558183102,0,0,1,1,0,0,0,0,0,0,0,1,1,0,0,0,"D",2137,10792
-0.176472351647431,0.263822232965382,-1.18378830811518,0,0,1,1,0,0,0,0,0,0,0,1,1,0,0,0,"D",2578,10793
-0.0152566839407451,0.110276545894507,-0.564052338501602,0,0,1,1,0,0,0,0,0,0,0,1,1,0,0,0,"D",899,10794
-0.0835626194706957,0.173477364003015,-0.651444306478423,0,0,1,1,0,0,0,0,0,0,0,1,1,0,0,0,"D",3030,10795
-0.0236609453883795,0.0607620821970478,1.16223824762603,0,0,1,1,0,0,0,0,0,0,0,1,1,0,0,0,"D",2602,10796
-0.0453332213831779,0.104034943417135,1.22491203300993,0,0,1,1,0,0,0,0,0,0,0,1,1,0,0,0,"D",394,10797
-0.0329336195001758,0.136079801576345,0.934212799397437,0,0,1,1,0,0,0,0,0,0,0,1,1,0,0,0,"D",3326,10798
-0.116396278032584,0.158165701430725,2.41727934138108,0,0,1,1,0,0,0,0,0,0,0,1,1,0,0,0,"D",2240,10799
-0.107655885483585,0.0494437880135137,0.212603930106273,0,0,1,1,0,0,0,0,0,0,0,1,0,0,0,1,"C",491,10800
-0.0695132863268937,0.0471887097145641,0.341653685498138,0,0,1,1,0,0,0,0,0,0,0,1,0,0,0,1,"C",3721,10801
-0.0894376294460003,0.0526696968294438,0.154651222563883,0,0,1,1,0,0,0,0,0,0,0,1,0,0,0,1,"C",3402,10802
-0.0997222604153285,0.0634384452350872,0.792388754737149,0,0,1,1,0,0,0,0,0,0,0,1,0,0,0,1,"C",368,10803
-0.0756758404939329,0.0203070785528915,0.99474258705317,0,0,1,1,0,0,0,0,0,0,0,1,0,0,0,1,"C",1484,10804
-0.118917125187223,0.055996110823294,-0.0349413000100127,0,0,1,1,0,0,0,0,0,0,0,1,0,0,0,1,"C",2487,10805
-0.142661505132242,0.1125722841799,0.0870770710452899,0,0,1,1,0,0,0,0,0,0,0,1,0,0,0,1,"C",1608,10806
-0.0726115331066634,0.0461116987043037,-0.197965171703128,0,0,1,1,0,0,0,0,0,0,0,1,0,0,0,1,"C",1462,10807
-0.0663820140212714,0.00842972850873058,-0.190666220332463,0,0,1,1,0,0,0,0,0,0,0,1,0,0,0,1,"C",3495,10808
-0.0545957717051364,0.0591422897915576,0.539397986464178,0,0,1,1,0,0,0,0,0,0,0,1,0,0,0,1,"C",3583,10809
-0.100175163915456,0.0581319525767101,0.0186966254375047,0,0,1,1,0,0,0,0,0,0,0,1,0,0,0,1,"C",1747,10810
-0.123697065413356,0.0637105830727741,0.0323519933849942,0,0,1,1,0,0,0,0,0,0,0,1,0,0,0,1,"C",344,10811
-0.0742362638051855,0.0281716845931907,-0.295947469762415,0,0,1,1,0,0,0,0,0,0,0,1,0,0,0,1,"C",3343,10812
-0.0933369568506961,0.0599065701587414,-0.0190516981276116,0,0,1,1,0,0,0,0,0,0,0,1,0,0,0,1,"C",2191,10813
-0.0990525022310152,0.0603164453680318,-0.106910155274108,0,0,1,1,0,0,0,0,0,0,0,1,0,0,0,1,"C",2986,10814
-0.0677083092736182,0.0595577622984375,1.25670443173945,0,0,1,1,0,0,0,0,0,0,0,1,0,0,0,1,"C",3527,10815
-0.0810196097231044,0.0675214363604368,0.271989876834373,0,0,1,1,0,0,0,0,0,0,0,1,0,0,0,1,"C",3748,10816
-0.0733576453247649,0.0531693856705468,0.316837275828306,0,0,1,1,0,0,0,0,0,0,0,1,0,0,0,1,"C",930,10817
-0.107692577362407,0.0739640522309769,-0.500784919081279,0,0,1,1,0,0,0,0,0,0,0,1,0,0,0,1,"C",1560,10818
-0.0569229671468276,0.0124536502232122,0.805472018425644,0,0,1,1,0,0,0,0,0,0,0,1,0,0,0,1,"C",1549,10819
-0.094714177411237,0.0554457479993364,0.589105708296908,0,0,1,1,0,0,0,0,0,0,0,1,0,0,0,1,"C",3423,10820
-0.109880581899764,0.0430009522346401,0.301869128431955,0,0,1,1,0,0,0,0,0,0,0,1,0,0,0,1,"C",3464,10821
-0.0810773604250097,0.0364487579220581,0.0782131224432651,0,0,1,1,0,0,0,0,0,0,0,1,0,0,0,1,"C",1646,10822
-0.0635807243572472,0.0477694875147975,-0.0550476664027085,0,0,1,1,0,0,0,0,0,0,0,1,0,0,0,1,"C",2823,10823
-0.110542360982822,0.0818197924279559,0.3195526870873,0,0,1,1,0,0,0,0,0,0,0,1,0,0,0,1,"C",2022,10824
-0.115484486447323,0.064107508884576,0.330287548778821,0,0,1,1,0,0,0,0,0,0,0,1,0,0,0,1,"C",1255,10825
-0.0920064577602115,0.067077715403533,0.0208505548270311,0,0,1,1,0,0,0,0,0,0,0,1,0,0,0,1,"C",1691,10826
-0.118508688600837,0.0955647039324173,0.790549175746035,0,0,1,1,0,0,0,0,0,0,0,1,0,0,0,1,"C",3414,10827
-0.0891778685997011,0.0516720846652036,0.196759231866647,0,0,1,1,0,0,0,0,0,0,0,1,0,0,0,1,"C",1362,10828
-0.0762139653498713,0.0206981734632059,0.36495556791798,0,0,1,1,0,0,0,0,0,0,0,1,0,0,0,1,"C",2845,10829
-0.119644339095,0.0891574099558195,0.110176960588559,0,0,1,1,0,0,0,0,0,0,0,1,0,0,0,1,"C",2333,10830
-0.100561420791612,0.0525532300337098,0.30760387930102,0,0,1,1,0,0,0,0,0,0,0,1,0,0,0,1,"C",2005,10831
-0.099308523938999,0.0537580542630707,0.358907987278139,0,0,1,1,0,0,0,0,0,0,0,1,0,0,0,1,"C",2937,10832
-0.0632495342259371,0.0401831324596888,0.180336598967,0,0,1,1,0,0,0,0,0,0,0,1,0,0,0,1,"C",1628,10833
-0.0895804131088917,0.0673865249849025,0.277098579090635,0,0,1,1,0,0,0,0,0,0,0,1,0,0,0,1,"C",3122,10834
-0.0974340547166592,0.0464577910751481,0.0282463901307967,0,0,1,1,0,0,0,0,0,0,0,1,0,0,0,1,"C",666,10835
-0.0865698375119866,0.0374810163558062,-0.211666544206516,0,0,1,1,0,0,0,0,0,0,0,1,0,0,0,1,"C",1125,10836
-0.0885113087086347,0.0652324961541553,0.371479111928668,0,0,1,1,0,0,0,0,0,0,0,1,0,0,0,1,"C",33,10837
-0.121810540225812,0.0817909074681791,-0.257215001360639,0,0,1,1,0,0,0,0,0,0,0,1,0,0,0,1,"C",1671,10838
-0.0738103166310582,0.0475240063895335,0.357233405846766,0,0,1,1,0,0,0,0,0,0,0,1,0,0,0,1,"C",2714,10839
-0.10122839428133,0.0505913115081858,-0.226006331200213,0,0,1,1,0,0,0,0,0,0,0,1,0,0,0,1,"C",946,10840
-0.070238228848515,0.0318111472489281,0.634450217692091,0,0,1,1,0,0,0,0,0,0,0,1,0,0,0,1,"C",2718,10841
-0.102768290053608,0.0641243806167231,0.530193570578477,0,0,1,1,0,0,0,0,0,0,0,1,0,0,0,1,"C",2372,10842
-0.0937856659406301,0.0635068842956474,0.40916120196275,0,0,1,1,0,0,0,0,0,0,0,1,0,0,0,1,"C",1117,10843
-0.0982112089142659,0.0861856467960529,-0.306069445080787,0,0,1,1,0,0,0,0,0,0,0,1,0,0,0,1,"C",3186,10844
-0.0843457677196511,0.0446815728085086,-0.226811972125869,0,0,1,1,0,0,0,0,0,0,0,1,0,0,0,1,"C",2648,10845
-0.0706317144209183,0.0260175549974526,0.110938588135033,0,0,1,1,0,0,0,0,0,0,0,1,0,0,0,1,"C",3379,10846
-0.0738578984528153,0.0444135155628401,-0.366311902360518,0,0,1,1,0,0,0,0,0,0,0,1,0,0,0,1,"C",2742,10847
-0.0939388551093055,0.0447851461741082,0.0527507773682447,0,0,1,1,0,0,0,0,0,0,0,1,0,0,0,1,"C",2336,10848
-0.0777605679574049,0.0340886267746244,0.525098583553886,0,0,1,1,0,0,0,0,0,0,0,1,0,0,0,1,"C",267,10849
-0.0412344110179238,0.0316834039578186,0.252964727037528,0,0,1,1,0,0,0,0,0,0,0,1,0,0,0,1,"C",1359,10850
-0.086011019514452,0.0515003465755175,0.607877436837933,0,0,1,1,0,0,0,0,0,0,0,1,0,0,0,1,"C",1441,10851
-0.053245502955037,0.0374546030801535,0.117801069851469,0,0,1,1,0,0,0,0,0,0,0,1,0,0,0,1,"C",1962,10852
-0.111864625324043,0.0606535813856886,-0.0478150878410931,0,0,1,1,0,0,0,0,0,0,0,1,0,0,0,1,"C",3717,10853
-0.038943289242673,0.035217275080468,0.596860191572473,0,0,1,1,0,0,0,0,0,0,0,1,0,0,0,1,"C",347,10854
-0.100594783981137,0.0459019782107244,0.497954868816167,0,0,1,1,0,0,0,0,0,0,0,1,0,0,0,1,"C",2090,10855
-0.0665379369645571,0.0455169390630543,0.651902327253897,0,0,1,1,0,0,0,0,0,0,0,1,0,0,0,1,"C",3406,10856
-0.0826765167539966,0.0562265503113496,-0.0222394127490552,0,0,1,1,0,0,0,0,0,0,0,1,0,0,0,1,"C",2061,10857
-0.0553407044274005,0.0471967691427183,0.25623608229471,0,0,1,1,0,0,0,0,0,0,0,1,0,0,0,1,"C",3699,10858
-0.0634326703755582,0.0314770164560407,0.2640167617295,0,0,1,1,0,0,0,0,0,0,0,1,0,0,0,1,"C",1385,10859
-0.0718206078691043,0.0488489717540877,0.153853920881457,0,0,1,1,0,0,0,0,0,0,0,1,0,0,0,1,"C",729,10860
-0.096437828533442,0.0412189340004661,0.998447862408759,0,0,1,1,0,0,0,0,0,0,0,1,0,0,0,1,"C",712,10861
-0.0960114521717001,0.0526905277697767,-0.115059491102674,0,0,1,1,0,0,0,0,0,0,0,1,0,0,0,1,"C",656,10862
-0.102167892180576,0.0622509819959462,-0.0208999825642588,0,0,1,1,0,0,0,0,0,0,0,1,0,0,0,1,"C",1397,10863
-0.0848212449564613,0.024588684634596,0.406734874853991,0,0,1,1,0,0,0,0,0,0,0,1,0,0,0,1,"C",2074,10864
-0.0995333788579017,0.0538987590982003,0.0825229184340595,0,0,1,1,0,0,0,0,0,0,0,1,0,0,0,1,"C",857,10865
-0.0904862278494429,0.0525517082518839,-0.303039025018989,0,0,1,1,0,0,0,0,0,0,0,1,0,0,0,1,"C",2257,10866
-0.0683290451950433,0.0409259855877704,1.52356235953894,0,0,1,1,0,0,0,0,0,0,0,1,0,0,0,1,"C",1072,10867
-0.0639370001217657,0.0426651032432173,0.432854909437398,0,0,1,1,0,0,0,0,0,0,0,1,0,0,0,1,"C",1687,10868
-0.0737213492041388,0.0631007962086838,-0.0738735919145183,0,0,1,1,0,0,0,0,0,0,0,1,0,0,0,1,"C",2575,10869
-0.0635682289756767,0.0340581600380102,0.198231489915672,0,0,1,1,0,0,0,0,0,0,0,1,0,0,0,1,"C",3006,10870
-0.0657847696470304,0.0275126139578394,0.00444103440622104,0,0,1,1,0,0,0,0,0,0,0,1,0,0,0,1,"C",3732,10871
-0.119846841948684,0.0912308532058258,0.0949742876211857,0,0,1,1,0,0,0,0,0,0,0,1,0,0,0,1,"C",482,10872
-0.102901386982509,0.0396513221822305,0.983346144599508,0,0,1,1,0,0,0,0,0,0,0,1,0,0,0,1,"C",1341,10873
-0.0693035162315788,0.0342026989724235,0.471013879217425,0,0,1,1,0,0,0,0,0,0,0,1,0,0,0,1,"C",3204,10874
-0.101984834624555,0.081358004949869,0.288266414697845,0,0,1,1,0,0,0,0,0,0,0,1,0,0,0,1,"C",1763,10875
-0.0827684144416665,0.0504452887182222,0.290906853015188,0,0,1,1,0,0,0,0,0,0,0,1,0,0,0,1,"C",2318,10876
-0.109607530224728,0.0518580089423584,-1.11035679989585,0,0,1,1,0,0,0,0,0,0,0,1,0,0,0,1,"C",1059,10877
-0.111073587740019,0.0567709040951921,-0.0429143526774016,0,0,1,1,0,0,0,0,0,0,0,1,0,0,0,1,"C",1290,10878
-0.0845304530043002,0.0539626513939991,0.0240360928629591,0,0,1,1,0,0,0,0,0,0,0,1,0,0,0,1,"C",3146,10879
-0.0679366326432878,0.0495042137821769,-0.107168349120448,0,0,1,1,0,0,0,0,0,0,0,1,0,0,0,1,"C",1594,10880
-0.109335379243733,0.0601535433084729,-0.0222980021475396,0,0,1,1,0,0,0,0,0,0,0,1,0,0,0,1,"C",2727,10881
-0.0981656466906533,0.0519066818228351,-0.19101365159457,0,0,1,1,0,0,0,0,0,0,0,1,0,0,0,1,"C",2960,10882
-0.0784360202616004,0.0458600400546499,1.04597608895553,0,0,1,1,0,0,0,0,0,0,0,1,0,0,0,1,"C",3738,10883
-0.0820839537752133,0.0580440405160892,0.204971344170536,0,0,1,1,0,0,0,0,0,0,0,1,0,0,0,1,"C",1567,10884
-0.0577770607838494,0.04166080192028,0.239839571123305,0,0,1,1,0,0,0,0,0,0,0,1,0,0,0,1,"C",1930,10885
-0.0853017109541644,0.0527816639079109,0.325174502868517,0,0,1,1,0,0,0,0,0,0,0,1,0,0,0,1,"C",3714,10886
-0.111311328391074,0.0740518628129727,1.13553573225611,0,0,1,1,0,0,0,0,0,0,0,1,0,0,0,1,"C",435,10887
-0.0838842444288999,0.0367319153434293,0.255230526831576,0,0,1,1,0,0,0,0,0,0,0,1,0,0,0,1,"C",1461,10888
-0.0821998059000584,0.0500050264922387,0.612573638239457,0,0,1,1,0,0,0,0,0,0,0,1,0,0,0,1,"C",2661,10889
-0.088334863955313,0.0575766479565182,0.445091306515706,0,0,1,1,0,0,0,0,0,0,0,1,0,0,0,1,"C",1967,10890
-0.127638593289489,0.0783256452188466,0.504857050126789,0,0,1,1,0,0,0,0,0,0,0,1,0,0,0,1,"C",2087,10891
-0.0790332613824533,0.0342540633524706,0.860830573936732,0,0,1,1,0,0,0,0,0,0,0,1,0,0,0,1,"C",2137,10892
-0.0376212046736127,0.0236915648821318,0.855639220986042,0,0,1,1,0,0,0,0,0,0,0,1,0,0,0,1,"C",2578,10893
-0.106491193538871,0.0558566997631067,0.451504499208756,0,0,1,1,0,0,0,0,0,0,0,1,0,0,0,1,"C",899,10894
-0.0950788589734174,0.0718233352973427,-0.0668276319682772,0,0,1,1,0,0,0,0,0,0,0,1,0,0,0,1,"C",3030,10895
-0.0734163149153022,0.0570299811237676,0.530956353150227,0,0,1,1,0,0,0,0,0,0,0,1,0,0,0,1,"C",2602,10896
-0.0683137579355304,0.029657909355026,0.0564658402657295,0,0,1,1,0,0,0,0,0,0,0,1,0,0,0,1,"C",394,10897
-0.0697234194551945,0.0481670093048258,0.0442854787693831,0,0,1,1,0,0,0,0,0,0,0,1,0,0,0,1,"C",3326,10898
-0.111879445312272,0.0641479578522449,0.177717139320634,0,0,1,1,0,0,0,0,0,0,0,1,0,0,0,1,"C",2240,10899
-0.112282963323978,0.0797187284013856,2.12361573629491,0,0,1,1,0,0,0,0,0,0,0,1,0,0,0,1,"D",491,10900
-0.0762792296165126,0.0434192708433099,0.650616122122653,0,0,1,1,0,0,0,0,0,0,0,1,0,0,0,1,"D",3721,10901
-0.126904242556923,0.0824281140071989,1.8873476148355,0,0,1,1,0,0,0,0,0,0,0,1,0,0,0,1,"D",3402,10902
-0.148068563683163,0.118439280033582,1.66597193235692,0,0,1,1,0,0,0,0,0,0,0,1,0,0,0,1,"D",368,10903
-0.107586539747063,0.050025026321058,0.551014458365143,0,0,1,1,0,0,0,0,0,0,0,1,0,0,0,1,"D",1484,10904
-0.129417890882841,0.100467843567843,0.157243777010393,0,0,1,1,0,0,0,0,0,0,0,1,0,0,0,1,"D",2487,10905
-0.121546619009377,0.0655115665977175,2.05777043237025,0,0,1,1,0,0,0,0,0,0,0,1,0,0,0,1,"D",1608,10906
-0.0970278508423304,0.0365263614314495,0.535100388705852,0,0,1,1,0,0,0,0,0,0,0,1,0,0,0,1,"D",1462,10907
-0.115370542622705,0.067188131018043,-0.32941184838098,0,0,1,1,0,0,0,0,0,0,0,1,0,0,0,1,"D",3495,10908
-0.0911208393172943,0.0556614793965778,-0.166336891574735,0,0,1,1,0,0,0,0,0,0,0,1,0,0,0,1,"D",3583,10909
-0.10596136506963,0.0448597512400379,0.647040270953874,0,0,1,1,0,0,0,0,0,0,0,1,0,0,0,1,"D",1747,10910
-0.11975932618881,0.0656829134555878,0.489329288338636,0,0,1,1,0,0,0,0,0,0,0,1,0,0,0,1,"D",344,10911
-0.099319864298537,0.0521637198503648,1.1595879079601,0,0,1,1,0,0,0,0,0,0,0,1,0,0,0,1,"D",3343,10912
-0.0921840887596014,0.0512814556116215,0.923422434788492,0,0,1,1,0,0,0,0,0,0,0,1,0,0,0,1,"D",2191,10913
-0.114233283336629,0.0604340872972438,0.926096487476914,0,0,1,1,0,0,0,0,0,0,0,1,0,0,0,1,"D",2986,10914
-0.1335276149805,0.0985521790288238,0.809513442013722,0,0,1,1,0,0,0,0,0,0,0,1,0,0,0,1,"D",3527,10915
-0.0847183198896739,0.0549911556313721,0.851385914087425,0,0,1,1,0,0,0,0,0,0,0,1,0,0,0,1,"D",3748,10916
-0.120459947173184,0.08308502557311,1.17421792694124,0,0,1,1,0,0,0,0,0,0,0,1,0,0,0,1,"D",930,10917
-0.102866761067305,0.0499603564959914,0.71073722549609,0,0,1,1,0,0,0,0,0,0,0,1,0,0,0,1,"D",1560,10918
-0.110739818187778,0.0552135103207756,0.556436992316391,0,0,1,1,0,0,0,0,0,0,0,1,0,0,0,1,"D",1549,10919
-0.135885085079986,0.111015987990257,0.209603872760325,0,0,1,1,0,0,0,0,0,0,0,1,0,0,0,1,"D",3423,10920
-0.12186002809009,0.0800458915948343,1.0281358188694,0,0,1,1,0,0,0,0,0,0,0,1,0,0,0,1,"D",3464,10921
-0.148242822020814,0.102236235485663,0.0623050316371814,0,0,1,1,0,0,0,0,0,0,0,1,0,0,0,1,"D",1646,10922
-0.115269233840958,0.0949995827937685,0.270609142609537,0,0,1,1,0,0,0,0,0,0,0,1,0,0,0,1,"D",2823,10923
-0.0982922919078951,0.051098598762379,0.630988109067745,0,0,1,1,0,0,0,0,0,0,0,1,0,0,0,1,"D",2022,10924
-0.0764746338588987,0.0257523803893291,-0.00636771730211932,0,0,1,1,0,0,0,0,0,0,0,1,0,0,0,1,"D",1255,10925
-0.135453941333997,0.0771296076406696,1.92715248742044,0,0,1,1,0,0,0,0,0,0,0,1,0,0,0,1,"D",1691,10926
-0.105343903738463,0.0553834213476704,0.178506022422623,0,0,1,1,0,0,0,0,0,0,0,1,0,0,0,1,"D",3414,10927
-0.112746814766905,0.0913880379773021,-0.240186541540065,0,0,1,1,0,0,0,0,0,0,0,1,0,0,0,1,"D",1362,10928
-0.0743327966046468,0.0511532468151909,-0.0798319592143234,0,0,1,1,0,0,0,0,0,0,0,1,0,0,0,1,"D",2845,10929
-0.120697639758563,0.0337507213841384,1.31541434188845,0,0,1,1,0,0,0,0,0,0,0,1,0,0,0,1,"D",2333,10930
-0.134778533190395,0.0751660019641422,1.12810427642986,0,0,1,1,0,0,0,0,0,0,0,1,0,0,0,1,"D",2005,10931
-0.0759335519256689,0.029338579153489,0.823585425148966,0,0,1,1,0,0,0,0,0,0,0,1,0,0,0,1,"D",2937,10932
-0.118851348123144,0.0926477139002958,1.06099911310183,0,0,1,1,0,0,0,0,0,0,0,1,0,0,0,1,"D",1628,10933
-0.116268452706142,0.0828507305199061,0.188019073936534,0,0,1,1,0,0,0,0,0,0,0,1,0,0,0,1,"D",3122,10934
-0.0854838057012562,0.016537441600886,0.279724866633456,0,0,1,1,0,0,0,0,0,0,0,1,0,0,0,1,"D",666,10935
-0.120441576728995,0.0632701768131557,-0.461203015329567,0,0,1,1,0,0,0,0,0,0,0,1,0,0,0,1,"D",1125,10936
-0.0631770164612238,0.0509128747349588,1.23556342849226,0,0,1,1,0,0,0,0,0,0,0,1,0,0,0,1,"D",33,10937
-0.112310124607398,0.0685586217485171,0.897318815826071,0,0,1,1,0,0,0,0,0,0,0,1,0,0,0,1,"D",1671,10938
-0.163231572484673,0.0900191179843131,1.63637471906804,0,0,1,1,0,0,0,0,0,0,0,1,0,0,0,1,"D",2714,10939
-0.101853987678577,0.0605227979735377,1.14216527599913,0,0,1,1,0,0,0,0,0,0,0,1,0,0,0,1,"D",946,10940
-0.100400618262933,0.0567357730157745,1.50796943563334,0,0,1,1,0,0,0,0,0,0,0,1,0,0,0,1,"D",2718,10941
-0.0906477907026968,0.0522860037796654,0.522129518432072,0,0,1,1,0,0,0,0,0,0,0,1,0,0,0,1,"D",2372,10942
-0.116274337132211,0.0761669803792599,1.41616199678427,0,0,1,1,0,0,0,0,0,0,0,1,0,0,0,1,"D",1117,10943
-0.0965690351665424,0.0847604684238418,-1.50958281542223,0,0,1,1,0,0,0,0,0,0,0,1,0,0,0,1,"D",3186,10944
-0.0954960143697874,0.0641079429475251,1.01508346112571,0,0,1,1,0,0,0,0,0,0,0,1,0,0,0,1,"D",2648,10945
-0.129234443353891,0.0602203597047062,1.11547818545555,0,0,1,1,0,0,0,0,0,0,0,1,0,0,0,1,"D",3379,10946
-0.0757506724489843,0.0544250126950641,1.43512870924125,0,0,1,1,0,0,0,0,0,0,0,1,0,0,0,1,"D",2742,10947
-0.0693642317960408,0.0338395878503628,0.535820960131634,0,0,1,1,0,0,0,0,0,0,0,1,0,0,0,1,"D",2336,10948
-0.089837696816552,0.0256182496061951,0.174461934407833,0,0,1,1,0,0,0,0,0,0,0,1,0,0,0,1,"D",267,10949
-0.107567199916349,0.0610419505479258,0.84888157837142,0,0,1,1,0,0,0,0,0,0,0,1,0,0,0,1,"D",1359,10950
-0.112717576791365,0.0683684536683709,0.456837333713682,0,0,1,1,0,0,0,0,0,0,0,1,0,0,0,1,"D",1441,10951
-0.095970311794248,0.074728325784163,1.48521428909168,0,0,1,1,0,0,0,0,0,0,0,1,0,0,0,1,"D",1962,10952
-0.118995970618275,0.0514805432749701,-0.71262835212923,0,0,1,1,0,0,0,0,0,0,0,1,0,0,0,1,"D",3717,10953
-0.0890264132079969,0.034369845872253,0.656892404740303,0,0,1,1,0,0,0,0,0,0,0,1,0,0,0,1,"D",347,10954
-0.145820664280154,0.10163360526478,-0.0771883687772633,0,0,1,1,0,0,0,0,0,0,0,1,0,0,0,1,"D",2090,10955
-0.105044003397416,0.0681278658498,0.604558497007666,0,0,1,1,0,0,0,0,0,0,0,1,0,0,0,1,"D",3406,10956
-0.162283935311867,0.110449313412656,0.57899526290918,0,0,1,1,0,0,0,0,0,0,0,1,0,0,0,1,"D",2061,10957
-0.113060303653601,0.0963620134120777,1.15473781488454,0,0,1,1,0,0,0,0,0,0,0,1,0,0,0,1,"D",3699,10958
-0.0848855812142153,0.0645633185543401,1.52466194483784,0,0,1,1,0,0,0,0,0,0,0,1,0,0,0,1,"D",1385,10959
-0.113918372710158,0.0443835150669228,0.504538551660985,0,0,1,1,0,0,0,0,0,0,0,1,0,0,0,1,"D",729,10960
-0.130609992857744,0.0914849167517704,0.886670393280268,0,0,1,1,0,0,0,0,0,0,0,1,0,0,0,1,"D",712,10961
-0.121557350950712,0.0806726376618643,1.08376255913712,0,0,1,1,0,0,0,0,0,0,0,1,0,0,0,1,"D",656,10962
-0.113379612397475,0.0669004215737116,1.35757948066672,0,0,1,1,0,0,0,0,0,0,0,1,0,0,0,1,"D",1397,10963
-0.126935220248183,0.101368406744915,1.71863535630381,0,0,1,1,0,0,0,0,0,0,0,1,0,0,0,1,"D",2074,10964
-0.118822313044642,0.0791787667811767,1.23719418703089,0,0,1,1,0,0,0,0,0,0,0,1,0,0,0,1,"D",857,10965
-0.128707097120591,0.0846321727354222,2.10477196078363,0,0,1,1,0,0,0,0,0,0,0,1,0,0,0,1,"D",2257,10966
-0.0671797859312781,0.0304183542470555,1.3058478439537,0,0,1,1,0,0,0,0,0,0,0,1,0,0,0,1,"D",1072,10967
-0.12028858648195,0.0675804574566985,0.846529378181218,0,0,1,1,0,0,0,0,0,0,0,1,0,0,0,1,"D",1687,10968
-0.117134089914302,0.0727924388933613,1.57270331243657,0,0,1,1,0,0,0,0,0,0,0,1,0,0,0,1,"D",2575,10969
-0.116728686149811,0.0869520557608288,0.077642266105984,0,0,1,1,0,0,0,0,0,0,0,1,0,0,0,1,"D",3006,10970
-0.0922191988861654,0.0545423280258782,0.40969788004899,0,0,1,1,0,0,0,0,0,0,0,1,0,0,0,1,"D",3732,10971
-0.133413042797925,0.0922525710994296,-0.00554062247883822,0,0,1,1,0,0,0,0,0,0,0,1,0,0,0,1,"D",482,10972
-0.11381025904426,0.0630612634641556,0.994067393809456,0,0,1,1,0,0,0,0,0,0,0,1,0,0,0,1,"D",1341,10973
-0.13808363690281,0.078586486384119,0.811119679634107,0,0,1,1,0,0,0,0,0,0,0,1,0,0,0,1,"D",3204,10974
-0.12618953650116,0.0655024093173302,-0.271548096995274,0,0,1,1,0,0,0,0,0,0,0,1,0,0,0,1,"D",1763,10975
-0.0749502057855045,0.00535897428459622,0.133172980021171,0,0,1,1,0,0,0,0,0,0,0,1,0,0,0,1,"D",2318,10976
-0.104337420818589,0.0543311519054,0.936577244185826,0,0,1,1,0,0,0,0,0,0,0,1,0,0,0,1,"D",1059,10977
-0.139555979731487,0.0891148460553697,1.70110187421957,0,0,1,1,0,0,0,0,0,0,0,1,0,0,0,1,"D",1290,10978
-0.108938836598778,0.0642418043648643,0.699342278199363,0,0,1,1,0,0,0,0,0,0,0,1,0,0,0,1,"D",3146,10979
-0.0915499972650787,0.0369690409995158,-0.548264640376812,0,0,1,1,0,0,0,0,0,0,0,1,0,0,0,1,"D",1594,10980
-0.111632010251038,0.0706111837908079,-0.51642920829651,0,0,1,1,0,0,0,0,0,0,0,1,0,0,0,1,"D",2727,10981
-0.157065265308814,0.110658439814608,0.485049106111699,0,0,1,1,0,0,0,0,0,0,0,1,0,0,0,1,"D",2960,10982
-0.122053372430436,0.0813067874477285,0.170499269360033,0,0,1,1,0,0,0,0,0,0,0,1,0,0,0,1,"D",3738,10983
-0.0570192382307733,0.0204757056767119,1.01379959797304,0,0,1,1,0,0,0,0,0,0,0,1,0,0,0,1,"D",1567,10984
-0.0952591027509871,0.0714067778242032,-0.41251485104418,0,0,1,1,0,0,0,0,0,0,0,1,0,0,0,1,"D",1930,10985
-0.139433320793483,0.0547136457918166,0.353710684467735,0,0,1,1,0,0,0,0,0,0,0,1,0,0,0,1,"D",3714,10986
-0.128183531400261,0.0802076719963426,1.09568852284714,0,0,1,1,0,0,0,0,0,0,0,1,0,0,0,1,"D",435,10987
-0.122745155845547,0.0682089658974188,0.633050703971975,0,0,1,1,0,0,0,0,0,0,0,1,0,0,0,1,"D",1461,10988
-0.156054558156327,0.0856226163914342,1.96119527029227,0,0,1,1,0,0,0,0,0,0,0,1,0,0,0,1,"D",2661,10989
-0.109738726308208,0.0658112951109321,0.667852887113654,0,0,1,1,0,0,0,0,0,0,0,1,0,0,0,1,"D",1967,10990
-0.0950657288914767,0.0345895496151977,0.0539636546645405,0,0,1,1,0,0,0,0,0,0,0,1,0,0,0,1,"D",2087,10991
-0.0671914075613643,0.0407060672882313,0.864141238547938,0,0,1,1,0,0,0,0,0,0,0,1,0,0,0,1,"D",2137,10992
-0.112771067830777,0.0862126565622304,2.13594105878865,0,0,1,1,0,0,0,0,0,0,0,1,0,0,0,1,"D",2578,10993
-0.111566449298363,0.0843822938791367,0.031519211777989,0,0,1,1,0,0,0,0,0,0,0,1,0,0,0,1,"D",899,10994
-0.132796774309831,0.100902321734304,0.613510837345919,0,0,1,1,0,0,0,0,0,0,0,1,0,0,0,1,"D",3030,10995
-0.117370732864114,0.0848111706408522,1.36192693482706,0,0,1,1,0,0,0,0,0,0,0,1,0,0,0,1,"D",2602,10996
-0.104037933247483,0.0612132572859678,-0.109902819754859,0,0,1,1,0,0,0,0,0,0,0,1,0,0,0,1,"D",394,10997
-0.104372879163554,0.0706656316549028,0.573730727609771,0,0,1,1,0,0,0,0,0,0,0,1,0,0,0,1,"D",3326,10998
-0.095504387744984,0.0330360628682176,1.12503734455133,0,0,1,1,0,0,0,0,0,0,0,1,0,0,0,1,"D",2240,10999
-0.166684151157367,0.156165950614638,0.144222120306593,0,0,1,1,0,0,0,0,0,0,0,0,0,1,1,0,"C",491,11000
-0.219722319910788,0.249358057715087,-0.760392381117282,0,0,1,1,0,0,0,0,0,0,0,0,0,1,1,0,"C",3721,11001
-0.156589396054649,0.154717368223576,-0.546952854375862,0,0,1,1,0,0,0,0,0,0,0,0,0,1,1,0,"C",3402,11002
-0.133159541972785,0.123700607464014,-0.0450908037738181,0,0,1,1,0,0,0,0,0,0,0,0,0,1,1,0,"C",368,11003
-0.12911632492888,0.133210731091568,0.519732560740528,0,0,1,1,0,0,0,0,0,0,0,0,0,1,1,0,"C",1484,11004
-0.111009890839448,0.131148369682377,-0.586565127478592,0,0,1,1,0,0,0,0,0,0,0,0,0,1,1,0,"C",2487,11005
-0.108267982940473,0.0851000343895963,0.0132193421851245,0,0,1,1,0,0,0,0,0,0,0,0,0,1,1,0,"C",1608,11006
-0.104353673467093,0.114074284200779,0.810484407452881,0,0,1,1,0,0,0,0,0,0,0,0,0,1,1,0,"C",1462,11007
-0.206494212676898,0.178112896696287,-0.261316995091498,0,0,1,1,0,0,0,0,0,0,0,0,0,1,1,0,"C",3495,11008
-0.131463597894164,0.134536185995754,-0.662100333473805,0,0,1,1,0,0,0,0,0,0,0,0,0,1,1,0,"C",3583,11009
-0.180305788888238,0.17698879108089,-0.743428241009941,0,0,1,1,0,0,0,0,0,0,0,0,0,1,1,0,"C",1747,11010
-0.153985288048105,0.139270767958308,-0.710036960632493,0,0,1,1,0,0,0,0,0,0,0,0,0,1,1,0,"C",344,11011
-0.103954878181675,0.104761478592222,-0.602159806285774,0,0,1,1,0,0,0,0,0,0,0,0,0,1,1,0,"C",3343,11012
-0.132866758315617,0.119287117061737,-0.138553845150573,0,0,1,1,0,0,0,0,0,0,0,0,0,1,1,0,"C",2191,11013
-0.151866945357928,0.159462100469589,-0.651898359153751,0,0,1,1,0,0,0,0,0,0,0,0,0,1,1,0,"C",2986,11014
-0.169075111826905,0.135960787938711,0.246147073637813,0,0,1,1,0,0,0,0,0,0,0,0,0,1,1,0,"C",3527,11015
-0.141193019015242,0.127366949887212,0.164058775916649,0,0,1,1,0,0,0,0,0,0,0,0,0,1,1,0,"C",3748,11016
-0.147307952442843,0.143709794807365,-0.463369662929892,0,0,1,1,0,0,0,0,0,0,0,0,0,1,1,0,"C",930,11017
-0.156701488940706,0.132047132758865,-0.505027618804587,0,0,1,1,0,0,0,0,0,0,0,0,0,1,1,0,"C",1560,11018
-0.101508709793509,0.0936858336533853,-0.326026549058618,0,0,1,1,0,0,0,0,0,0,0,0,0,1,1,0,"C",1549,11019
-0.147143068188738,0.123583702289342,-0.355299490317361,0,0,1,1,0,0,0,0,0,0,0,0,0,1,1,0,"C",3423,11020
-0.146359011454803,0.149313079720518,0.283157746808541,0,0,1,1,0,0,0,0,0,0,0,0,0,1,1,0,"C",3464,11021
-0.119773236443916,0.108131103356274,-0.0618184439690452,0,0,1,1,0,0,0,0,0,0,0,0,0,1,1,0,"C",1646,11022
-0.120312354369248,0.123740546294893,-1.33009898876043,0,0,1,1,0,0,0,0,0,0,0,0,0,1,1,0,"C",2823,11023
-0.184936846087344,0.196914915175452,0.0770342104162362,0,0,1,1,0,0,0,0,0,0,0,0,0,1,1,0,"C",2022,11024
-0.156308719873488,0.150452012663245,-0.365969062067389,0,0,1,1,0,0,0,0,0,0,0,0,0,1,1,0,"C",1255,11025
-0.142686340447357,0.149630403070576,-0.32583853286719,0,0,1,1,0,0,0,0,0,0,0,0,0,1,1,0,"C",1691,11026
-0.13766078874853,0.133866176014511,0.204948344806621,0,0,1,1,0,0,0,0,0,0,0,0,0,1,1,0,"C",3414,11027
-0.165743812707017,0.165427579347877,-0.0704806367163791,0,0,1,1,0,0,0,0,0,0,0,0,0,1,1,0,"C",1362,11028
-0.142114981610045,0.113548617343468,0.865980016252083,0,0,1,1,0,0,0,0,0,0,0,0,0,1,1,0,"C",2845,11029
-0.15784806026791,0.139222570395332,1.28084847018637,0,0,1,1,0,0,0,0,0,0,0,0,0,1,1,0,"C",2333,11030
-0.157362290991855,0.131228291863207,0.418621246604134,0,0,1,1,0,0,0,0,0,0,0,0,0,1,1,0,"C",2005,11031
-0.173086401408569,0.154293387177238,-1.08843965380484,0,0,1,1,0,0,0,0,0,0,0,0,0,1,1,0,"C",2937,11032
-0.128521882875919,0.151738262054779,-0.742159229915721,0,0,1,1,0,0,0,0,0,0,0,0,0,1,1,0,"C",1628,11033
-0.149475133949703,0.128368751157841,-0.605246641800412,0,0,1,1,0,0,0,0,0,0,0,0,0,1,1,0,"C",3122,11034
-0.170842454772234,0.180490837389675,-0.151734547942455,0,0,1,1,0,0,0,0,0,0,0,0,0,1,1,0,"C",666,11035
-0.104214458469376,0.0829235118724424,1.72136845892394,0,0,1,1,0,0,0,0,0,0,0,0,0,1,1,0,"C",1125,11036
-0.145432623933567,0.141334004342267,1.06726565690226,0,0,1,1,0,0,0,0,0,0,0,0,0,1,1,0,"C",33,11037
-0.173080598802137,0.153498945620662,0.302613912013068,0,0,1,1,0,0,0,0,0,0,0,0,0,1,1,0,"C",1671,11038
-0.141027076843591,0.13555154552909,-1.36215499114567,0,0,1,1,0,0,0,0,0,0,0,0,0,1,1,0,"C",2714,11039
-0.154436745399475,0.154073263289674,0.118734689853868,0,0,1,1,0,0,0,0,0,0,0,0,0,1,1,0,"C",946,11040
-0.066941518275193,0.0445605418735108,-0.174814661416437,0,0,1,1,0,0,0,0,0,0,0,0,0,1,1,0,"C",2718,11041
-0.192105846503748,0.166349437663606,-1.27367370633542,0,0,1,1,0,0,0,0,0,0,0,0,0,1,1,0,"C",2372,11042
-0.119270648043777,0.127669955522277,-0.0463935879645889,0,0,1,1,0,0,0,0,0,0,0,0,0,1,1,0,"C",1117,11043
-0.151588160817631,0.149216146651122,-1.22815199182521,0,0,1,1,0,0,0,0,0,0,0,0,0,1,1,0,"C",3186,11044
-0.124104827322586,0.118189723576093,-0.113417071250133,0,0,1,1,0,0,0,0,0,0,0,0,0,1,1,0,"C",2648,11045
-0.171506627497199,0.146414197036709,-0.329966702159416,0,0,1,1,0,0,0,0,0,0,0,0,0,1,1,0,"C",3379,11046
-0.133980056664514,0.129827958538923,0.423585966785466,0,0,1,1,0,0,0,0,0,0,0,0,0,1,1,0,"C",2742,11047
-0.195299942356116,0.174463677240902,-0.26466448470653,0,0,1,1,0,0,0,0,0,0,0,0,0,1,1,0,"C",2336,11048
-0.162425424268992,0.162557739422637,-0.272250451964991,0,0,1,1,0,0,0,0,0,0,0,0,0,1,1,0,"C",267,11049
-0.14315887598232,0.13263908471612,0.756994825339186,0,0,1,1,0,0,0,0,0,0,0,0,0,1,1,0,"C",1359,11050
-0.226325746500379,0.2075931949496,-0.384954007119444,0,0,1,1,0,0,0,0,0,0,0,0,0,1,1,0,"C",1441,11051
-0.124970114570902,0.116536084253938,1.23549570219605,0,0,1,1,0,0,0,0,0,0,0,0,0,1,1,0,"C",1962,11052
-0.156085361921499,0.153656984164453,-0.146187264104688,0,0,1,1,0,0,0,0,0,0,0,0,0,1,1,0,"C",3717,11053
-0.149695509806269,0.135599234476569,0.911016621651635,0,0,1,1,0,0,0,0,0,0,0,0,0,1,1,0,"C",347,11054
-0.138870535046931,0.116246963887924,0.267370582843037,0,0,1,1,0,0,0,0,0,0,0,0,0,1,1,0,"C",2090,11055
-0.0992138642965577,0.104670559818668,0.468833378127071,0,0,1,1,0,0,0,0,0,0,0,0,0,1,1,0,"C",3406,11056
-0.158437963419141,0.132432603433396,-0.0468511756059503,0,0,1,1,0,0,0,0,0,0,0,0,0,1,1,0,"C",2061,11057
-0.224818171079787,0.221947213664839,0.516372615982733,0,0,1,1,0,0,0,0,0,0,0,0,0,1,1,0,"C",3699,11058
-0.122006330311286,0.108371529014143,0.276652078827855,0,0,1,1,0,0,0,0,0,0,0,0,0,1,1,0,"C",1385,11059
-0.110598418162938,0.113259372055103,1.16854284915841,0,0,1,1,0,0,0,0,0,0,0,0,0,1,1,0,"C",729,11060
-0.179715267148172,0.160583117420564,0.0118173770937333,0,0,1,1,0,0,0,0,0,0,0,0,0,1,1,0,"C",712,11061
-0.152009896559667,0.143389729260667,0.669255976999014,0,0,1,1,0,0,0,0,0,0,0,0,0,1,1,0,"C",656,11062
-0.168991770247886,0.160423189515191,-0.483204214385682,0,0,1,1,0,0,0,0,0,0,0,0,0,1,1,0,"C",1397,11063
-0.170470026418682,0.144883677313233,0.609917846893569,0,0,1,1,0,0,0,0,0,0,0,0,0,1,1,0,"C",2074,11064
-0.155369267074063,0.140625312842871,-0.79491329511958,0,0,1,1,0,0,0,0,0,0,0,0,0,1,1,0,"C",857,11065
-0.184464410563952,0.159695524879748,-0.363705986220935,0,0,1,1,0,0,0,0,0,0,0,0,0,1,1,0,"C",2257,11066
-0.136140496984493,0.125076138225702,-0.802306194415703,0,0,1,1,0,0,0,0,0,0,0,0,0,1,1,0,"C",1072,11067
-0.156715677273576,0.140436200029672,-0.102781171225873,0,0,1,1,0,0,0,0,0,0,0,0,0,1,1,0,"C",1687,11068
-0.169823325363862,0.157288611293722,-0.34244365362836,0,0,1,1,0,0,0,0,0,0,0,0,0,1,1,0,"C",2575,11069
-0.187610871148907,0.185936435400676,-0.653839725530441,0,0,1,1,0,0,0,0,0,0,0,0,0,1,1,0,"C",3006,11070
-0.170636562354925,0.158233909723579,-0.523891490109581,0,0,1,1,0,0,0,0,0,0,0,0,0,1,1,0,"C",3732,11071
-0.192296254448637,0.153340203488953,-2.08850291914241,0,0,1,1,0,0,0,0,0,0,0,0,0,1,1,0,"C",482,11072
-0.160597064759142,0.131294645327405,0.712390612362535,0,0,1,1,0,0,0,0,0,0,0,0,0,1,1,0,"C",1341,11073
-0.17584784072545,0.1759484494753,-0.227452846966828,0,0,1,1,0,0,0,0,0,0,0,0,0,1,1,0,"C",3204,11074
-0.0854868870789978,0.084063044311956,-0.487125706119244,0,0,1,1,0,0,0,0,0,0,0,0,0,1,1,0,"C",1763,11075
-0.128647449563115,0.0955376186065988,-0.860597508223074,0,0,1,1,0,0,0,0,0,0,0,0,0,1,1,0,"C",2318,11076
-0.1826474685802,0.153858938071299,0.211368287707405,0,0,1,1,0,0,0,0,0,0,0,0,0,1,1,0,"C",1059,11077
-0.137804688961717,0.122202970539182,0.118709021280346,0,0,1,1,0,0,0,0,0,0,0,0,0,1,1,0,"C",1290,11078
-0.139259726240469,0.124895982824028,0.852295511588523,0,0,1,1,0,0,0,0,0,0,0,0,0,1,1,0,"C",3146,11079
-0.11855718982058,0.093342322902112,0.147264544468192,0,0,1,1,0,0,0,0,0,0,0,0,0,1,1,0,"C",1594,11080
-0.122595360160397,0.104615428458311,-0.646937006950473,0,0,1,1,0,0,0,0,0,0,0,0,0,1,1,0,"C",2727,11081
-0.152580512008443,0.156758212497442,-0.831245590208648,0,0,1,1,0,0,0,0,0,0,0,0,0,1,1,0,"C",2960,11082
-0.11846938650536,0.08481202163408,0.104421499648959,0,0,1,1,0,0,0,0,0,0,0,0,0,1,1,0,"C",3738,11083
-0.191365227941447,0.170900654832546,-1.55908858267238,0,0,1,1,0,0,0,0,0,0,0,0,0,1,1,0,"C",1567,11084
-0.16204523205237,0.135310708454155,0.109709683462937,0,0,1,1,0,0,0,0,0,0,0,0,0,1,1,0,"C",1930,11085
-0.104189107941431,0.104531184307672,-1.14639130358099,0,0,1,1,0,0,0,0,0,0,0,0,0,1,1,0,"C",3714,11086
-0.149188785016163,0.140115651049074,-0.678933189352378,0,0,1,1,0,0,0,0,0,0,0,0,0,1,1,0,"C",435,11087
-0.149859120003615,0.128048786661796,0.416651777888353,0,0,1,1,0,0,0,0,0,0,0,0,0,1,1,0,"C",1461,11088
-0.203408463934064,0.18892160386008,-0.672173855535686,0,0,1,1,0,0,0,0,0,0,0,0,0,1,1,0,"C",2661,11089
-0.160075645465974,0.139248498153409,0.228403680218005,0,0,1,1,0,0,0,0,0,0,0,0,0,1,1,0,"C",1967,11090
-0.147036463990529,0.122362048523756,0.379087503750002,0,0,1,1,0,0,0,0,0,0,0,0,0,1,1,0,"C",2087,11091
-0.153838795757225,0.130992605047634,0.296158544686926,0,0,1,1,0,0,0,0,0,0,0,0,0,1,1,0,"C",2137,11092
-0.10607386001254,0.10204574902743,-0.118147583892495,0,0,1,1,0,0,0,0,0,0,0,0,0,1,1,0,"C",2578,11093
-0.116805025939382,0.123127523189223,0.3920852067283,0,0,1,1,0,0,0,0,0,0,0,0,0,1,1,0,"C",899,11094
-0.18113939557671,0.172558277905402,0.3024245325639,0,0,1,1,0,0,0,0,0,0,0,0,0,1,1,0,"C",3030,11095
-0.147248489533099,0.144275716196218,-0.679158829038153,0,0,1,1,0,0,0,0,0,0,0,0,0,1,1,0,"C",2602,11096
-0.183490490050486,0.153235732693369,0.0760851326212531,0,0,1,1,0,0,0,0,0,0,0,0,0,1,1,0,"C",394,11097
-0.181978591455424,0.176854582547283,0.217849414870455,0,0,1,1,0,0,0,0,0,0,0,0,0,1,1,0,"C",3326,11098
-0.208146974800465,0.180518221066782,-0.184046945473491,0,0,1,1,0,0,0,0,0,0,0,0,0,1,1,0,"C",2240,11099
-0.091623307945223,0.0666652187955917,0.937071178179592,0,0,1,1,0,0,0,0,0,0,0,0,0,1,1,0,"D",491,11100
-0.108130375366812,0.0846209323191534,1.34602183574831,0,0,1,1,0,0,0,0,0,0,0,0,0,1,1,0,"D",3721,11101
-0.12831014321765,0.112538849980868,0.665837032411098,0,0,1,1,0,0,0,0,0,0,0,0,0,1,1,0,"D",3402,11102
-0.0886135660442205,0.0939845567895784,1.14540783340603,0,0,1,1,0,0,0,0,0,0,0,0,0,1,1,0,"D",368,11103
-0.139471343652566,0.104988716452506,0.816963011547753,0,0,1,1,0,0,0,0,0,0,0,0,0,1,1,0,"D",1484,11104
-0.102004367389033,0.085292128069551,0.697262627501446,0,0,1,1,0,0,0,0,0,0,0,0,0,1,1,0,"D",2487,11105
-0.0897200113645031,0.0680823674077104,0.525657923549826,0,0,1,1,0,0,0,0,0,0,0,0,0,1,1,0,"D",1608,11106
-0.0867487794969119,0.0606966745045311,0.705807076301232,0,0,1,1,0,0,0,0,0,0,0,0,0,1,1,0,"D",1462,11107
-0.115486496289623,0.124953052334616,1.12833014492505,0,0,1,1,0,0,0,0,0,0,0,0,0,1,1,0,"D",3495,11108
-0.115093928343068,0.10767334968552,1.07387571994044,0,0,1,1,0,0,0,0,0,0,0,0,0,1,1,0,"D",3583,11109
-0.0745065789449038,0.0664742830105132,0.203894558873811,0,0,1,1,0,0,0,0,0,0,0,0,0,1,1,0,"D",1747,11110
-0.0981296413997105,0.100675390182407,1.37119910185118,0,0,1,1,0,0,0,0,0,0,0,0,0,1,1,0,"D",344,11111
-0.101824821535981,0.0766789588291075,0.884203664160659,0,0,1,1,0,0,0,0,0,0,0,0,0,1,1,0,"D",3343,11112
-0.13481247384895,0.116342110717134,0.227010871889569,0,0,1,1,0,0,0,0,0,0,0,0,0,1,1,0,"D",2191,11113
-0.133211211136064,0.114795924979294,0.662041663855593,0,0,1,1,0,0,0,0,0,0,0,0,0,1,1,0,"D",2986,11114
-0.0829710183008694,0.0678401245158359,1.22897215042022,0,0,1,1,0,0,0,0,0,0,0,0,0,1,1,0,"D",3527,11115
-0.122847862610976,0.095745342208678,0.0919338216232398,0,0,1,1,0,0,0,0,0,0,0,0,0,1,1,0,"D",3748,11116
-0.110437360543921,0.0910728145316303,0.583532109657037,0,0,1,1,0,0,0,0,0,0,0,0,0,1,1,0,"D",930,11117
-0.108241009863375,0.098506532784231,0.809619777387538,0,0,1,1,0,0,0,0,0,0,0,0,0,1,1,0,"D",1560,11118
-0.108139415690559,0.0842147574572341,1.49538578809661,0,0,1,1,0,0,0,0,0,0,0,0,0,1,1,0,"D",1549,11119
-0.0774265326799445,0.0589075903173186,0.743272057831969,0,0,1,1,0,0,0,0,0,0,0,0,0,1,1,0,"D",3423,11120
-0.0988723323161247,0.0837855093497834,-0.00841101454156115,0,0,1,1,0,0,0,0,0,0,0,0,0,1,1,0,"D",3464,11121
-0.0979127042227207,0.0743947620979475,1.23040103207561,0,0,1,1,0,0,0,0,0,0,0,0,0,1,1,0,"D",1646,11122
-0.109504616285974,0.0861842810210861,0.302651992634818,0,0,1,1,0,0,0,0,0,0,0,0,0,1,1,0,"D",2823,11123
-0.116442832106737,0.0836435211607979,1.86071138846995,0,0,1,1,0,0,0,0,0,0,0,0,0,1,1,0,"D",2022,11124
-0.0425671649418142,0.036497570723773,0.58109366277489,0,0,1,1,0,0,0,0,0,0,0,0,0,1,1,0,"D",1255,11125
-0.109204962578228,0.0897978734147226,-0.0444277586362044,0,0,1,1,0,0,0,0,0,0,0,0,0,1,1,0,"D",1691,11126
-0.12342000864758,0.11923583910194,0.838648847547186,0,0,1,1,0,0,0,0,0,0,0,0,0,1,1,0,"D",3414,11127
-0.0882361513144481,0.0763429650268648,0.20427948523566,0,0,1,1,0,0,0,0,0,0,0,0,0,1,1,0,"D",1362,11128
-0.088408435650398,0.0822353811538763,0.674024643153633,0,0,1,1,0,0,0,0,0,0,0,0,0,1,1,0,"D",2845,11129
-0.0851995363107902,0.0739035149625872,1.25816481217391,0,0,1,1,0,0,0,0,0,0,0,0,0,1,1,0,"D",2333,11130
-0.129961236728713,0.0977923379062787,0.689818180498668,0,0,1,1,0,0,0,0,0,0,0,0,0,1,1,0,"D",2005,11131
-0.100472457586537,0.0662530579227763,0.885759702837248,0,0,1,1,0,0,0,0,0,0,0,0,0,1,1,0,"D",2937,11132
-0.128241443175624,0.112731421777875,0.599122709232909,0,0,1,1,0,0,0,0,0,0,0,0,0,1,1,0,"D",1628,11133
-0.093472398551632,0.0635050247538354,0.391164521448276,0,0,1,1,0,0,0,0,0,0,0,0,0,1,1,0,"D",3122,11134
-0.111075834360419,0.10807333327706,1.16790386229602,0,0,1,1,0,0,0,0,0,0,0,0,0,1,1,0,"D",666,11135
-0.0887845232079044,0.073768955668185,0.144729003629711,0,0,1,1,0,0,0,0,0,0,0,0,0,1,1,0,"D",1125,11136
-0.134758232456277,0.126819992065289,0.776752818080127,0,0,1,1,0,0,0,0,0,0,0,0,0,1,1,0,"D",33,11137
-0.130558786303886,0.108934101158744,0.760879021579436,0,0,1,1,0,0,0,0,0,0,0,0,0,1,1,0,"D",1671,11138
-0.0521377650911014,0.0554726791280875,0.51206660263088,0,0,1,1,0,0,0,0,0,0,0,0,0,1,1,0,"D",2714,11139
-0.116954278974719,0.130099769440914,0.765745273562632,0,0,1,1,0,0,0,0,0,0,0,0,0,1,1,0,"D",946,11140
-0.128591896567712,0.0986005563058724,1.3131385923274,0,0,1,1,0,0,0,0,0,0,0,0,0,1,1,0,"D",2718,11141
-0.130779998051116,0.116191647149666,0.684014522081339,0,0,1,1,0,0,0,0,0,0,0,0,0,1,1,0,"D",2372,11142
-0.0742204037107626,0.0620430912783551,0.456696748092098,0,0,1,1,0,0,0,0,0,0,0,0,0,1,1,0,"D",1117,11143
-0.0903501087197367,0.0523546760344444,0.206309367145856,0,0,1,1,0,0,0,0,0,0,0,0,0,1,1,0,"D",3186,11144
-0.114340307820404,0.0957581570355286,0.665376590097067,0,0,1,1,0,0,0,0,0,0,0,0,0,1,1,0,"D",2648,11145
-0.130748808436548,0.119219396974497,1.84464260103547,0,0,1,1,0,0,0,0,0,0,0,0,0,1,1,0,"D",3379,11146
-0.111718148134586,0.0905539489774613,0.436830003129959,0,0,1,1,0,0,0,0,0,0,0,0,0,1,1,0,"D",2742,11147
-0.0987614467718583,0.0715426913313867,0.704000009529892,0,0,1,1,0,0,0,0,0,0,0,0,0,1,1,0,"D",2336,11148
-0.132250023427621,0.108245595168091,0.686821544368738,0,0,1,1,0,0,0,0,0,0,0,0,0,1,1,0,"D",267,11149
-0.11371619034183,0.104809606086739,0.360541798031099,0,0,1,1,0,0,0,0,0,0,0,0,0,1,1,0,"D",1359,11150
-0.0837148149531577,0.0478376825798992,0.965656520470451,0,0,1,1,0,0,0,0,0,0,0,0,0,1,1,0,"D",1441,11151
-0.0912861386052368,0.0894667481212066,0.782446805258912,0,0,1,1,0,0,0,0,0,0,0,0,0,1,1,0,"D",1962,11152
-0.10420812101111,0.0946097597329114,0.78980272886791,0,0,1,1,0,0,0,0,0,0,0,0,0,1,1,0,"D",3717,11153
-0.111387676843802,0.108801981230031,0.669918250107839,0,0,1,1,0,0,0,0,0,0,0,0,0,1,1,0,"D",347,11154
-0.170461459734236,0.154183176275142,0.448821681373295,0,0,1,1,0,0,0,0,0,0,0,0,0,1,1,0,"D",2090,11155
-0.129884338032902,0.112920434196271,1.00591289408808,0,0,1,1,0,0,0,0,0,0,0,0,0,1,1,0,"D",3406,11156
-0.128487898782653,0.111124601498619,0.655976813533847,0,0,1,1,0,0,0,0,0,0,0,0,0,1,1,0,"D",2061,11157
-0.0930928050037994,0.106235303735669,0.854136274400553,0,0,1,1,0,0,0,0,0,0,0,0,0,1,1,0,"D",3699,11158
-0.116644435366996,0.119864647838393,0.665382136843837,0,0,1,1,0,0,0,0,0,0,0,0,0,1,1,0,"D",1385,11159
-0.0576097467423083,0.0552331420270538,0.577040193543777,0,0,1,1,0,0,0,0,0,0,0,0,0,1,1,0,"D",729,11160
-0.133451957158811,0.121688391204519,1.84681047399629,0,0,1,1,0,0,0,0,0,0,0,0,0,1,1,0,"D",712,11161
-0.110315586257877,0.0966069682696853,0.623058056322951,0,0,1,1,0,0,0,0,0,0,0,0,0,1,1,0,"D",656,11162
-0.141516918463818,0.116575752315442,1.17874620446914,0,0,1,1,0,0,0,0,0,0,0,0,0,1,1,0,"D",1397,11163
-0.0715367784928445,0.0826849322261108,1.39481167846106,0,0,1,1,0,0,0,0,0,0,0,0,0,1,1,0,"D",2074,11164
-0.0721835201372334,0.06560208252484,1.11802507256438,0,0,1,1,0,0,0,0,0,0,0,0,0,1,1,0,"D",857,11165
-0.119237748812119,0.101424952930655,1.09816601854545,0,0,1,1,0,0,0,0,0,0,0,0,0,1,1,0,"D",2257,11166
-0.0810528747412922,0.0745885981511195,-0.0604700338092514,0,0,1,1,0,0,0,0,0,0,0,0,0,1,1,0,"D",1072,11167
-0.105098085009694,0.10898327886892,0.734372052135937,0,0,1,1,0,0,0,0,0,0,0,0,0,1,1,0,"D",1687,11168
-0.090215967054772,0.0682827267127251,0.348398521582697,0,0,1,1,0,0,0,0,0,0,0,0,0,1,1,0,"D",2575,11169
-0.117188515331511,0.0849757029620967,0.6552064323719,0,0,1,1,0,0,0,0,0,0,0,0,0,1,1,0,"D",3006,11170
-0.120371221751872,0.109022540937152,1.32856118872045,0,0,1,1,0,0,0,0,0,0,0,0,0,1,1,0,"D",3732,11171
-0.101270077101702,0.0730994136069767,0.937965321504812,0,0,1,1,0,0,0,0,0,0,0,0,0,1,1,0,"D",482,11172
-0.0823263045827838,0.0775487234617447,0.770671516350806,0,0,1,1,0,0,0,0,0,0,0,0,0,1,1,0,"D",1341,11173
-0.0604722967730356,0.0506709084381109,0.818108817639156,0,0,1,1,0,0,0,0,0,0,0,0,0,1,1,0,"D",3204,11174
-0.102111744505529,0.0908495937987808,0.757080724095515,0,0,1,1,0,0,0,0,0,0,0,0,0,1,1,0,"D",1763,11175
-0.0743175918619289,0.0694837234868446,0.614431721378857,0,0,1,1,0,0,0,0,0,0,0,0,0,1,1,0,"D",2318,11176
-0.106266141596518,0.0944862957944184,1.41825716946944,0,0,1,1,0,0,0,0,0,0,0,0,0,1,1,0,"D",1059,11177
-0.0746573108729594,0.0734512445276242,0.662903829450406,0,0,1,1,0,0,0,0,0,0,0,0,0,1,1,0,"D",1290,11178
-0.144872711247848,0.118763172145475,0.643961679714163,0,0,1,1,0,0,0,0,0,0,0,0,0,1,1,0,"D",3146,11179
-0.148304268055804,0.120596961504291,1.25555186947212,0,0,1,1,0,0,0,0,0,0,0,0,0,1,1,0,"D",1594,11180
-0.0836421842678887,0.080503551949806,0.0560885439301317,0,0,1,1,0,0,0,0,0,0,0,0,0,1,1,0,"D",2727,11181
-0.138251742337576,0.130410847071596,0.906276780531338,0,0,1,1,0,0,0,0,0,0,0,0,0,1,1,0,"D",2960,11182
-0.139526161241593,0.141237311884833,0.753537872162472,0,0,1,1,0,0,0,0,0,0,0,0,0,1,1,0,"D",3738,11183
-0.0881310915634489,0.0863685792730484,0.128388680742519,0,0,1,1,0,0,0,0,0,0,0,0,0,1,1,0,"D",1567,11184
-0.097403715263814,0.0730524736495674,0.868316000869942,0,0,1,1,0,0,0,0,0,0,0,0,0,1,1,0,"D",1930,11185
-0.0838342470407089,0.0867303915409702,0.413568196622074,0,0,1,1,0,0,0,0,0,0,0,0,0,1,1,0,"D",3714,11186
-0.0675221494444019,0.0622539370367511,0.717165108356621,0,0,1,1,0,0,0,0,0,0,0,0,0,1,1,0,"D",435,11187
-0.13277501145295,0.106992838390677,0.911570092325147,0,0,1,1,0,0,0,0,0,0,0,0,0,1,1,0,"D",1461,11188
-0.10147930505143,0.0667692131291667,0.911605809349299,0,0,1,1,0,0,0,0,0,0,0,0,0,1,1,0,"D",2661,11189
-0.122381011482872,0.107796571078856,0.844825342789925,0,0,1,1,0,0,0,0,0,0,0,0,0,1,1,0,"D",1967,11190
-0.107647100309993,0.0978793785036912,0.785331189606772,0,0,1,1,0,0,0,0,0,0,0,0,0,1,1,0,"D",2087,11191
-0.103410106250414,0.0746147978789377,0.705940189811236,0,0,1,1,0,0,0,0,0,0,0,0,0,1,1,0,"D",2137,11192
-0.071243966751454,0.0821766975415185,0.63007742833145,0,0,1,1,0,0,0,0,0,0,0,0,0,1,1,0,"D",2578,11193
-0.108064318416725,0.0875307073211402,1.05348646408031,0,0,1,1,0,0,0,0,0,0,0,0,0,1,1,0,"D",899,11194
-0.127271749073775,0.103264996372678,0.404412376245833,0,0,1,1,0,0,0,0,0,0,0,0,0,1,1,0,"D",3030,11195
-0.142081377168285,0.134972845915592,0.603191556262364,0,0,1,1,0,0,0,0,0,0,0,0,0,1,1,0,"D",2602,11196
-0.0625122290716078,0.0663145931510151,0.615545782450529,0,0,1,1,0,0,0,0,0,0,0,0,0,1,1,0,"D",394,11197
-0.111910071387032,0.110565201817618,0.695853013666721,0,0,1,1,0,0,0,0,0,0,0,0,0,1,1,0,"D",3326,11198
-0.114800122386151,0.0737544709772607,1.32692846160527,0,0,1,1,0,0,0,0,0,0,0,0,0,1,1,0,"D",2240,11199
-0.207145887252123,0.0610966057809672,0.418896213528464,1,0,1,1,0,0,0,0,0,0,0,0,0,1,0,0,"C",491,11200
-0.304421635679918,0.00217797411868934,1.65266216852341,1,0,1,1,0,0,0,0,0,0,0,0,0,1,0,0,"C",3721,11201
-0.119435196964467,0.0322755761737369,0.38227965267182,1,0,1,1,0,0,0,0,0,0,0,0,0,1,0,0,"C",3402,11202
-0.199368389633321,-0.0518886772231315,2.33962609281329,1,0,1,1,0,0,0,0,0,0,0,0,0,1,0,0,"C",368,11203
-0.185582164387823,0.0248028420371724,0.345697799651075,1,0,1,1,0,0,0,0,0,0,0,0,0,1,0,0,"C",1484,11204
-0.202184387000578,0.0475345027860731,1.05814944403326,1,0,1,1,0,0,0,0,0,0,0,0,0,1,0,0,"C",2487,11205
-0.157010909607622,-0.0585538049827907,2.21713270168387,1,0,1,1,0,0,0,0,0,0,0,0,0,1,0,0,"C",1608,11206
-0.231960601354859,-0.0142073335127242,1.35742812260126,1,0,1,1,0,0,0,0,0,0,0,0,0,1,0,0,"C",1462,11207
-0.160461889693334,0.0142321519790705,0.157138601014409,1,0,1,1,0,0,0,0,0,0,0,0,0,1,0,0,"C",3495,11208
-0.151570242553371,0.100428730677864,-0.474068620347023,1,0,1,1,0,0,0,0,0,0,0,0,0,1,0,0,"C",3583,11209
-0.225051388089564,0.0434248097834181,1.10236596790787,1,0,1,1,0,0,0,0,0,0,0,0,0,1,0,0,"C",1747,11210
-0.360034608805653,0.000245445043373371,1.30243697733093,1,0,1,1,0,0,0,0,0,0,0,0,0,1,0,0,"C",344,11211
-0.272710743686158,0.0183099850922751,1.32002596002143,1,0,1,1,0,0,0,0,0,0,0,0,0,1,0,0,"C",3343,11212
-0.136965891713055,-0.0537138608997637,2.2996027068981,1,0,1,1,0,0,0,0,0,0,0,0,0,1,0,0,"C",2191,11213
-0.173832059388737,0.112986419272747,0.0124779928135397,1,0,1,1,0,0,0,0,0,0,0,0,0,1,0,0,"C",2986,11214
-0.200120823390633,0.038463797616814,1.5645690709694,1,0,1,1,0,0,0,0,0,0,0,0,0,1,0,0,"C",3527,11215
-0.212552417950169,-0.0604328109947142,2.09238181131359,1,0,1,1,0,0,0,0,0,0,0,0,0,1,0,0,"C",3748,11216
-0.189783212544856,-0.0382129813348683,2.0749156591383,1,0,1,1,0,0,0,0,0,0,0,0,0,1,0,0,"C",930,11217
-0.118118540984448,-0.0925552020899299,2.34008708878551,1,0,1,1,0,0,0,0,0,0,0,0,0,1,0,0,"C",1560,11218
-0.249522910024451,-0.0179936378443569,1.37783003340915,1,0,1,1,0,0,0,0,0,0,0,0,0,1,0,0,"C",1549,11219
-0.242432126658539,0.0800574972025025,-0.881829882282803,1,0,1,1,0,0,0,0,0,0,0,0,0,1,0,0,"C",3423,11220
-0.179203603569159,0.0452523180411539,0.183842570230969,1,0,1,1,0,0,0,0,0,0,0,0,0,1,0,0,"C",3464,11221
-0.236317026771699,-0.0409636368681786,1.97114112038454,1,0,1,1,0,0,0,0,0,0,0,0,0,1,0,0,"C",1646,11222
-0.11624435711348,0.00335884845460949,1.1918717587825,1,0,1,1,0,0,0,0,0,0,0,0,0,1,0,0,"C",2823,11223
-0.196562175164244,-0.00552782810129464,1.50629404393094,1,0,1,1,0,0,0,0,0,0,0,0,0,1,0,0,"C",2022,11224
-0.174164541917043,0.16164735087754,-1.91536903962764,1,0,1,1,0,0,0,0,0,0,0,0,0,1,0,0,"C",1255,11225
-0.204756501046157,0.0413762973419851,0.0274183005809292,1,0,1,1,0,0,0,0,0,0,0,0,0,1,0,0,"C",1691,11226
-0.224716769005768,0.04592977186691,0.430490707708188,1,0,1,1,0,0,0,0,0,0,0,0,0,1,0,0,"C",3414,11227
-0.353810277308641,0.149782482008887,-0.213533873280193,1,0,1,1,0,0,0,0,0,0,0,0,0,1,0,0,"C",1362,11228
-0.136177090504132,0.0607114028330301,-0.440813549615665,1,0,1,1,0,0,0,0,0,0,0,0,0,1,0,0,"C",2845,11229
-0.258708878128224,0.0670652994412874,0.0801430738142531,1,0,1,1,0,0,0,0,0,0,0,0,0,1,0,0,"C",2333,11230
-0.151925785979365,0.16092754329272,-1.00230925070804,1,0,1,1,0,0,0,0,0,0,0,0,0,1,0,0,"C",2005,11231
-0.241574737937051,0.0499741775154232,-0.228462051429829,1,0,1,1,0,0,0,0,0,0,0,0,0,1,0,0,"C",2937,11232
-0.130711908835433,-0.101076219238287,2.68637409012319,1,0,1,1,0,0,0,0,0,0,0,0,0,1,0,0,"C",1628,11233
-0.199722973946477,-0.0260892311500685,1.88075168888672,1,0,1,1,0,0,0,0,0,0,0,0,0,1,0,0,"C",3122,11234
-0.206168129821261,0.225717342819508,-1.67353239917017,1,0,1,1,0,0,0,0,0,0,0,0,0,1,0,0,"C",666,11235
-0.1681892727266,-0.0226309516356166,1.43287681451607,1,0,1,1,0,0,0,0,0,0,0,0,0,1,0,0,"C",1125,11236
-0.0905350901119217,0.0505607742410764,0.134173241245657,1,0,1,1,0,0,0,0,0,0,0,0,0,1,0,0,"C",33,11237
-0.229915293101649,0.0836963495861477,-0.0503491147224873,1,0,1,1,0,0,0,0,0,0,0,0,0,1,0,0,"C",1671,11238
-0.0766221335844262,0.0063704812280591,0.851532386689215,1,0,1,1,0,0,0,0,0,0,0,0,0,1,0,0,"C",2714,11239
-0.254681319371927,-0.0236022654538616,1.79281745021539,1,0,1,1,0,0,0,0,0,0,0,0,0,1,0,0,"C",946,11240
-0.190367885282757,-0.0383053713489864,1.76811300231433,1,0,1,1,0,0,0,0,0,0,0,0,0,1,0,0,"C",2718,11241
-0.282738105568046,0.0231442870691015,2.10009811955007,1,0,1,1,0,0,0,0,0,0,0,0,0,1,0,0,"C",2372,11242
-0.267059710800815,0.0239133531174025,1.16734393269476,1,0,1,1,0,0,0,0,0,0,0,0,0,1,0,0,"C",1117,11243
-0.312794859206482,0.134057761416085,-0.299652410332207,1,0,1,1,0,0,0,0,0,0,0,0,0,1,0,0,"C",3186,11244
-0.0922631461354304,0.0349445875418789,-1.01108934759058,1,0,1,1,0,0,0,0,0,0,0,0,0,1,0,0,"C",2648,11245
-0.283058269186734,0.0572744238725645,0.821509312626021,1,0,1,1,0,0,0,0,0,0,0,0,0,1,0,0,"C",3379,11246
-0.142230112573458,-0.0370146921283776,1.96116084077548,1,0,1,1,0,0,0,0,0,0,0,0,0,1,0,0,"C",2742,11247
-0.177972403173575,0.0308837104149952,0.430974149319991,1,0,1,1,0,0,0,0,0,0,0,0,0,1,0,0,"C",2336,11248
-0.189332591676987,0.0870142420303435,-0.426804536516699,1,0,1,1,0,0,0,0,0,0,0,0,0,1,0,0,"C",267,11249
-0.245188170773117,-0.00225819553196074,1.18416073693229,1,0,1,1,0,0,0,0,0,0,0,0,0,1,0,0,"C",1359,11250
-0.257450944494874,0.0271195534749794,1.28441592412779,1,0,1,1,0,0,0,0,0,0,0,0,0,1,0,0,"C",1441,11251
-0.111452108446514,0.0581873274708413,-0.805763337639577,1,0,1,1,0,0,0,0,0,0,0,0,0,1,0,0,"C",1962,11252
-0.162833857904373,0.00510917559582287,1.00498499106718,1,0,1,1,0,0,0,0,0,0,0,0,0,1,0,0,"C",3717,11253
-0.191767682765759,0.0887090642954964,-0.287119095110418,1,0,1,1,0,0,0,0,0,0,0,0,0,1,0,0,"C",347,11254
-0.289743841620968,-0.049340846222344,1.99562364122446,1,0,1,1,0,0,0,0,0,0,0,0,0,1,0,0,"C",2090,11255
-0.0666766516040423,0.0691239602641896,0.553133680126274,1,0,1,1,0,0,0,0,0,0,0,0,0,1,0,0,"C",3406,11256
-0.163591267244233,0.00509981433444908,1.13996217064449,1,0,1,1,0,0,0,0,0,0,0,0,0,1,0,0,"C",2061,11257
-0.210204502137486,0.142217752697439,-0.991544808180565,1,0,1,1,0,0,0,0,0,0,0,0,0,1,0,0,"C",3699,11258
-0.112923545247712,-0.0133172673022684,1.51379071756808,1,0,1,1,0,0,0,0,0,0,0,0,0,1,0,0,"C",1385,11259
-0.129319851622765,-0.0348450042687944,1.96946578012046,1,0,1,1,0,0,0,0,0,0,0,0,0,1,0,0,"C",729,11260
-0.114673839690981,0.0440691216142553,0.348215963134108,1,0,1,1,0,0,0,0,0,0,0,0,0,1,0,0,"C",712,11261
-0.253538061374012,0.01366547972794,1.54495691085448,1,0,1,1,0,0,0,0,0,0,0,0,0,1,0,0,"C",656,11262
-0.133558668255092,0.0220850895650511,0.930690268423011,1,0,1,1,0,0,0,0,0,0,0,0,0,1,0,0,"C",1397,11263
-0.277766662498129,0.0160852059762015,0.466614988999803,1,0,1,1,0,0,0,0,0,0,0,0,0,1,0,0,"C",2074,11264
-0.213671212440014,0.0370044184951052,0.770938852704624,1,0,1,1,0,0,0,0,0,0,0,0,0,1,0,0,"C",857,11265
-0.242803838865536,-0.070120716918972,2.25634176119468,1,0,1,1,0,0,0,0,0,0,0,0,0,1,0,0,"C",2257,11266
-0.109775966224217,0.0698007160150522,-0.444974175240156,1,0,1,1,0,0,0,0,0,0,0,0,0,1,0,0,"C",1072,11267
-0.269676913933671,-0.00303786230617567,1.32456823429044,1,0,1,1,0,0,0,0,0,0,0,0,0,1,0,0,"C",1687,11268
-0.20825953275387,0.00792177235649859,0.889679446227732,1,0,1,1,0,0,0,0,0,0,0,0,0,1,0,0,"C",2575,11269
-0.275553317468962,-0.014437522072529,1.67206331618402,1,0,1,1,0,0,0,0,0,0,0,0,0,1,0,0,"C",3006,11270
-0.222058083662098,0.037702162149444,0.400303772741241,1,0,1,1,0,0,0,0,0,0,0,0,0,1,0,0,"C",3732,11271
-0.214965686661091,0.0225867755706314,0.698383369265407,1,0,1,1,0,0,0,0,0,0,0,0,0,1,0,0,"C",482,11272
-0.182522376111528,-0.104503957613321,2.40986882951189,1,0,1,1,0,0,0,0,0,0,0,0,0,1,0,0,"C",1341,11273
-0.23527140203662,-0.00566811277978455,1.64460501334223,1,0,1,1,0,0,0,0,0,0,0,0,0,1,0,0,"C",3204,11274
-0.149951414702758,0.00134023074329666,0.832334102420275,1,0,1,1,0,0,0,0,0,0,0,0,0,1,0,0,"C",1763,11275
-0.10290354773914,-0.0263308647297897,1.58756698965915,1,0,1,1,0,0,0,0,0,0,0,0,0,1,0,0,"C",2318,11276
-0.118916269806281,0.127955119378618,-0.782942962172364,1,0,1,1,0,0,0,0,0,0,0,0,0,1,0,0,"C",1059,11277
-0.187718749651514,0.0672362258706177,-0.862059359669278,1,0,1,1,0,0,0,0,0,0,0,0,0,1,0,0,"C",1290,11278
-0.207105888214012,-0.0163626962645796,1.75251790979448,1,0,1,1,0,0,0,0,0,0,0,0,0,1,0,0,"C",3146,11279
-0.227978314749327,0.0301148268231783,0.501924897184394,1,0,1,1,0,0,0,0,0,0,0,0,0,1,0,0,"C",1594,11280
-0.229517778043692,0.0352025617338086,0.943260594791201,1,0,1,1,0,0,0,0,0,0,0,0,0,1,0,0,"C",2727,11281
-0.115899166400855,0.0527605340619476,-0.584958605089529,1,0,1,1,0,0,0,0,0,0,0,0,0,1,0,0,"C",2960,11282
-0.164384919522495,-0.0371092522633082,1.51624386728372,1,0,1,1,0,0,0,0,0,0,0,0,0,1,0,0,"C",3738,11283
-0.159751694306591,0.0411687027876809,0.249234577453737,1,0,1,1,0,0,0,0,0,0,0,0,0,1,0,0,"C",1567,11284
-0.147752539935864,-0.0473037989912414,2.44541568886043,1,0,1,1,0,0,0,0,0,0,0,0,0,1,0,0,"C",1930,11285
-0.230668991388798,0.0022011895975243,1.3704168518304,1,0,1,1,0,0,0,0,0,0,0,0,0,1,0,0,"C",3714,11286
-0.196135207352261,-0.101912969255737,2.55253864188976,1,0,1,1,0,0,0,0,0,0,0,0,0,1,0,0,"C",435,11287
-0.104716857286726,0.021974579941059,0.723587374707458,1,0,1,1,0,0,0,0,0,0,0,0,0,1,0,0,"C",1461,11288
-0.13248736136741,0.0619097700663075,0.161613377676355,1,0,1,1,0,0,0,0,0,0,0,0,0,1,0,0,"C",2661,11289
-0.192974352812126,0.0409554310253093,0.0871488748303662,1,0,1,1,0,0,0,0,0,0,0,0,0,1,0,0,"C",1967,11290
-0.255704474729111,0.0123838985399691,0.867646440920695,1,0,1,1,0,0,0,0,0,0,0,0,0,1,0,0,"C",2087,11291
-0.214255656050237,-0.0152704293844586,1.5304800445496,1,0,1,1,0,0,0,0,0,0,0,0,0,1,0,0,"C",2137,11292
-0.205757802624228,0.0362638449471345,0.220252106028587,1,0,1,1,0,0,0,0,0,0,0,0,0,1,0,0,"C",2578,11293
-0.214096339752696,0.0136932843147662,1.23407581127257,1,0,1,1,0,0,0,0,0,0,0,0,0,1,0,0,"C",899,11294
-0.251705458857217,0.0155487697551532,1.16270045349945,1,0,1,1,0,0,0,0,0,0,0,0,0,1,0,0,"C",3030,11295
-0.176684591919164,0.0958092945188971,-0.430435207741063,1,0,1,1,0,0,0,0,0,0,0,0,0,1,0,0,"C",2602,11296
-0.0979549234405448,0.000275911457069226,1.49751055698811,1,0,1,1,0,0,0,0,0,0,0,0,0,1,0,0,"C",394,11297
-0.140426929131814,0.136468081592533,-1.23277218093249,1,0,1,1,0,0,0,0,0,0,0,0,0,1,0,0,"C",3326,11298
-0.258592569151041,0.0729988576615646,0.322057203782428,1,0,1,1,0,0,0,0,0,0,0,0,0,1,0,0,"C",2240,11299
-0.207311711382387,0.0906518975325761,-0.360162522390826,1,0,1,1,0,0,0,0,0,0,0,0,0,1,0,0,"D",491,11300
-0.150961404140092,0.105525345839638,-0.130436388333828,1,0,1,1,0,0,0,0,0,0,0,0,0,1,0,0,"D",3721,11301
-0.295480766028464,0.180297221138814,0.590099879173062,1,0,1,1,0,0,0,0,0,0,0,0,0,1,0,0,"D",3402,11302
-0.151944473856392,0.120211362916837,0.34004512736239,1,0,1,1,0,0,0,0,0,0,0,0,0,1,0,0,"D",368,11303
-0.191044502314722,0.142525031001359,0.784859552823872,1,0,1,1,0,0,0,0,0,0,0,0,0,1,0,0,"D",1484,11304
-0.165282908254273,0.207198767840537,1.99048644322216,1,0,1,1,0,0,0,0,0,0,0,0,0,1,0,0,"D",2487,11305
-0.219174656593904,0.191756251427476,2.0142949692682,1,0,1,1,0,0,0,0,0,0,0,0,0,1,0,0,"D",1608,11306
-0.297545523649228,0.188760042009271,0.0409985817975188,1,0,1,1,0,0,0,0,0,0,0,0,0,1,0,0,"D",1462,11307
-0.246239245686376,0.234129915542563,0.456257424722297,1,0,1,1,0,0,0,0,0,0,0,0,0,1,0,0,"D",3495,11308
-0.10177847659188,0.071910818161287,1.10308426979373,1,0,1,1,0,0,0,0,0,0,0,0,0,1,0,0,"D",3583,11309
0.0596869254318228,0.0626956895909972,-0.617856229336381,1,0,1,1,0,0,0,0,0,0,0,0,0,1,0,0,"D",1747,11310
-0.244371138081647,0.233673411921325,-1.52330552901573,1,0,1,1,0,0,0,0,0,0,0,0,0,1,0,0,"D",344,11311
-0.237801734628288,0.149336421150881,1.55245931165799,1,0,1,1,0,0,0,0,0,0,0,0,0,1,0,0,"D",3343,11312
-0.162609654215482,0.0832750044381457,-1.8774512748619,1,0,1,1,0,0,0,0,0,0,0,0,0,1,0,0,"D",2191,11313
-0.183974872353591,0.0613108750846657,1.15742705675657,1,0,1,1,0,0,0,0,0,0,0,0,0,1,0,0,"D",2986,11314
-0.11567859957732,0.0536186088742131,-0.506350383891505,1,0,1,1,0,0,0,0,0,0,0,0,0,1,0,0,"D",3527,11315
-0.185717571070491,0.156232570392217,-0.517614751618747,1,0,1,1,0,0,0,0,0,0,0,0,0,1,0,0,"D",3748,11316
-0.165220660978084,0.141004730153588,-0.179957181320806,1,0,1,1,0,0,0,0,0,0,0,0,0,1,0,0,"D",930,11317
-0.338847953657055,0.247238243089755,-0.320960737583804,1,0,1,1,0,0,0,0,0,0,0,0,0,1,0,0,"D",1560,11318
-0.146657732541735,0.0685911488857397,-0.895047657326432,1,0,1,1,0,0,0,0,0,0,0,0,0,1,0,0,"D",1549,11319
-0.133191195602208,0.0513334467700773,-1.1590827420272,1,0,1,1,0,0,0,0,0,0,0,0,0,1,0,0,"D",3423,11320
-0.132045617377165,0.0620239132503779,-0.786931324933387,1,0,1,1,0,0,0,0,0,0,0,0,0,1,0,0,"D",3464,11321
-0.156114555218256,0.155849175599799,2.1449300278844,1,0,1,1,0,0,0,0,0,0,0,0,0,1,0,0,"D",1646,11322
-0.224987830027028,0.101773705809169,-1.0617990918156,1,0,1,1,0,0,0,0,0,0,0,0,0,1,0,0,"D",2823,11323
-0.291788555992124,0.201654811350648,0.118605789737162,1,0,1,1,0,0,0,0,0,0,0,0,0,1,0,0,"D",2022,11324
-0.255692870032005,0.148101459581522,-0.65795352884969,1,0,1,1,0,0,0,0,0,0,0,0,0,1,0,0,"D",1255,11325
-0.0204483142735653,0.0528587692552356,0.473678368602298,1,0,1,1,0,0,0,0,0,0,0,0,0,1,0,0,"D",1691,11326
-0.105405853910751,0.155392500465374,-2.12249047871425,1,0,1,1,0,0,0,0,0,0,0,0,0,1,0,0,"D",3414,11327
-0.283205787779535,0.231513155587856,2.3985713103879,1,0,1,1,0,0,0,0,0,0,0,0,0,1,0,0,"D",1362,11328
-0.126807526081889,0.0775256530132449,2.0468688104199,1,0,1,1,0,0,0,0,0,0,0,0,0,1,0,0,"D",2845,11329
-0.185522143121319,0.101207230082976,-1.44360196070413,1,0,1,1,0,0,0,0,0,0,0,0,0,1,0,0,"D",2333,11330
-0.204792510532603,0.0574371028686142,-0.363216433895137,1,0,1,1,0,0,0,0,0,0,0,0,0,1,0,0,"D",2005,11331
-0.358781842226753,0.260490832550751,1.70684657703751,1,0,1,1,0,0,0,0,0,0,0,0,0,1,0,0,"D",2937,11332
-0.215461839821684,0.197588532145353,-0.0731106241964303,1,0,1,1,0,0,0,0,0,0,0,0,0,1,0,0,"D",1628,11333
-0.2485639400818,0.166258089329675,1.51877277201702,1,0,1,1,0,0,0,0,0,0,0,0,0,1,0,0,"D",3122,11334
-0.125710561717157,0.0524553229246757,-0.406755956454927,1,0,1,1,0,0,0,0,0,0,0,0,0,1,0,0,"D",666,11335
-0.0947039915215275,0.0624367113035874,0.245265548382128,1,0,1,1,0,0,0,0,0,0,0,0,0,1,0,0,"D",1125,11336
-0.164221168121277,0.230806441792658,0.98490058556996,1,0,1,1,0,0,0,0,0,0,0,0,0,1,0,0,"D",33,11337
-0.275202455915155,0.252035096058004,2.48436176132969,1,0,1,1,0,0,0,0,0,0,0,0,0,1,0,0,"D",1671,11338
-0.0886407145715965,0.190163316370211,1.23103423723897,1,0,1,1,0,0,0,0,0,0,0,0,0,1,0,0,"D",2714,11339
-0.24828693300553,0.222009369613132,1.67612322162832,1,0,1,1,0,0,0,0,0,0,0,0,0,1,0,0,"D",946,11340
-0.164863035002575,0.100554250413119,0.611902587407346,1,0,1,1,0,0,0,0,0,0,0,0,0,1,0,0,"D",2718,11341
-0.201868370533446,0.0942535282958912,1.07361422470776,1,0,1,1,0,0,0,0,0,0,0,0,0,1,0,0,"D",2372,11342
-0.0898405186587425,0.0542803340038965,0.350499370449043,1,0,1,1,0,0,0,0,0,0,0,0,0,1,0,0,"D",1117,11343
-0.224189328817946,0.171024075884766,1.54004294399764,1,0,1,1,0,0,0,0,0,0,0,0,0,1,0,0,"D",3186,11344
-0.330980001757035,0.212343662202608,-1.29156977071992,1,0,1,1,0,0,0,0,0,0,0,0,0,1,0,0,"D",2648,11345
-0.254135101472595,0.23272567518931,0.362992176931994,1,0,1,1,0,0,0,0,0,0,0,0,0,1,0,0,"D",3379,11346
-0.136336600305405,0.116221713066847,0.127373437962517,1,0,1,1,0,0,0,0,0,0,0,0,0,1,0,0,"D",2742,11347
-0.284705567461026,0.165465175420879,-0.333813176293483,1,0,1,1,0,0,0,0,0,0,0,0,0,1,0,0,"D",2336,11348
-0.156006034828735,0.128877567675869,-0.566422264387233,1,0,1,1,0,0,0,0,0,0,0,0,0,1,0,0,"D",267,11349
-0.197040112077799,0.145246852037932,1.57740949727158,1,0,1,1,0,0,0,0,0,0,0,0,0,1,0,0,"D",1359,11350
-0.167343837754171,0.116856211155577,-1.80797034957447,1,0,1,1,0,0,0,0,0,0,0,0,0,1,0,0,"D",1441,11351
-0.0380964637235079,0.0294609890728888,0.362354729283195,1,0,1,1,0,0,0,0,0,0,0,0,0,1,0,0,"D",1962,11352
-0.176011200316795,0.186240348269037,2.49217687730625,1,0,1,1,0,0,0,0,0,0,0,0,0,1,0,0,"D",3717,11353
-0.145133562350792,0.163391616827772,0.490159369616939,1,0,1,1,0,0,0,0,0,0,0,0,0,1,0,0,"D",347,11354
-0.303669038044401,0.214813327298356,1.67557792163515,1,0,1,1,0,0,0,0,0,0,0,0,0,1,0,0,"D",2090,11355
-0.353398397262536,0.2638900308387,-1.09959216315164,1,0,1,1,0,0,0,0,0,0,0,0,0,1,0,0,"D",3406,11356
-0.097013609696541,0.082267282304093,-1.33263191377018,1,0,1,1,0,0,0,0,0,0,0,0,0,1,0,0,"D",2061,11357
-0.073864814024987,0.0785829131101766,1.05246974176074,1,0,1,1,0,0,0,0,0,0,0,0,0,1,0,0,"D",3699,11358
-0.295186960636515,0.247367766228667,-0.682159657737787,1,0,1,1,0,0,0,0,0,0,0,0,0,1,0,0,"D",1385,11359
-0.257959121987535,0.192291086115786,1.16289605683065,1,0,1,1,0,0,0,0,0,0,0,0,0,1,0,0,"D",729,11360
-0.21113111540083,0.267314768156342,1.90667599696742,1,0,1,1,0,0,0,0,0,0,0,0,0,1,0,0,"D",712,11361
-0.292495987303771,0.260571308044818,1.56646757468047,1,0,1,1,0,0,0,0,0,0,0,0,0,1,0,0,"D",656,11362
-0.173795265214908,0.105044154892715,-0.703362372109811,1,0,1,1,0,0,0,0,0,0,0,0,0,1,0,0,"D",1397,11363
-0.0766516054512017,0.144678046148572,0.0074010685286353,1,0,1,1,0,0,0,0,0,0,0,0,0,1,0,0,"D",2074,11364
-0.0971819948643174,0.119599098035049,1.91702498371826,1,0,1,1,0,0,0,0,0,0,0,0,0,1,0,0,"D",857,11365
-0.241375638248014,0.13289155443689,-1.20229923249177,1,0,1,1,0,0,0,0,0,0,0,0,0,1,0,0,"D",2257,11366
-0.178268375789806,0.148069091004448,0.421192787258466,1,0,1,1,0,0,0,0,0,0,0,0,0,1,0,0,"D",1072,11367
-0.270599298283965,0.143719740491056,-1.33448915893048,1,0,1,1,0,0,0,0,0,0,0,0,0,1,0,0,"D",1687,11368
-0.146166790360086,0.089577365705615,1.1269113549339,1,0,1,1,0,0,0,0,0,0,0,0,0,1,0,0,"D",2575,11369
-0.168554015458676,0.148683635932791,2.35562709879758,1,0,1,1,0,0,0,0,0,0,0,0,0,1,0,0,"D",3006,11370
-0.25604767440543,0.157231614831486,1.75667388066092,1,0,1,1,0,0,0,0,0,0,0,0,0,1,0,0,"D",3732,11371
-0.247843529694832,0.128899067649135,1.64178143134816,1,0,1,1,0,0,0,0,0,0,0,0,0,1,0,0,"D",482,11372
-0.235875874639542,0.137081330501175,0.479332764100355,1,0,1,1,0,0,0,0,0,0,0,0,0,1,0,0,"D",1341,11373
-0.139149510494515,0.142422875226021,1.86694423921235,1,0,1,1,0,0,0,0,0,0,0,0,0,1,0,0,"D",3204,11374
-0.226244459775476,0.193856279439726,2.28172947652183,1,0,1,1,0,0,0,0,0,0,0,0,0,1,0,0,"D",1763,11375
-0.281078879402519,0.191721719185308,-0.424996463043195,1,0,1,1,0,0,0,0,0,0,0,0,0,1,0,0,"D",2318,11376
-0.239651789103574,0.103367776325525,0.224258355790671,1,0,1,1,0,0,0,0,0,0,0,0,0,1,0,0,"D",1059,11377
-0.170518659464487,0.174919208006762,0.419263157284804,1,0,1,1,0,0,0,0,0,0,0,0,0,1,0,0,"D",1290,11378
-0.271925609073907,0.183574240399947,1.14622606038006,1,0,1,1,0,0,0,0,0,0,0,0,0,1,0,0,"D",3146,11379
-0.0656931023189778,0.0362444398623214,-0.0490509012136841,1,0,1,1,0,0,0,0,0,0,0,0,0,1,0,0,"D",1594,11380
-0.204289812178752,0.176797392228497,-0.980868007818614,1,0,1,1,0,0,0,0,0,0,0,0,0,1,0,0,"D",2727,11381
-0.282503838905875,0.172675165863364,1.56740420031599,1,0,1,1,0,0,0,0,0,0,0,0,0,1,0,0,"D",2960,11382
-0.162310856728375,0.151974952603228,-1.01396800972448,1,0,1,1,0,0,0,0,0,0,0,0,0,1,0,0,"D",3738,11383
-0.1883205790995,0.0979245818770692,-0.758463223971346,1,0,1,1,0,0,0,0,0,0,0,0,0,1,0,0,"D",1567,11384
-0.125389477452489,0.107019920902967,-1.33469157738831,1,0,1,1,0,0,0,0,0,0,0,0,0,1,0,0,"D",1930,11385
-0.11270130421333,0.103053209333911,-0.992928671594775,1,0,1,1,0,0,0,0,0,0,0,0,0,1,0,0,"D",3714,11386
-0.179180098611242,0.126655279091115,-0.276031584109231,1,0,1,1,0,0,0,0,0,0,0,0,0,1,0,0,"D",435,11387
-0.226705973410151,0.213360553722567,1.92915224176786,1,0,1,1,0,0,0,0,0,0,0,0,0,1,0,0,"D",1461,11388
-0.0617840589743799,0.0584613201130523,-0.702841994633514,1,0,1,1,0,0,0,0,0,0,0,0,0,1,0,0,"D",2661,11389
-0.0688203297619433,0.0444257301106755,0.273272838125112,1,0,1,1,0,0,0,0,0,0,0,0,0,1,0,0,"D",1967,11390
-0.0889167570151088,0.153744279540681,0.879976553572621,1,0,1,1,0,0,0,0,0,0,0,0,0,1,0,0,"D",2087,11391
-0.116652708910697,0.0651900708041611,2.16458441690764,1,0,1,1,0,0,0,0,0,0,0,0,0,1,0,0,"D",2137,11392
-0.193503849346923,0.125392148817837,1.76443739001542,1,0,1,1,0,0,0,0,0,0,0,0,0,1,0,0,"D",2578,11393
-0.32734843078491,0.30181961713792,1.64722227029958,1,0,1,1,0,0,0,0,0,0,0,0,0,1,0,0,"D",899,11394
-0.266907300041341,0.169477528495168,0.662624813385411,1,0,1,1,0,0,0,0,0,0,0,0,0,1,0,0,"D",3030,11395
-0.16664894915768,0.0711903615278865,-0.547721110917657,1,0,1,1,0,0,0,0,0,0,0,0,0,1,0,0,"D",2602,11396
-0.220956088073797,0.156423400541848,-0.600417996143023,1,0,1,1,0,0,0,0,0,0,0,0,0,1,0,0,"D",394,11397
-0.257923527352249,0.172416095600499,0.532365857091366,1,0,1,1,0,0,0,0,0,0,0,0,0,1,0,0,"D",3326,11398
-0.220233295893259,0.137021623361576,-0.845200488539975,1,0,1,1,0,0,0,0,0,0,0,0,0,1,0,0,"D",2240,11399
-0.0792571686105135,0.170317896897066,-0.137337696523999,0,1,1,1,0,0,0,0,0,0,0,0,0,1,0,0,"C",491,11400
0.0060354238208727,0.0821969096983617,1.3312440939009,0,1,1,1,0,0,0,0,0,0,0,0,0,1,0,0,"C",3721,11401
-0.0268479749388049,0.121815124818058,0.940765929580284,0,1,1,1,0,0,0,0,0,0,0,0,0,1,0,0,"C",3402,11402
-0.0144617450122748,0.0737394072585431,0.855097785796255,0,1,1,1,0,0,0,0,0,0,0,0,0,1,0,0,"C",368,11403
-0.0250438246331952,0.151788371485168,0.150006835945731,0,1,1,1,0,0,0,0,0,0,0,0,0,1,0,0,"C",1484,11404
-0.0113301947382249,0.148312020613058,0.858947021782599,0,1,1,1,0,0,0,0,0,0,0,0,0,1,0,0,"C",2487,11405
-0.135304433838073,0.188755032371858,0.455775514165588,0,1,1,1,0,0,0,0,0,0,0,0,0,1,0,0,"C",1608,11406
-0.0422409749030458,0.117817499685577,0.585141934148374,0,1,1,1,0,0,0,0,0,0,0,0,0,1,0,0,"C",1462,11407
-0.0588790855026506,0.104662282801085,0.247394305701082,0,1,1,1,0,0,0,0,0,0,0,0,0,1,0,0,"C",3495,11408
-0.0940478560833402,0.183977605838283,1.93843730068218,0,1,1,1,0,0,0,0,0,0,0,0,0,1,0,0,"C",3583,11409
-0.124309715805283,0.191100256181562,0.0221719161390684,0,1,1,1,0,0,0,0,0,0,0,0,0,1,0,0,"C",1747,11410
0.0159242518172467,0.0762128025080631,1.0521915412489,0,1,1,1,0,0,0,0,0,0,0,0,0,1,0,0,"C",344,11411
-0.0914916259018359,0.140658283678651,0.684086226442183,0,1,1,1,0,0,0,0,0,0,0,0,0,1,0,0,"C",3343,11412
0.0127060903853847,0.0850446304163647,1.09627210201455,0,1,1,1,0,0,0,0,0,0,0,0,0,1,0,0,"C",2191,11413
-0.0986295702790054,0.152256585132301,-0.124647253204495,0,1,1,1,0,0,0,0,0,0,0,0,0,1,0,0,"C",2986,11414
-0.0810639769098131,0.187984142030566,0.255031187525722,0,1,1,1,0,0,0,0,0,0,0,0,0,1,0,0,"C",3527,11415
-0.0244977423302869,0.0826177243108987,0.440079005440773,0,1,1,1,0,0,0,0,0,0,0,0,0,1,0,0,"C",3748,11416
-0.0679812696276992,0.152186216837344,0.212297751489355,0,1,1,1,0,0,0,0,0,0,0,0,0,1,0,0,"C",930,11417
-0.0443559578656033,0.119611241462149,1.31827602137014,0,1,1,1,0,0,0,0,0,0,0,0,0,1,0,0,"C",1560,11418
-0.120639348767552,0.124215938281206,-0.0822810131723588,0,1,1,1,0,0,0,0,0,0,0,0,0,1,0,0,"C",1549,11419
0.00146488262860125,0.0892049364817234,-0.993177665645475,0,1,1,1,0,0,0,0,0,0,0,0,0,1,0,0,"C",3423,11420
-0.0131058915253733,0.144268351766163,1.3223446738383,0,1,1,1,0,0,0,0,0,0,0,0,0,1,0,0,"C",3464,11421
-0.0475042638197044,0.101856278834614,0.0972685561073727,0,1,1,1,0,0,0,0,0,0,0,0,0,1,0,0,"C",1646,11422
-0.00631888734855884,0.09132184778847,0.55151265276797,0,1,1,1,0,0,0,0,0,0,0,0,0,1,0,0,"C",2823,11423
-0.0551676253131325,0.160818752468747,0.0232413292581327,0,1,1,1,0,0,0,0,0,0,0,0,0,1,0,0,"C",2022,11424
-0.0410303083197446,0.132628396680054,0.573193684036668,0,1,1,1,0,0,0,0,0,0,0,0,0,1,0,0,"C",1255,11425
-0.0583320145076396,0.113225959685599,-0.330790857844395,0,1,1,1,0,0,0,0,0,0,0,0,0,1,0,0,"C",1691,11426
-0.0712073517253462,0.118472038022771,1.45315194914634,0,1,1,1,0,0,0,0,0,0,0,0,0,1,0,0,"C",3414,11427
-0.0699149268466557,0.10657095277413,0.25851320629319,0,1,1,1,0,0,0,0,0,0,0,0,0,1,0,0,"C",1362,11428
-0.0122478431618677,0.104985698249941,-1.0389609192661,0,1,1,1,0,0,0,0,0,0,0,0,0,1,0,0,"C",2845,11429
-0.0224304034703787,0.0729243714768033,0.142813541586419,0,1,1,1,0,0,0,0,0,0,0,0,0,1,0,0,"C",2333,11430
-0.0994686005110591,0.0932982796786521,0.530806628090272,0,1,1,1,0,0,0,0,0,0,0,0,0,1,0,0,"C",2005,11431
-0.0475720809619708,0.132860761780516,0.510813875875523,0,1,1,1,0,0,0,0,0,0,0,0,0,1,0,0,"C",2937,11432
-0.0793663224893736,0.135201092171546,0.751161342856609,0,1,1,1,0,0,0,0,0,0,0,0,0,1,0,0,"C",1628,11433
-0.0872769686096923,0.118883333022682,0.472238174505788,0,1,1,1,0,0,0,0,0,0,0,0,0,1,0,0,"C",3122,11434
-0.036609030025151,0.11708724278103,0.970642249910151,0,1,1,1,0,0,0,0,0,0,0,0,0,1,0,0,"C",666,11435
0.0292942203457836,0.0697750430900422,0.807341386911458,0,1,1,1,0,0,0,0,0,0,0,0,0,1,0,0,"C",1125,11436
-0.116645623280285,0.152054056309427,0.635522728670845,0,1,1,1,0,0,0,0,0,0,0,0,0,1,0,0,"C",33,11437
-0.0460710170913935,0.149160018524949,0.708477955920616,0,1,1,1,0,0,0,0,0,0,0,0,0,1,0,0,"C",1671,11438
-0.0475204082585324,0.163164743915159,0.980868657175487,0,1,1,1,0,0,0,0,0,0,0,0,0,1,0,0,"C",2714,11439
-0.129962388706972,0.15793934790892,0.43409621371682,0,1,1,1,0,0,0,0,0,0,0,0,0,1,0,0,"C",946,11440
-0.112529542677034,0.179156167220392,0.733744452372113,0,1,1,1,0,0,0,0,0,0,0,0,0,1,0,0,"C",2718,11441
-0.0555798948348306,0.108863447140061,0.108159046251171,0,1,1,1,0,0,0,0,0,0,0,0,0,1,0,0,"C",2372,11442
0.00624633528842783,0.0854138624251991,0.900771632964511,0,1,1,1,0,0,0,0,0,0,0,0,0,1,0,0,"C",1117,11443
-0.145391391573823,0.188523595919426,0.81329120600822,0,1,1,1,0,0,0,0,0,0,0,0,0,1,0,0,"C",3186,11444
-0.0069733183881206,0.0895315028755123,0.735160862615683,0,1,1,1,0,0,0,0,0,0,0,0,0,1,0,0,"C",2648,11445
-0.0356986641972494,0.125569511564977,0.623714463397803,0,1,1,1,0,0,0,0,0,0,0,0,0,1,0,0,"C",3379,11446
0.00225943156908693,0.113941847114569,0.977263286476289,0,1,1,1,0,0,0,0,0,0,0,0,0,1,0,0,"C",2742,11447
-0.0617728492734783,0.148447833753748,0.970165298342178,0,1,1,1,0,0,0,0,0,0,0,0,0,1,0,0,"C",2336,11448
-0.0779620231894137,0.13965864545862,0.658671780701514,0,1,1,1,0,0,0,0,0,0,0,0,0,1,0,0,"C",267,11449
-0.0469713024074056,0.129449653167809,1.03012556810704,0,1,1,1,0,0,0,0,0,0,0,0,0,1,0,0,"C",1359,11450
-0.0349089638501368,0.103932311798153,0.930462577137646,0,1,1,1,0,0,0,0,0,0,0,0,0,1,0,0,"C",1441,11451
-0.0501778846505883,0.129188060125284,1.24072743067418,0,1,1,1,0,0,0,0,0,0,0,0,0,1,0,0,"C",1962,11452
-0.0195836366247408,0.123362931766898,-1.77327336853666,0,1,1,1,0,0,0,0,0,0,0,0,0,1,0,0,"C",3717,11453
-0.129747127101997,0.187414123258555,1.59121473860268,0,1,1,1,0,0,0,0,0,0,0,0,0,1,0,0,"C",347,11454
-0.106116443469548,0.117754360575315,0.596447074429688,0,1,1,1,0,0,0,0,0,0,0,0,0,1,0,0,"C",2090,11455
-0.0447347006923267,0.137437837675784,0.306016035603712,0,1,1,1,0,0,0,0,0,0,0,0,0,1,0,0,"C",3406,11456
-0.0904461943323327,0.135616440539277,0.308670991310754,0,1,1,1,0,0,0,0,0,0,0,0,0,1,0,0,"C",2061,11457
-0.0679137201436473,0.170612219992911,0.550857323072937,0,1,1,1,0,0,0,0,0,0,0,0,0,1,0,0,"C",3699,11458
-0.0974729287816447,0.154048178745422,0.155200675706397,0,1,1,1,0,0,0,0,0,0,0,0,0,1,0,0,"C",1385,11459
-0.0554590416868964,0.109646156919406,0.848730578214645,0,1,1,1,0,0,0,0,0,0,0,0,0,1,0,0,"C",729,11460
-0.0232177345419113,0.119133504790918,0.878930929771232,0,1,1,1,0,0,0,0,0,0,0,0,0,1,0,0,"C",712,11461
-0.0862402291136629,0.169156932678196,2.07333136950665,0,1,1,1,0,0,0,0,0,0,0,0,0,1,0,0,"C",656,11462
-0.11081713974323,0.208897008148242,0.674614721282361,0,1,1,1,0,0,0,0,0,0,0,0,0,1,0,0,"C",1397,11463
-0.106735764244826,0.170562378267145,1.35333553708218,0,1,1,1,0,0,0,0,0,0,0,0,0,1,0,0,"C",2074,11464
-0.0332576873097854,0.118828277801616,0.328725162126659,0,1,1,1,0,0,0,0,0,0,0,0,0,1,0,0,"C",857,11465
-0.101946394716059,0.195520226364728,0.19447251678144,0,1,1,1,0,0,0,0,0,0,0,0,0,1,0,0,"C",2257,11466
-0.0623850416987905,0.124219296241985,0.856280325946234,0,1,1,1,0,0,0,0,0,0,0,0,0,1,0,0,"C",1072,11467
-0.0719963409756601,0.113459102902362,0.107835682425583,0,1,1,1,0,0,0,0,0,0,0,0,0,1,0,0,"C",1687,11468
-0.0951789512995971,0.172425513350591,0.484520481937031,0,1,1,1,0,0,0,0,0,0,0,0,0,1,0,0,"C",2575,11469
-0.10549585383384,0.155521624928335,1.14373024205705,0,1,1,1,0,0,0,0,0,0,0,0,0,1,0,0,"C",3006,11470
-0.064367602347356,0.130626572555468,0.431293786386145,0,1,1,1,0,0,0,0,0,0,0,0,0,1,0,0,"C",3732,11471
-0.128295766570804,0.16076869458667,-0.94632398649851,0,1,1,1,0,0,0,0,0,0,0,0,0,1,0,0,"C",482,11472
-0.0583977098526498,0.123725649277851,0.0540933610487694,0,1,1,1,0,0,0,0,0,0,0,0,0,1,0,0,"C",1341,11473
-0.116635598309154,0.200989733837939,1.66417809188927,0,1,1,1,0,0,0,0,0,0,0,0,0,1,0,0,"C",3204,11474
-0.0408338718103469,0.0642215759699911,-0.0874297219675176,0,1,1,1,0,0,0,0,0,0,0,0,0,1,0,0,"C",1763,11475
0.0417314849748839,0.0655768320394326,0.379698420751193,0,1,1,1,0,0,0,0,0,0,0,0,0,1,0,0,"C",2318,11476
-0.0415905950278455,0.148078320795137,1.76264667270681,0,1,1,1,0,0,0,0,0,0,0,0,0,1,0,0,"C",1059,11477
-0.0523489252161481,0.17354815836082,1.60223237138278,0,1,1,1,0,0,0,0,0,0,0,0,0,1,0,0,"C",1290,11478
-0.087917957199224,0.164485573696318,0.813807580274877,0,1,1,1,0,0,0,0,0,0,0,0,0,1,0,0,"C",3146,11479
-0.00383378172676144,0.0910076463790268,-0.124862804200408,0,1,1,1,0,0,0,0,0,0,0,0,0,1,0,0,"C",1594,11480
-0.0300636077054799,0.113590264082909,1.122297693358,0,1,1,1,0,0,0,0,0,0,0,0,0,1,0,0,"C",2727,11481
-0.0938105220592952,0.154632003683038,0.753819171074505,0,1,1,1,0,0,0,0,0,0,0,0,0,1,0,0,"C",2960,11482
-0.108370247194931,0.121724384264895,-0.605727344611309,0,1,1,1,0,0,0,0,0,0,0,0,0,1,0,0,"C",3738,11483
-0.123655384365515,0.154489862919125,1.55217621501877,0,1,1,1,0,0,0,0,0,0,0,0,0,1,0,0,"C",1567,11484
-0.0206958958491781,0.124444575292294,1.33807287356462,0,1,1,1,0,0,0,0,0,0,0,0,0,1,0,0,"C",1930,11485
-0.148670809211614,0.160509153116091,0.833188358852752,0,1,1,1,0,0,0,0,0,0,0,0,0,1,0,0,"C",3714,11486
-0.158411440065807,0.196529798962276,0.795477744201218,0,1,1,1,0,0,0,0,0,0,0,0,0,1,0,0,"C",435,11487
-0.112211985342566,0.141058846563695,1.77349248695247,0,1,1,1,0,0,0,0,0,0,0,0,0,1,0,0,"C",1461,11488
-0.0125582208112459,0.0788575643871552,1.17029253046375,0,1,1,1,0,0,0,0,0,0,0,0,0,1,0,0,"C",2661,11489
-0.0544774159668652,0.130671601350133,0.918340119286251,0,1,1,1,0,0,0,0,0,0,0,0,0,1,0,0,"C",1967,11490
-0.0796349790046817,0.122960942741785,1.07522588293176,0,1,1,1,0,0,0,0,0,0,0,0,0,1,0,0,"C",2087,11491
-0.0573525538480367,0.122076417383435,0.707134543722358,0,1,1,1,0,0,0,0,0,0,0,0,0,1,0,0,"C",2137,11492
-0.0822757479930286,0.131495917200299,0.787593629068442,0,1,1,1,0,0,0,0,0,0,0,0,0,1,0,0,"C",2578,11493
-0.0946467488533848,0.195308869318983,0.824935563963098,0,1,1,1,0,0,0,0,0,0,0,0,0,1,0,0,"C",899,11494
-0.147959169439168,0.184501332390216,1.12668925664744,0,1,1,1,0,0,0,0,0,0,0,0,0,1,0,0,"C",3030,11495
-0.0953071454028781,0.163334953663762,1.362197027447,0,1,1,1,0,0,0,0,0,0,0,0,0,1,0,0,"C",2602,11496
-0.0700860933005724,0.129436591805086,1.13693134819062,0,1,1,1,0,0,0,0,0,0,0,0,0,1,0,0,"C",394,11497
0.0125852108357634,0.107669757918815,0.565664828753077,0,1,1,1,0,0,0,0,0,0,0,0,0,1,0,0,"C",3326,11498
-0.0920195716507224,0.109779124398519,0.430410043591697,0,1,1,1,0,0,0,0,0,0,0,0,0,1,0,0,"C",2240,11499
-0.147652098697846,0.183941271900186,0.531757032674845,0,1,1,1,0,0,0,0,0,0,0,0,0,1,0,0,"D",491,11500
0.0406528291068091,0.0768294222864867,0.881592219397851,0,1,1,1,0,0,0,0,0,0,0,0,0,1,0,0,"D",3721,11501
0.0426946803715952,0.178846321873441,2.21575562740072,0,1,1,1,0,0,0,0,0,0,0,0,0,1,0,0,"D",3402,11502
-0.00850421190803705,0.119268514177005,-1.79868667143069,0,1,1,1,0,0,0,0,0,0,0,0,0,1,0,0,"D",368,11503
-0.0575597077520546,0.0954953196482719,-1.38419163800539,0,1,1,1,0,0,0,0,0,0,0,0,0,1,0,0,"D",1484,11504
-0.198390287595362,0.158136867031131,-1.35993480079191,0,1,1,1,0,0,0,0,0,0,0,0,0,1,0,0,"D",2487,11505
-0.201526617974917,0.156610921887844,-2.61174721296444,0,1,1,1,0,0,0,0,0,0,0,0,0,1,0,0,"D",1608,11506
-0.0959286544317149,0.154350237914492,-1.5090168370926,0,1,1,1,0,0,0,0,0,0,0,0,0,1,0,0,"D",1462,11507
-0.149371919453107,0.18084562986619,0.166172834629392,0,1,1,1,0,0,0,0,0,0,0,0,0,1,0,0,"D",3495,11508
-0.201925671521837,0.233752582925954,0.138317273424637,0,1,1,1,0,0,0,0,0,0,0,0,0,1,0,0,"D",3583,11509
-0.167466913867951,0.2020472534561,1.66386307396779,0,1,1,1,0,0,0,0,0,0,0,0,0,1,0,0,"D",1747,11510
-0.00811567918715568,0.095321271369705,-1.93919598036753,0,1,1,1,0,0,0,0,0,0,0,0,0,1,0,0,"D",344,11511
-0.161995336214389,0.114803617357201,-1.28455771209232,0,1,1,1,0,0,0,0,0,0,0,0,0,1,0,0,"D",3343,11512
0.0760128983366689,0.144979164309808,-0.114737216756691,0,1,1,1,0,0,0,0,0,0,0,0,0,1,0,0,"D",2191,11513
0.0362320002384644,0.0583438774790613,-1.32598380977454,0,1,1,1,0,0,0,0,0,0,0,0,0,1,0,0,"D",2986,11514
-0.0136646509465492,0.143237020309569,-0.46870857386429,0,1,1,1,0,0,0,0,0,0,0,0,0,1,0,0,"D",3527,11515
-0.194250282059769,0.184420550860594,0.510245604424019,0,1,1,1,0,0,0,0,0,0,0,0,0,1,0,0,"D",3748,11516
-0.0113394453889228,0.164173891635369,-0.857925595824158,0,1,1,1,0,0,0,0,0,0,0,0,0,1,0,0,"D",930,11517
-0.0481108601587214,0.165064337958207,-0.373856756000307,0,1,1,1,0,0,0,0,0,0,0,0,0,1,0,0,"D",1560,11518
-0.0220830399142889,0.119666227095637,-1.41067019230933,0,1,1,1,0,0,0,0,0,0,0,0,0,1,0,0,"D",1549,11519
-0.193790866955223,0.289993579698854,-1.31383577194314,0,1,1,1,0,0,0,0,0,0,0,0,0,1,0,0,"D",3423,11520
-0.135861867568872,0.0969713361977947,0.27557578346469,0,1,1,1,0,0,0,0,0,0,0,0,0,1,0,0,"D",3464,11521
-0.0275390868416432,0.0847082522852719,1.0707399888333,0,1,1,1,0,0,0,0,0,0,0,0,0,1,0,0,"D",1646,11522
0.098961397865915,0.0678250579733083,-1.25073827893023,0,1,1,1,0,0,0,0,0,0,0,0,0,1,0,0,"D",2823,11523
-0.103870642422735,0.168421641026717,-0.520900292378234,0,1,1,1,0,0,0,0,0,0,0,0,0,1,0,0,"D",2022,11524
-0.0265317141936728,0.0409012011996394,-0.641827561798658,0,1,1,1,0,0,0,0,0,0,0,0,0,1,0,0,"D",1255,11525
0.180800909015833,0.0287981731992049,0.515232131990921,0,1,1,1,0,0,0,0,0,0,0,0,0,1,0,0,"D",1691,11526
-0.137907927911148,0.138462659523512,-1.88716796221927,0,1,1,1,0,0,0,0,0,0,0,0,0,1,0,0,"D",3414,11527
-0.116890627857291,0.110767757683048,1.30735725423957,0,1,1,1,0,0,0,0,0,0,0,0,0,1,0,0,"D",1362,11528
0.0112392915872022,0.191422321339609,-1.82145915519155,0,1,1,1,0,0,0,0,0,0,0,0,0,1,0,0,"D",2845,11529
-0.129942800312345,0.215856226566226,1.30961812132155,0,1,1,1,0,0,0,0,0,0,0,0,0,1,0,0,"D",2333,11530
-0.0031142415922287,0.118511163991128,0.324851541764431,0,1,1,1,0,0,0,0,0,0,0,0,0,1,0,0,"D",2005,11531
-0.0901214712169526,0.13665424019582,-0.341935582962511,0,1,1,1,0,0,0,0,0,0,0,0,0,1,0,0,"D",2937,11532
-0.100615918039803,0.0867614599349547,0.822304840652713,0,1,1,1,0,0,0,0,0,0,0,0,0,1,0,0,"D",1628,11533
-0.110621539406442,0.243465456768789,-0.474951613462367,0,1,1,1,0,0,0,0,0,0,0,0,0,1,0,0,"D",3122,11534
0.00531161820450857,0.140666020179936,-1.58397004283586,0,1,1,1,0,0,0,0,0,0,0,0,0,1,0,0,"D",666,11535
-0.0788090553565908,0.111320347638138,0.775021065713075,0,1,1,1,0,0,0,0,0,0,0,0,0,1,0,0,"D",1125,11536
0.150461730150937,0.12916711413758,0.336912670699775,0,1,1,1,0,0,0,0,0,0,0,0,0,1,0,0,"D",33,11537
-0.110991470269415,0.158404343266003,-0.901163751285321,0,1,1,1,0,0,0,0,0,0,0,0,0,1,0,0,"D",1671,11538
-0.0805286037287842,0.174417773340746,-0.295296715791816,0,1,1,1,0,0,0,0,0,0,0,0,0,1,0,0,"D",2714,11539
-0.195814704992915,0.224440771756814,1.01142907864139,0,1,1,1,0,0,0,0,0,0,0,0,0,1,0,0,"D",946,11540
-0.117009584946642,0.0988271528618469,1.02485362329255,0,1,1,1,0,0,0,0,0,0,0,0,0,1,0,0,"D",2718,11541
-0.243625988984075,0.192713236321579,-1.59316042198952,0,1,1,1,0,0,0,0,0,0,0,0,0,1,0,0,"D",2372,11542
-0.0952375118274785,0.103720547188965,-1.32001546295857,0,1,1,1,0,0,0,0,0,0,0,0,0,1,0,0,"D",1117,11543
0.0568677022652025,0.00789017377413085,-0.815936316229884,0,1,1,1,0,0,0,0,0,0,0,0,0,1,0,0,"D",3186,11544
-0.0519976336051978,0.150195861388586,-0.0790877630777345,0,1,1,1,0,0,0,0,0,0,0,0,0,1,0,0,"D",2648,11545
-0.302407542935211,0.296828743028638,-0.647493292691288,0,1,1,1,0,0,0,0,0,0,0,0,0,1,0,0,"D",3379,11546
-0.101850813850117,0.143180123479727,-0.563142703832023,0,1,1,1,0,0,0,0,0,0,0,0,0,1,0,0,"D",2742,11547
0.201182800430699,0.0947049981371424,-1.3702537080214,0,1,1,1,0,0,0,0,0,0,0,0,0,1,0,0,"D",2336,11548
0.020546485636579,0.05483250849575,1.12685316344469,0,1,1,1,0,0,0,0,0,0,0,0,0,1,0,0,"D",267,11549
0.0353420973156755,0.085509919431737,0.81761275832064,0,1,1,1,0,0,0,0,0,0,0,0,0,1,0,0,"D",1359,11550
0.0222126423752558,0.0759608054176774,-2.7283879522789,0,1,1,1,0,0,0,0,0,0,0,0,0,1,0,0,"D",1441,11551
-0.103039497478035,0.100936167714767,-2.6246078967587,0,1,1,1,0,0,0,0,0,0,0,0,0,1,0,0,"D",1962,11552
-0.12235188511272,0.21399592235554,-0.189996073070605,0,1,1,1,0,0,0,0,0,0,0,0,0,1,0,0,"D",3717,11553
-0.162886063147554,0.221529496391087,0.0659019366919336,0,1,1,1,0,0,0,0,0,0,0,0,0,1,0,0,"D",347,11554
-0.13296649802135,0.147370178876773,-0.924274372727815,0,1,1,1,0,0,0,0,0,0,0,0,0,1,0,0,"D",2090,11555
0.00408355428900921,0.205379572067592,0.414568772067493,0,1,1,1,0,0,0,0,0,0,0,0,0,1,0,0,"D",3406,11556
-0.0264044066261577,0.177231379895431,0.379846506108822,0,1,1,1,0,0,0,0,0,0,0,0,0,1,0,0,"D",2061,11557
-0.107486865063553,0.150832400770111,1.02751450221112,0,1,1,1,0,0,0,0,0,0,0,0,0,1,0,0,"D",3699,11558
-0.0667608647547588,0.158945472850764,-0.883157032601691,0,1,1,1,0,0,0,0,0,0,0,0,0,1,0,0,"D",1385,11559
-0.0425947709662848,0.0470870522127768,-1.67936822771552,0,1,1,1,0,0,0,0,0,0,0,0,0,1,0,0,"D",729,11560
-0.0565056452795389,0.154338306434533,-0.152630838337905,0,1,1,1,0,0,0,0,0,0,0,0,0,1,0,0,"D",712,11561
-0.0296932398258664,0.107019975482256,-1.33896551589918,0,1,1,1,0,0,0,0,0,0,0,0,0,1,0,0,"D",656,11562
-0.0349536472342697,0.0777780919842653,0.882465122467725,0,1,1,1,0,0,0,0,0,0,0,0,0,1,0,0,"D",1397,11563
-0.0799815613763773,0.154544652991867,-1.73550988345369,0,1,1,1,0,0,0,0,0,0,0,0,0,1,0,0,"D",2074,11564
-0.178294577405547,0.212744740029261,0.487803381062023,0,1,1,1,0,0,0,0,0,0,0,0,0,1,0,0,"D",857,11565
-0.209022688531253,0.244570208136209,-0.0164654464781745,0,1,1,1,0,0,0,0,0,0,0,0,0,1,0,0,"D",2257,11566
-0.114336112918316,0.121225012827646,0.775578704098469,0,1,1,1,0,0,0,0,0,0,0,0,0,1,0,0,"D",1072,11567
-0.0387716214198752,0.173837005789982,0.43263910558521,0,1,1,1,0,0,0,0,0,0,0,0,0,1,0,0,"D",1687,11568
0.0728789864388555,0.0712692313201975,-2.31236064457053,0,1,1,1,0,0,0,0,0,0,0,0,0,1,0,0,"D",2575,11569
-0.192723410097591,0.156905893495307,2.27486603672952,0,1,1,1,0,0,0,0,0,0,0,0,0,1,0,0,"D",3006,11570
-0.0616952106169151,0.189094885380889,-0.261698407680685,0,1,1,1,0,0,0,0,0,0,0,0,0,1,0,0,"D",3732,11571
-0.109092955042815,0.143289948115251,-0.506230942939224,0,1,1,1,0,0,0,0,0,0,0,0,0,1,0,0,"D",482,11572
-0.020218428097237,0.149939721409214,-1.46716452795971,0,1,1,1,0,0,0,0,0,0,0,0,0,1,0,0,"D",1341,11573
-0.0285481062290428,0.076963123217228,-2.2313688469943,0,1,1,1,0,0,0,0,0,0,0,0,0,1,0,0,"D",3204,11574
-0.068216797779919,0.115108482268111,-2.39715597680385,0,1,1,1,0,0,0,0,0,0,0,0,0,1,0,0,"D",1763,11575
-0.125146694509774,0.0748080745368564,-0.691008200857861,0,1,1,1,0,0,0,0,0,0,0,0,0,1,0,0,"D",2318,11576
-0.136805252270311,0.251888686461017,1.86716782889938,0,1,1,1,0,0,0,0,0,0,0,0,0,1,0,0,"D",1059,11577
-0.19739066789692,0.202457656608792,-1.92392456734002,0,1,1,1,0,0,0,0,0,0,0,0,0,1,0,0,"D",1290,11578
0.00586201954885362,0.099863188698815,0.0424721904975951,0,1,1,1,0,0,0,0,0,0,0,0,0,1,0,0,"D",3146,11579
-0.203933543705962,0.196894162259208,0.989173642212252,0,1,1,1,0,0,0,0,0,0,0,0,0,1,0,0,"D",1594,11580
-0.0352485433498664,0.168480539909236,-1.98247179676299,0,1,1,1,0,0,0,0,0,0,0,0,0,1,0,0,"D",2727,11581
-0.01972186616763,0.180642371434733,-0.937197338867056,0,1,1,1,0,0,0,0,0,0,0,0,0,1,0,0,"D",2960,11582
-0.106052642640362,0.148454219369091,-1.26164307051054,0,1,1,1,0,0,0,0,0,0,0,0,0,1,0,0,"D",3738,11583
-0.0359835938874799,0.190278592053239,-0.85121282519161,0,1,1,1,0,0,0,0,0,0,0,0,0,1,0,0,"D",1567,11584
-0.0156719396761712,0.119854090644921,-1.54136498833479,0,1,1,1,0,0,0,0,0,0,0,0,0,1,0,0,"D",1930,11585
-0.0366037179439807,0.00932915171640925,-0.720226376321395,0,1,1,1,0,0,0,0,0,0,0,0,0,1,0,0,"D",3714,11586
-0.0192523267220024,0.208759156978924,-0.715015442679598,0,1,1,1,0,0,0,0,0,0,0,0,0,1,0,0,"D",435,11587
0.0570223672141481,0.036815353426831,-0.984412648188625,0,1,1,1,0,0,0,0,0,0,0,0,0,1,0,0,"D",1461,11588
-0.0337869800319404,0.102166818348393,-0.937030691719575,0,1,1,1,0,0,0,0,0,0,0,0,0,1,0,0,"D",2661,11589
-0.0869578312445944,0.168167862552036,-1.72892154741609,0,1,1,1,0,0,0,0,0,0,0,0,0,1,0,0,"D",1967,11590
-0.13185861919912,0.241987605310862,-0.338385898579291,0,1,1,1,0,0,0,0,0,0,0,0,0,1,0,0,"D",2087,11591
-0.0807902004735429,0.0615034142034689,-2.3622894084773,0,1,1,1,0,0,0,0,0,0,0,0,0,1,0,0,"D",2137,11592
-0.0474112171026842,0.159876355994476,-1.69266266402479,0,1,1,1,0,0,0,0,0,0,0,0,0,1,0,0,"D",2578,11593
-0.198854301922937,0.175240767005571,0.125227957451946,0,1,1,1,0,0,0,0,0,0,0,0,0,1,0,0,"D",899,11594
-0.213718204292079,0.167952291613971,0.344942231290182,0,1,1,1,0,0,0,0,0,0,0,0,0,1,0,0,"D",3030,11595
0.00711883995262498,0.195157052065752,-1.14245398814549,0,1,1,1,0,0,0,0,0,0,0,0,0,1,0,0,"D",2602,11596
-0.0520495751452963,0.166084096974234,0.663561225017521,0,1,1,1,0,0,0,0,0,0,0,0,0,1,0,0,"D",394,11597
-0.0616234860250141,0.102937263778914,0.141171980046759,0,1,1,1,0,0,0,0,0,0,0,0,0,1,0,0,"D",3326,11598
-0.120494415722776,0.275643354516601,-1.04204147548466,0,1,1,1,0,0,0,0,0,0,0,0,0,1,0,0,"D",2240,11599
-0.129195800320672,0.0887257117691115,1.20661858181541,0,0,1,1,1,0,0,0,0,0,0,0,0,1,0,0,"C",491,11600
-0.0605792168372841,0.0865670906218604,1.54432856922074,0,0,1,1,1,0,0,0,0,0,0,0,0,1,0,0,"C",3721,11601
-0.0989193802173732,0.116070368924965,0.58329965813575,0,0,1,1,1,0,0,0,0,0,0,0,0,1,0,0,"C",3402,11602
-0.0461032292383708,0.0561221488220268,0.595751850661068,0,0,1,1,1,0,0,0,0,0,0,0,0,1,0,0,"C",368,11603
-0.088408749972986,0.0813528180719231,0.3396515211223,0,0,1,1,1,0,0,0,0,0,0,0,0,1,0,0,"C",1484,11604
-0.0964044286273756,0.0953754588101081,0.415014416557926,0,0,1,1,1,0,0,0,0,0,0,0,0,1,0,0,"C",2487,11605
-0.124224342151524,0.0780782449177633,0.331949023392989,0,0,1,1,1,0,0,0,0,0,0,0,0,1,0,0,"C",1608,11606
-0.110405874421792,0.10463402511163,0.367732965383249,0,0,1,1,1,0,0,0,0,0,0,0,0,1,0,0,"C",1462,11607
-0.0842230869524831,0.0713765008548823,0.610587651434162,0,0,1,1,1,0,0,0,0,0,0,0,0,1,0,0,"C",3495,11608
-0.0603655952510028,0.0903620944908336,0.732593391445597,0,0,1,1,1,0,0,0,0,0,0,0,0,1,0,0,"C",3583,11609
-0.123367133200267,0.13191993998733,0.674270153974331,0,0,1,1,1,0,0,0,0,0,0,0,0,1,0,0,"C",1747,11610
-0.101165623151408,0.0906715337981148,0.956399023310855,0,0,1,1,1,0,0,0,0,0,0,0,0,1,0,0,"C",344,11611
-0.0619608101581548,0.0741876980281182,1.47730618291856,0,0,1,1,1,0,0,0,0,0,0,0,0,1,0,0,"C",3343,11612
-0.0749222747148004,0.0951571520447521,1.44141146228484,0,0,1,1,1,0,0,0,0,0,0,0,0,1,0,0,"C",2191,11613
-0.0594734087800125,0.0715028424701519,1.46706709261809,0,0,1,1,1,0,0,0,0,0,0,0,0,1,0,0,"C",2986,11614
-0.127584147114216,0.113614195013438,1.1405072963305,0,0,1,1,1,0,0,0,0,0,0,0,0,1,0,0,"C",3527,11615
-0.0959909842920332,0.0749654157838383,0.750038412757316,0,0,1,1,1,0,0,0,0,0,0,0,0,1,0,0,"C",3748,11616
-0.098420941097052,0.100354122453948,0.579046422476541,0,0,1,1,1,0,0,0,0,0,0,0,0,1,0,0,"C",930,11617
-0.0873926533064721,0.0641941588285442,0.42298115736441,0,0,1,1,1,0,0,0,0,0,0,0,0,1,0,0,"C",1560,11618
-0.0751846649220252,0.0613476796279776,0.883999250764474,0,0,1,1,1,0,0,0,0,0,0,0,0,1,0,0,"C",1549,11619
-0.0962126982805041,0.045868701132201,0.262622520451196,0,0,1,1,1,0,0,0,0,0,0,0,0,1,0,0,"C",3423,11620
-0.076254660220532,0.0798843009011327,1.10142867056163,0,0,1,1,1,0,0,0,0,0,0,0,0,1,0,0,"C",3464,11621
-0.0994037415384808,0.083058019959497,0.154311547551234,0,0,1,1,1,0,0,0,0,0,0,0,0,1,0,0,"C",1646,11622
-0.0833749300112811,0.0820135579110381,0.0994920391916694,0,0,1,1,1,0,0,0,0,0,0,0,0,1,0,0,"C",2823,11623
-0.0987733968120592,0.106130893139016,0.96263170862348,0,0,1,1,1,0,0,0,0,0,0,0,0,1,0,0,"C",2022,11624
-0.111727658184881,0.0944127041558673,-0.0676881924589646,0,0,1,1,1,0,0,0,0,0,0,0,0,1,0,0,"C",1255,11625
-0.116046223123048,0.100813196422585,0.14991310999025,0,0,1,1,1,0,0,0,0,0,0,0,0,1,0,0,"C",1691,11626
-0.0906870541162161,0.0728264713291125,0.268039429853776,0,0,1,1,1,0,0,0,0,0,0,0,0,1,0,0,"C",3414,11627
-0.139029237337241,0.0797759033590053,-0.0306626456633832,0,0,1,1,1,0,0,0,0,0,0,0,0,1,0,0,"C",1362,11628
-0.0616953187634113,0.0618981835155117,0.587067066413858,0,0,1,1,1,0,0,0,0,0,0,0,0,1,0,0,"C",2845,11629
-0.0938679817432854,0.0816268963733583,1.00958460747012,0,0,1,1,1,0,0,0,0,0,0,0,0,1,0,0,"C",2333,11630
-0.0751222848931181,0.0782734481131686,1.18855146877611,0,0,1,1,1,0,0,0,0,0,0,0,0,1,0,0,"C",2005,11631
-0.0899006145246366,0.0641237962599993,0.425474696552839,0,0,1,1,1,0,0,0,0,0,0,0,0,1,0,0,"C",2937,11632
-0.0796553564862445,0.0649199369112237,-0.287066457766628,0,0,1,1,1,0,0,0,0,0,0,0,0,1,0,0,"C",1628,11633
-0.0911175666682772,0.0846870319028074,0.361525375644978,0,0,1,1,1,0,0,0,0,0,0,0,0,1,0,0,"C",3122,11634
-0.0699799003002924,0.0919773000738146,0.503598808314446,0,0,1,1,1,0,0,0,0,0,0,0,0,1,0,0,"C",666,11635
-0.096316501465318,0.0585483826777625,0.44485340235914,0,0,1,1,1,0,0,0,0,0,0,0,0,1,0,0,"C",1125,11636
-0.0840395579287977,0.0847195823335022,0.521306002319962,0,0,1,1,1,0,0,0,0,0,0,0,0,1,0,0,"C",33,11637
-0.109472050394209,0.0771799729246446,0.950757695644059,0,0,1,1,1,0,0,0,0,0,0,0,0,1,0,0,"C",1671,11638
-0.0635842165423465,0.0740592008503021,0.837072290310988,0,0,1,1,1,0,0,0,0,0,0,0,0,1,0,0,"C",2714,11639
-0.0865074051652316,0.0930586401046931,0.964391223045238,0,0,1,1,1,0,0,0,0,0,0,0,0,1,0,0,"C",946,11640
-0.0957429388832664,0.0441171924636298,-0.614395326638482,0,0,1,1,1,0,0,0,0,0,0,0,0,1,0,0,"C",2718,11641
-0.10002476254754,0.102512852437249,0.401567529598058,0,0,1,1,1,0,0,0,0,0,0,0,0,1,0,0,"C",2372,11642
-0.0791659872042108,0.0883921560164094,1.38995532843489,0,0,1,1,1,0,0,0,0,0,0,0,0,1,0,0,"C",1117,11643
-0.0984862455141852,0.101136077118625,0.709987414817635,0,0,1,1,1,0,0,0,0,0,0,0,0,1,0,0,"C",3186,11644
-0.0640237962606837,0.0539380736116961,0.280947553034893,0,0,1,1,1,0,0,0,0,0,0,0,0,1,0,0,"C",2648,11645
-0.0954602271549913,0.0880720296995963,1.38467233077838,0,0,1,1,1,0,0,0,0,0,0,0,0,1,0,0,"C",3379,11646
-0.0549129924711105,0.0587846659554075,0.861819015141796,0,0,1,1,1,0,0,0,0,0,0,0,0,1,0,0,"C",2742,11647
-0.0913892199846112,0.0777839586914759,0.361477383121501,0,0,1,1,1,0,0,0,0,0,0,0,0,1,0,0,"C",2336,11648
-0.105682170018564,0.0963598898269674,-0.0484478449171897,0,0,1,1,1,0,0,0,0,0,0,0,0,1,0,0,"C",267,11649
-0.0577573299740167,0.0614970832613533,0.52527278222028,0,0,1,1,1,0,0,0,0,0,0,0,0,1,0,0,"C",1359,11650
-0.10057690739502,0.100058010661978,0.910066198414138,0,0,1,1,1,0,0,0,0,0,0,0,0,1,0,0,"C",1441,11651
-0.0745366537013583,0.0897667379868103,0.65101260573839,0,0,1,1,1,0,0,0,0,0,0,0,0,1,0,0,"C",1962,11652
-0.0676684875876001,0.0781415156560439,0.653612492976331,0,0,1,1,1,0,0,0,0,0,0,0,0,1,0,0,"C",3717,11653
-0.108739812817583,0.0991591176017631,0.814865882901389,0,0,1,1,1,0,0,0,0,0,0,0,0,1,0,0,"C",347,11654
-0.106654395397405,0.109472966840622,1.06297455665008,0,0,1,1,1,0,0,0,0,0,0,0,0,1,0,0,"C",2090,11655
-0.0877690713614002,0.0802924356675239,0.572475930856614,0,0,1,1,1,0,0,0,0,0,0,0,0,1,0,0,"C",3406,11656
-0.129547404382909,0.0795943018761874,-0.386983382646981,0,0,1,1,1,0,0,0,0,0,0,0,0,1,0,0,"C",2061,11657
-0.144021863275111,0.120522739105841,0.422352078367461,0,0,1,1,1,0,0,0,0,0,0,0,0,1,0,0,"C",3699,11658
-0.0979738340167926,0.0814789727869193,1.28917990198248,0,0,1,1,1,0,0,0,0,0,0,0,0,1,0,0,"C",1385,11659
-0.0697951866349009,0.0780376130351946,1.83476833149483,0,0,1,1,1,0,0,0,0,0,0,0,0,1,0,0,"C",729,11660
-0.0573623723168481,0.0587646272142134,1.61060806487817,0,0,1,1,1,0,0,0,0,0,0,0,0,1,0,0,"C",712,11661
-0.0839968223830436,0.0872602025231978,0.39744794448158,0,0,1,1,1,0,0,0,0,0,0,0,0,1,0,0,"C",656,11662
-0.043265929803638,0.0663355383079374,0.830474322403427,0,0,1,1,1,0,0,0,0,0,0,0,0,1,0,0,"C",1397,11663
-0.0878757828503563,0.0553898110536265,1.38821606022167,0,0,1,1,1,0,0,0,0,0,0,0,0,1,0,0,"C",2074,11664
-0.0979388561030743,0.0514009793047342,-0.924318044474986,0,0,1,1,1,0,0,0,0,0,0,0,0,1,0,0,"C",857,11665
-0.108370718570045,0.0991791201041581,1.47560376868884,0,0,1,1,1,0,0,0,0,0,0,0,0,1,0,0,"C",2257,11666
-0.0511720122504701,0.0607528214312522,0.458378226336308,0,0,1,1,1,0,0,0,0,0,0,0,0,1,0,0,"C",1072,11667
-0.103858064966966,0.116362397759121,0.134937065537603,0,0,1,1,1,0,0,0,0,0,0,0,0,1,0,0,"C",1687,11668
-0.0898673067631869,0.0711699132647962,0.569467506742707,0,0,1,1,1,0,0,0,0,0,0,0,0,1,0,0,"C",2575,11669
-0.0849720506982872,0.0720625866803626,0.957831153184745,0,0,1,1,1,0,0,0,0,0,0,0,0,1,0,0,"C",3006,11670
-0.10354382480706,0.0749357454900966,0.417322502467909,0,0,1,1,1,0,0,0,0,0,0,0,0,1,0,0,"C",3732,11671
-0.103933750576581,0.0571133219859759,0.114916828042236,0,0,1,1,1,0,0,0,0,0,0,0,0,1,0,0,"C",482,11672
-0.0808307488576966,0.056171322521403,1.70156617525749,0,0,1,1,1,0,0,0,0,0,0,0,0,1,0,0,"C",1341,11673
-0.104002785218871,0.0957124202890848,1.11861085428015,0,0,1,1,1,0,0,0,0,0,0,0,0,1,0,0,"C",3204,11674
-0.0724680716505475,0.0518037863343512,-0.472894263677969,0,0,1,1,1,0,0,0,0,0,0,0,0,1,0,0,"C",1763,11675
-0.077202631784453,0.0443130501281736,0.22280016859878,0,0,1,1,1,0,0,0,0,0,0,0,0,1,0,0,"C",2318,11676
-0.072699558366214,0.0691344410771535,0.728229491238173,0,0,1,1,1,0,0,0,0,0,0,0,0,1,0,0,"C",1059,11677
-0.101481247925062,0.0941092237449714,0.437116189881393,0,0,1,1,1,0,0,0,0,0,0,0,0,1,0,0,"C",1290,11678
-0.114794052291828,0.092746335634557,1.23791205095143,0,0,1,1,1,0,0,0,0,0,0,0,0,1,0,0,"C",3146,11679
-0.0941623114733249,0.0824079885871817,-0.240709759035196,0,0,1,1,1,0,0,0,0,0,0,0,0,1,0,0,"C",1594,11680
-0.129220094044834,0.088215667942249,-0.500051307454102,0,0,1,1,1,0,0,0,0,0,0,0,0,1,0,0,"C",2727,11681
-0.0914895305017731,0.0752031734209425,-0.389804520406728,0,0,1,1,1,0,0,0,0,0,0,0,0,1,0,0,"C",2960,11682
-0.0544253519219382,0.0178941109702526,0.310044969057657,0,0,1,1,1,0,0,0,0,0,0,0,0,1,0,0,"C",3738,11683
-0.0789821915001753,0.0908743109630139,1.27598785802112,0,0,1,1,1,0,0,0,0,0,0,0,0,1,0,0,"C",1567,11684
-0.0833333256516786,0.0768405991912595,1.03964002524997,0,0,1,1,1,0,0,0,0,0,0,0,0,1,0,0,"C",1930,11685
-0.0613889167971877,0.0602788663105242,0.36463064446986,0,0,1,1,1,0,0,0,0,0,0,0,0,1,0,0,"C",3714,11686
-0.110560736825204,0.0794399320283427,-0.55471466471287,0,0,1,1,1,0,0,0,0,0,0,0,0,1,0,0,"C",435,11687
-0.111356766983604,0.0974009265366387,0.673633408827149,0,0,1,1,1,0,0,0,0,0,0,0,0,1,0,0,"C",1461,11688
-0.0814414988066573,0.086459153820939,1.88817617860815,0,0,1,1,1,0,0,0,0,0,0,0,0,1,0,0,"C",2661,11689
-0.098992274115466,0.0776533606189608,0.275688696614993,0,0,1,1,1,0,0,0,0,0,0,0,0,1,0,0,"C",1967,11690
-0.0717690022952859,0.0690916130374604,0.892926453220624,0,0,1,1,1,0,0,0,0,0,0,0,0,1,0,0,"C",2087,11691
-0.0670698265844621,0.0747840732023417,0.410357596319626,0,0,1,1,1,0,0,0,0,0,0,0,0,1,0,0,"C",2137,11692
-0.0707865174890983,0.0604563595846244,1.31770556987741,0,0,1,1,1,0,0,0,0,0,0,0,0,1,0,0,"C",2578,11693
-0.0517428616360301,0.0764202730874376,1.02573666816758,0,0,1,1,1,0,0,0,0,0,0,0,0,1,0,0,"C",899,11694
-0.102500349864995,0.0839255920348943,1.94864314538017,0,0,1,1,1,0,0,0,0,0,0,0,0,1,0,0,"C",3030,11695
-0.0945885477338022,0.0714414402045355,0.707427438130189,0,0,1,1,1,0,0,0,0,0,0,0,0,1,0,0,"C",2602,11696
-0.144403105030106,0.0619621670458603,0.254535245947317,0,0,1,1,1,0,0,0,0,0,0,0,0,1,0,0,"C",394,11697
-0.0752896423145776,0.0705408172371419,1.14829818395533,0,0,1,1,1,0,0,0,0,0,0,0,0,1,0,0,"C",3326,11698
-0.138267365344613,0.101851823548425,1.05180437523119,0,0,1,1,1,0,0,0,0,0,0,0,0,1,0,0,"C",2240,11699
-0.0902937478134614,0.0620728731777528,0.126973158097438,0,0,1,1,1,0,0,0,0,0,0,0,0,1,0,0,"D",491,11700
-0.139715093337187,0.0855805828589365,1.4410756633026,0,0,1,1,1,0,0,0,0,0,0,0,0,1,0,0,"D",3721,11701
-0.0865752727471528,0.0641198242268313,-0.473826162021861,0,0,1,1,1,0,0,0,0,0,0,0,0,1,0,0,"D",3402,11702
-0.10540385483285,0.108059263345762,0.68596549525397,0,0,1,1,1,0,0,0,0,0,0,0,0,1,0,0,"D",368,11703
-0.107956831773958,0.0718291016254683,0.433425032597689,0,0,1,1,1,0,0,0,0,0,0,0,0,1,0,0,"D",1484,11704
-0.122061229559499,0.092429136253437,0.195399511486595,0,0,1,1,1,0,0,0,0,0,0,0,0,1,0,0,"D",2487,11705
-0.121716581673575,0.0923102818719999,0.426573059947588,0,0,1,1,1,0,0,0,0,0,0,0,0,1,0,0,"D",1608,11706
-0.110114322839415,0.0766173540799891,0.525762811503371,0,0,1,1,1,0,0,0,0,0,0,0,0,1,0,0,"D",1462,11707
-0.0926571028974164,0.0778598533955329,1.52954084530926,0,0,1,1,1,0,0,0,0,0,0,0,0,1,0,0,"D",3495,11708
-0.0979471598679713,0.0847151426994956,1.36573690041446,0,0,1,1,1,0,0,0,0,0,0,0,0,1,0,0,"D",3583,11709
-0.0753713665780655,0.0696260210041234,0.37249382058863,0,0,1,1,1,0,0,0,0,0,0,0,0,1,0,0,"D",1747,11710
-0.104062866673456,0.0739176501171891,0.837579742787814,0,0,1,1,1,0,0,0,0,0,0,0,0,1,0,0,"D",344,11711
-0.111587977162168,0.0714316052523356,0.172932428091014,0,0,1,1,1,0,0,0,0,0,0,0,0,1,0,0,"D",3343,11712
-0.136243231906069,0.0989063575257872,0.058372169298503,0,0,1,1,1,0,0,0,0,0,0,0,0,1,0,0,"D",2191,11713
-0.100879548802934,0.0733589485762488,0.409605937607671,0,0,1,1,1,0,0,0,0,0,0,0,0,1,0,0,"D",2986,11714
-0.0584258159326619,0.0529120101769164,-0.275017580929253,0,0,1,1,1,0,0,0,0,0,0,0,0,1,0,0,"D",3527,11715
-0.132587622660686,0.0859251372432447,0.0546929361914344,0,0,1,1,1,0,0,0,0,0,0,0,0,1,0,0,"D",3748,11716
-0.0813415822130006,0.0576804573223717,0.260859752001541,0,0,1,1,1,0,0,0,0,0,0,0,0,1,0,0,"D",930,11717
-0.0917537914656184,0.0699610679570099,-0.0414001313584766,0,0,1,1,1,0,0,0,0,0,0,0,0,1,0,0,"D",1560,11718
-0.130868920083171,0.0860819743244986,1.08258792427019,0,0,1,1,1,0,0,0,0,0,0,0,0,1,0,0,"D",1549,11719
-0.068440358455088,0.0529322285582278,0.62595661917059,0,0,1,1,1,0,0,0,0,0,0,0,0,1,0,0,"D",3423,11720
-0.0831777884047436,0.0647835284873395,0.38727251477602,0,0,1,1,1,0,0,0,0,0,0,0,0,1,0,0,"D",3464,11721
-0.110173033017934,0.0830710323482047,1.07036200792133,0,0,1,1,1,0,0,0,0,0,0,0,0,1,0,0,"D",1646,11722
-0.11030886196664,0.0729616456527812,0.397745940957992,0,0,1,1,1,0,0,0,0,0,0,0,0,1,0,0,"D",2823,11723
-0.130781480957518,0.0934204996184139,1.70031224509742,0,0,1,1,1,0,0,0,0,0,0,0,0,1,0,0,"D",2022,11724
-0.0512383289866153,0.0347724912950943,-0.0136210825569249,0,0,1,1,1,0,0,0,0,0,0,0,0,1,0,0,"D",1255,11725
-0.113578741355236,0.093239544227859,0.242610367577375,0,0,1,1,1,0,0,0,0,0,0,0,0,1,0,0,"D",1691,11726
-0.105201971108355,0.0870818463198809,-0.162595742259342,0,0,1,1,1,0,0,0,0,0,0,0,0,1,0,0,"D",3414,11727
-0.0945115549709462,0.0804838134683628,0.825288429034601,0,0,1,1,1,0,0,0,0,0,0,0,0,1,0,0,"D",1362,11728
-0.0986716090814867,0.0737341535628625,0.453707551562935,0,0,1,1,1,0,0,0,0,0,0,0,0,1,0,0,"D",2845,11729
-0.146574526304814,0.100969214750019,0.70360075874636,0,0,1,1,1,0,0,0,0,0,0,0,0,1,0,0,"D",2333,11730
-0.117614204806097,0.0791956342405517,0.314454691963482,0,0,1,1,1,0,0,0,0,0,0,0,0,1,0,0,"D",2005,11731
-0.0910924976895562,0.0426175757417167,0.819440844952256,0,0,1,1,1,0,0,0,0,0,0,0,0,1,0,0,"D",2937,11732
-0.130700000404468,0.112687023115893,0.574455202690241,0,0,1,1,1,0,0,0,0,0,0,0,0,1,0,0,"D",1628,11733
-0.132807133300987,0.104934554815206,0.650395947072081,0,0,1,1,1,0,0,0,0,0,0,0,0,1,0,0,"D",3122,11734
-0.121612953420406,0.0885850916707879,0.977520495521878,0,0,1,1,1,0,0,0,0,0,0,0,0,1,0,0,"D",666,11735
-0.0790502941280038,0.0401317378375943,0.0108162675172401,0,0,1,1,1,0,0,0,0,0,0,0,0,1,0,0,"D",1125,11736
-0.0816119805651646,0.0893183919319799,0.780026668554062,0,0,1,1,1,0,0,0,0,0,0,0,0,1,0,0,"D",33,11737
-0.113087065680806,0.104542700666016,0.637994184594873,0,0,1,1,1,0,0,0,0,0,0,0,0,1,0,0,"D",1671,11738
-0.0587246792285837,0.0478668685221893,0.330715452878817,0,0,1,1,1,0,0,0,0,0,0,0,0,1,0,0,"D",2714,11739
-0.131768232975948,0.105117463149472,0.783011713340056,0,0,1,1,1,0,0,0,0,0,0,0,0,1,0,0,"D",946,11740
-0.144887690919943,0.102282011518377,1.09564130032492,0,0,1,1,1,0,0,0,0,0,0,0,0,1,0,0,"D",2718,11741
-0.113974740554851,0.0951761349170039,0.644841019577787,0,0,1,1,1,0,0,0,0,0,0,0,0,1,0,0,"D",2372,11742
-0.0964768962672751,0.0953246686013122,0.637225097359538,0,0,1,1,1,0,0,0,0,0,0,0,0,1,0,0,"D",1117,11743
-0.0794066290244418,0.0471849338835003,0.492883667206063,0,0,1,1,1,0,0,0,0,0,0,0,0,1,0,0,"D",3186,11744
-0.0891358206720711,0.0557555836249036,1.14786217910973,0,0,1,1,1,0,0,0,0,0,0,0,0,1,0,0,"D",2648,11745
-0.157803566741515,0.12905481049287,1.61123396683416,0,0,1,1,1,0,0,0,0,0,0,0,0,1,0,0,"D",3379,11746
-0.103031451485907,0.0928195004967669,0.19033645313803,0,0,1,1,1,0,0,0,0,0,0,0,0,1,0,0,"D",2742,11747
-0.0961610005661396,0.0531400179035445,0.929351901282624,0,0,1,1,1,0,0,0,0,0,0,0,0,1,0,0,"D",2336,11748
-0.139272690914411,0.114138516755324,0.783894571930571,0,0,1,1,1,0,0,0,0,0,0,0,0,1,0,0,"D",267,11749
-0.101288698948958,0.0799229079540318,0.0882644255535805,0,0,1,1,1,0,0,0,0,0,0,0,0,1,0,0,"D",1359,11750
-0.108967089432552,0.0430463157896575,0.699838091847141,0,0,1,1,1,0,0,0,0,0,0,0,0,1,0,0,"D",1441,11751
-0.073749219391383,0.0617523356932187,0.604198009416902,0,0,1,1,1,0,0,0,0,0,0,0,0,1,0,0,"D",1962,11752
-0.0989701975249336,0.0834653201808294,-0.0482222895295852,0,0,1,1,1,0,0,0,0,0,0,0,0,1,0,0,"D",3717,11753
-0.103195499014319,0.095692087587985,0.681109189197438,0,0,1,1,1,0,0,0,0,0,0,0,0,1,0,0,"D",347,11754
-0.126942225921658,0.107005946982052,1.09249385119912,0,0,1,1,1,0,0,0,0,0,0,0,0,1,0,0,"D",2090,11755
-0.125584953901612,0.0871451614742674,1.33035487496614,0,0,1,1,1,0,0,0,0,0,0,0,0,1,0,0,"D",3406,11756
-0.130121517665734,0.0814301448641566,0.642848024626807,0,0,1,1,1,0,0,0,0,0,0,0,0,1,0,0,"D",2061,11757
-0.0806150266702996,0.0606592219465792,-0.181639795883286,0,0,1,1,1,0,0,0,0,0,0,0,0,1,0,0,"D",3699,11758
-0.140435664241017,0.105101694139938,0.829223211863507,0,0,1,1,1,0,0,0,0,0,0,0,0,1,0,0,"D",1385,11759
-0.0828525418323364,0.075842693265337,1.54130487038365,0,0,1,1,1,0,0,0,0,0,0,0,0,1,0,0,"D",729,11760
-0.139929778858353,0.116658180497405,1.4771944174598,0,0,1,1,1,0,0,0,0,0,0,0,0,1,0,0,"D",712,11761
-0.116417281579404,0.0759813176059781,0.456757506934143,0,0,1,1,1,0,0,0,0,0,0,0,0,1,0,0,"D",656,11762
-0.122468567135469,0.0923132738120734,1.76821678910182,0,0,1,1,1,0,0,0,0,0,0,0,0,1,0,0,"D",1397,11763
-0.103440509823114,0.0934459568058348,0.831304238144456,0,0,1,1,1,0,0,0,0,0,0,0,0,1,0,0,"D",2074,11764
-0.0777126062381302,0.0465336317013313,0.0993286164373097,0,0,1,1,1,0,0,0,0,0,0,0,0,1,0,0,"D",857,11765
-0.126454230408746,0.0966595162479602,0.687226435429052,0,0,1,1,1,0,0,0,0,0,0,0,0,1,0,0,"D",2257,11766
-0.0976604761993844,0.0661988706814911,-0.0849201031851789,0,0,1,1,1,0,0,0,0,0,0,0,0,1,0,0,"D",1072,11767
-0.0887547276978785,0.0811035505506704,0.357648023354569,0,0,1,1,1,0,0,0,0,0,0,0,0,1,0,0,"D",1687,11768
-0.087460855218905,0.0705641605344816,0.231778355767989,0,0,1,1,1,0,0,0,0,0,0,0,0,1,0,0,"D",2575,11769
-0.114301462830131,0.0834776176863395,0.978921203407179,0,0,1,1,1,0,0,0,0,0,0,0,0,1,0,0,"D",3006,11770
-0.137961039738369,0.122491564814174,1.175482551011,0,0,1,1,1,0,0,0,0,0,0,0,0,1,0,0,"D",3732,11771
-0.0848899772754442,0.0464906851517485,0.347470213685275,0,0,1,1,1,0,0,0,0,0,0,0,0,1,0,0,"D",482,11772
-0.126232495509472,0.0997607283026245,0.523843957072612,0,0,1,1,1,0,0,0,0,0,0,0,0,1,0,0,"D",1341,11773
-0.086901930319469,0.053939130395575,-0.298394655001293,0,0,1,1,1,0,0,0,0,0,0,0,0,1,0,0,"D",3204,11774
-0.103868177122479,0.0702621625819146,0.757756237357579,0,0,1,1,1,0,0,0,0,0,0,0,0,1,0,0,"D",1763,11775
-0.0979184772277584,0.079427542239377,0.337479999670578,0,0,1,1,1,0,0,0,0,0,0,0,0,1,0,0,"D",2318,11776
-0.145326575666988,0.113033857307189,1.19870532840682,0,0,1,1,1,0,0,0,0,0,0,0,0,1,0,0,"D",1059,11777
-0.0723736380204658,0.062072952842157,-0.428973217601517,0,0,1,1,1,0,0,0,0,0,0,0,0,1,0,0,"D",1290,11778
-0.119510283424641,0.0831421821000847,0.820497260047148,0,0,1,1,1,0,0,0,0,0,0,0,0,1,0,0,"D",3146,11779
-0.0925878346055572,0.0662992316080235,-0.0374620141126075,0,0,1,1,1,0,0,0,0,0,0,0,0,1,0,0,"D",1594,11780
-0.0930406774273914,0.075698296981152,0.320027857752268,0,0,1,1,1,0,0,0,0,0,0,0,0,1,0,0,"D",2727,11781
-0.137877080198088,0.0990646658678483,1.03923388867385,0,0,1,1,1,0,0,0,0,0,0,0,0,1,0,0,"D",2960,11782
-0.10497831158403,0.109840743042065,0.904914423922309,0,0,1,1,1,0,0,0,0,0,0,0,0,1,0,0,"D",3738,11783
-0.0865730373959452,0.0852873488739136,0.465110533793847,0,0,1,1,1,0,0,0,0,0,0,0,0,1,0,0,"D",1567,11784
-0.0831055872002111,0.0542719858005692,0.0502686265743121,0,0,1,1,1,0,0,0,0,0,0,0,0,1,0,0,"D",1930,11785
-0.0814342461259698,0.058833507126661,0.90420470908117,0,0,1,1,1,0,0,0,0,0,0,0,0,1,0,0,"D",3714,11786
-0.0971669987819244,0.0827648126484792,0.946671147335026,0,0,1,1,1,0,0,0,0,0,0,0,0,1,0,0,"D",435,11787
-0.14050039572172,0.0796353690003142,-0.0874392994277641,0,0,1,1,1,0,0,0,0,0,0,0,0,1,0,0,"D",1461,11788
-0.118109574645565,0.0622166270183404,0.469080853170858,0,0,1,1,1,0,0,0,0,0,0,0,0,1,0,0,"D",2661,11789
-0.111044822171376,0.0750706633025075,0.616206892283438,0,0,1,1,1,0,0,0,0,0,0,0,0,1,0,0,"D",1967,11790
-0.0988920823002263,0.0860714392464656,0.710372172882735,0,0,1,1,1,0,0,0,0,0,0,0,0,1,0,0,"D",2087,11791
-0.0762259454625037,0.0402223934387261,0.669414594632408,0,0,1,1,1,0,0,0,0,0,0,0,0,1,0,0,"D",2137,11792
-0.0791012176504225,0.0891483150668291,0.370028075794732,0,0,1,1,1,0,0,0,0,0,0,0,0,1,0,0,"D",2578,11793
-0.0960837511863029,0.0680730142297143,0.99253631608667,0,0,1,1,1,0,0,0,0,0,0,0,0,1,0,0,"D",899,11794
-0.144708683022966,0.0938231575942159,0.625891127090422,0,0,1,1,1,0,0,0,0,0,0,0,0,1,0,0,"D",3030,11795
-0.141607531433396,0.0973526176534603,0.966997812236747,0,0,1,1,1,0,0,0,0,0,0,0,0,1,0,0,"D",2602,11796
-0.0860434897663561,0.081922401995202,0.641799664599431,0,0,1,1,1,0,0,0,0,0,0,0,0,1,0,0,"D",394,11797
-0.100554051338421,0.0840567583559227,0.149726243032994,0,0,1,1,1,0,0,0,0,0,0,0,0,1,0,0,"D",3326,11798
-0.157369696965506,0.0927247824689973,0.879447450981913,0,0,1,1,1,0,0,0,0,0,0,0,0,1,0,0,"D",2240,11799
-0.197685621452486,0.0829808250882759,0.433805086731781,0,0,1,1,0,0,0,0,1,0,0,0,0,1,0,0,"C",491,11800
-0.178623261569285,0.115647201326233,0.128672053214158,0,0,1,1,0,0,0,0,1,0,0,0,0,1,0,0,"C",3721,11801
-0.185664108028803,0.0903326970888837,0.275605155503774,0,0,1,1,0,0,0,0,1,0,0,0,0,1,0,0,"C",3402,11802
-0.146078148592378,0.0736517958367283,0.145457144265714,0,0,1,1,0,0,0,0,1,0,0,0,0,1,0,0,"C",368,11803
-0.178432995877379,0.10945689325154,0.223020180839793,0,0,1,1,0,0,0,0,1,0,0,0,0,1,0,0,"C",1484,11804
-0.213115011108463,0.134059254375262,-0.22667151104653,0,0,1,1,0,0,0,0,1,0,0,0,0,1,0,0,"C",2487,11805
-0.191160549692177,0.0985528429023995,-0.0525393728934396,0,0,1,1,0,0,0,0,1,0,0,0,0,1,0,0,"C",1608,11806
-0.210290250509983,0.113847513016359,-0.0919777908428733,0,0,1,1,0,0,0,0,1,0,0,0,0,1,0,0,"C",1462,11807
-0.194046291375364,0.0832664750357002,0.0722532533307879,0,0,1,1,0,0,0,0,1,0,0,0,0,1,0,0,"C",3495,11808
-0.204271317002466,0.116704676780934,0.162406782219241,0,0,1,1,0,0,0,0,1,0,0,0,0,1,0,0,"C",3583,11809
-0.220945332520511,0.137638359886051,-0.134311219183251,0,0,1,1,0,0,0,0,1,0,0,0,0,1,0,0,"C",1747,11810
-0.178539942764143,0.137713094702435,0.139671814025387,0,0,1,1,0,0,0,0,1,0,0,0,0,1,0,0,"C",344,11811
-0.191462870343012,0.0944551363679135,0.0206818535532433,0,0,1,1,0,0,0,0,1,0,0,0,0,1,0,0,"C",3343,11812
-0.178414405172271,0.118100693974036,0.287900025492966,0,0,1,1,0,0,0,0,1,0,0,0,0,1,0,0,"C",2191,11813
-0.194695021811172,0.13575060890919,0.241776157330996,0,0,1,1,0,0,0,0,1,0,0,0,0,1,0,0,"C",2986,11814
-0.225396680384635,0.12764266289057,-0.0387778422931548,0,0,1,1,0,0,0,0,1,0,0,0,0,1,0,0,"C",3527,11815
-0.180329959006747,0.0795193412516442,0.186664738897897,0,0,1,1,0,0,0,0,1,0,0,0,0,1,0,0,"C",3748,11816
-0.199749343771146,0.121973020305196,-0.207815097370644,0,0,1,1,0,0,0,0,1,0,0,0,0,1,0,0,"C",930,11817
-0.199146537616427,0.0662000119117251,-0.0724611396098066,0,0,1,1,0,0,0,0,1,0,0,0,0,1,0,0,"C",1560,11818
-0.189659103294884,0.0559100597857464,0.345755440788709,0,0,1,1,0,0,0,0,1,0,0,0,0,1,0,0,"C",1549,11819
-0.213356157940206,0.106975972018162,-0.0670872955812121,0,0,1,1,0,0,0,0,1,0,0,0,0,1,0,0,"C",3423,11820
-0.205967598147661,0.104609284034575,0.144377985379883,0,0,1,1,0,0,0,0,1,0,0,0,0,1,0,0,"C",3464,11821
-0.187829684033337,0.114941527298038,-0.19263577838072,0,0,1,1,0,0,0,0,1,0,0,0,0,1,0,0,"C",1646,11822
-0.192956120838411,0.0903295758255009,0.175243904856082,0,0,1,1,0,0,0,0,1,0,0,0,0,1,0,0,"C",2823,11823
-0.204696889039706,0.114232476357194,-0.0715779417239146,0,0,1,1,0,0,0,0,1,0,0,0,0,1,0,0,"C",2022,11824
-0.202445229531223,0.116937982293926,0.0254940002710457,0,0,1,1,0,0,0,0,1,0,0,0,0,1,0,0,"C",1255,11825
-0.216644042320637,0.120532216043075,-0.0533817174040061,0,0,1,1,0,0,0,0,1,0,0,0,0,1,0,0,"C",1691,11826
-0.220229176040797,0.136913295671885,-0.189451409605696,0,0,1,1,0,0,0,0,1,0,0,0,0,1,0,0,"C",3414,11827
-0.238268125377042,0.115913006456161,0.111976030648204,0,0,1,1,0,0,0,0,1,0,0,0,0,1,0,0,"C",1362,11828
-0.177804830282169,0.0463331903850289,0.514867271170728,0,0,1,1,0,0,0,0,1,0,0,0,0,1,0,0,"C",2845,11829
-0.208430487631193,0.114198567046146,0.0318824050714795,0,0,1,1,0,0,0,0,1,0,0,0,0,1,0,0,"C",2333,11830
-0.19527862772748,0.0815882449928696,0.434982269708177,0,0,1,1,0,0,0,0,1,0,0,0,0,1,0,0,"C",2005,11831
-0.18936463588172,0.0507661570546397,0.730883597604671,0,0,1,1,0,0,0,0,1,0,0,0,0,1,0,0,"C",2937,11832
-0.202168221526014,0.136076998312567,0.278898685697192,0,0,1,1,0,0,0,0,1,0,0,0,0,1,0,0,"C",1628,11833
-0.222632666084701,0.0470211396813602,1.38750038151741,0,0,1,1,0,0,0,0,1,0,0,0,0,1,0,0,"C",3122,11834
-0.202062299731537,0.134402680738639,-0.245272681310824,0,0,1,1,0,0,0,0,1,0,0,0,0,1,0,0,"C",666,11835
-0.182801707005956,0.0744909189234086,0.150700844285213,0,0,1,1,0,0,0,0,1,0,0,0,0,1,0,0,"C",1125,11836
-0.189935109737972,0.0882900774797236,0.462827624720501,0,0,1,1,0,0,0,0,1,0,0,0,0,1,0,0,"C",33,11837
-0.176619140411295,0.0720766751142022,0.15270464209496,0,0,1,1,0,0,0,0,1,0,0,0,0,1,0,0,"C",1671,11838
-0.184592287098998,0.0782523397030038,0.274226039076424,0,0,1,1,0,0,0,0,1,0,0,0,0,1,0,0,"C",2714,11839
-0.158805091543929,0.0884544304193779,0.34365821965121,0,0,1,1,0,0,0,0,1,0,0,0,0,1,0,0,"C",946,11840
-0.182342601370993,0.0889354228467665,0.316463775091723,0,0,1,1,0,0,0,0,1,0,0,0,0,1,0,0,"C",2718,11841
-0.212527176063096,0.125130618448365,-0.136316478839946,0,0,1,1,0,0,0,0,1,0,0,0,0,1,0,0,"C",2372,11842
-0.231124492057853,0.0998708551137613,0.0392078012241152,0,0,1,1,0,0,0,0,1,0,0,0,0,1,0,0,"C",1117,11843
-0.199599132240087,0.0869607324426461,0.263530320125058,0,0,1,1,0,0,0,0,1,0,0,0,0,1,0,0,"C",3186,11844
-0.186042970414322,0.0567540016042636,0.433825633789113,0,0,1,1,0,0,0,0,1,0,0,0,0,1,0,0,"C",2648,11845
-0.17809495298477,0.0975089231103105,0.296771239288409,0,0,1,1,0,0,0,0,1,0,0,0,0,1,0,0,"C",3379,11846
-0.147556969470608,0.0906068518374099,0.0487352935832852,0,0,1,1,0,0,0,0,1,0,0,0,0,1,0,0,"C",2742,11847
-0.205139925041963,0.123264418147027,0.153163332857027,0,0,1,1,0,0,0,0,1,0,0,0,0,1,0,0,"C",2336,11848
-0.198313780883599,0.114789542663497,0.0924260767137415,0,0,1,1,0,0,0,0,1,0,0,0,0,1,0,0,"C",267,11849
-0.186172461865296,0.0972796750568807,0.34455492618558,0,0,1,1,0,0,0,0,1,0,0,0,0,1,0,0,"C",1359,11850
-0.234417997985602,0.0926578600337185,0.439886239559142,0,0,1,1,0,0,0,0,1,0,0,0,0,1,0,0,"C",1441,11851
-0.180338875061629,0.0446029470382597,0.675486194959565,0,0,1,1,0,0,0,0,1,0,0,0,0,1,0,0,"C",1962,11852
-0.204365998998587,0.106416433084998,-0.0223983454916521,0,0,1,1,0,0,0,0,1,0,0,0,0,1,0,0,"C",3717,11853
-0.203451478195939,0.111819303040725,0.337940156236567,0,0,1,1,0,0,0,0,1,0,0,0,0,1,0,0,"C",347,11854
-0.211760867948715,0.106184704481607,0.260410245984735,0,0,1,1,0,0,0,0,1,0,0,0,0,1,0,0,"C",2090,11855
-0.200676723843148,0.137216910408096,-0.145536155273972,0,0,1,1,0,0,0,0,1,0,0,0,0,1,0,0,"C",3406,11856
-0.214264349653899,0.0990720933542233,0.0898851769361596,0,0,1,1,0,0,0,0,1,0,0,0,0,1,0,0,"C",2061,11857
-0.240319686585613,0.116734370242072,-0.0140926834528008,0,0,1,1,0,0,0,0,1,0,0,0,0,1,0,0,"C",3699,11858
-0.199510171666551,0.107360517665729,0.382240787870341,0,0,1,1,0,0,0,0,1,0,0,0,0,1,0,0,"C",1385,11859
-0.199300788002353,0.125373563803024,0.247257086188582,0,0,1,1,0,0,0,0,1,0,0,0,0,1,0,0,"C",729,11860
-0.200733413187856,0.0789961890457142,0.304521148814717,0,0,1,1,0,0,0,0,1,0,0,0,0,1,0,0,"C",712,11861
-0.210454643261854,0.0731481599920401,0.709061049904739,0,0,1,1,0,0,0,0,1,0,0,0,0,1,0,0,"C",656,11862
-0.190009572184983,0.0778408993034849,0.468926530001908,0,0,1,1,0,0,0,0,1,0,0,0,0,1,0,0,"C",1397,11863
-0.198463633579174,0.069592912481027,0.362295664100305,0,0,1,1,0,0,0,0,1,0,0,0,0,1,0,0,"C",2074,11864
-0.204502672514029,0.100788251145319,0.287181754642085,0,0,1,1,0,0,0,0,1,0,0,0,0,1,0,0,"C",857,11865
-0.241233634167765,0.119843424443459,0.0745936893416545,0,0,1,1,0,0,0,0,1,0,0,0,0,1,0,0,"C",2257,11866
-0.212153257918829,0.101521218999231,0.233559923128593,0,0,1,1,0,0,0,0,1,0,0,0,0,1,0,0,"C",1072,11867
-0.226579684763011,0.109727775481621,-0.105701014378276,0,0,1,1,0,0,0,0,1,0,0,0,0,1,0,0,"C",1687,11868
-0.213544366400977,0.0919455290332678,0.00903714071367047,0,0,1,1,0,0,0,0,1,0,0,0,0,1,0,0,"C",2575,11869
-0.166946884630666,0.080494809093515,0.113422306286979,0,0,1,1,0,0,0,0,1,0,0,0,0,1,0,0,"C",3006,11870
-0.195280420773695,0.107025397333944,0.022611909732433,0,0,1,1,0,0,0,0,1,0,0,0,0,1,0,0,"C",3732,11871
-0.171379972496238,0.0702297639038894,-0.124055696872708,0,0,1,1,0,0,0,0,1,0,0,0,0,1,0,0,"C",482,11872
-0.184233070414063,0.0736912438440902,0.405260513231957,0,0,1,1,0,0,0,0,1,0,0,0,0,1,0,0,"C",1341,11873
-0.206670242023973,0.121381190425881,0.0703552976253381,0,0,1,1,0,0,0,0,1,0,0,0,0,1,0,0,"C",3204,11874
-0.150965573787528,0.0747888127463087,-0.271345786010831,0,0,1,1,0,0,0,0,1,0,0,0,0,1,0,0,"C",1763,11875
-0.193775751172315,0.0614421655923233,0.579171337099635,0,0,1,1,0,0,0,0,1,0,0,0,0,1,0,0,"C",2318,11876
-0.221569416760276,0.0723740615181544,0.424546993427364,0,0,1,1,0,0,0,0,1,0,0,0,0,1,0,0,"C",1059,11877
-0.19928877004607,0.110654635030486,0.0766782383217519,0,0,1,1,0,0,0,0,1,0,0,0,0,1,0,0,"C",1290,11878
-0.220969375968895,0.10325115600771,0.220764965848229,0,0,1,1,0,0,0,0,1,0,0,0,0,1,0,0,"C",3146,11879
-0.187380090114423,0.0685121841495848,0.721876585734927,0,0,1,1,0,0,0,0,1,0,0,0,0,1,0,0,"C",1594,11880
-0.218757781452399,0.0993380214139441,0.255420790223359,0,0,1,1,0,0,0,0,1,0,0,0,0,1,0,0,"C",2727,11881
-0.182676340404928,0.0944053924629628,-0.0926647848508674,0,0,1,1,0,0,0,0,1,0,0,0,0,1,0,0,"C",2960,11882
-0.194771379102791,0.0645814359681048,0.431231281770164,0,0,1,1,0,0,0,0,1,0,0,0,0,1,0,0,"C",3738,11883
-0.2314079476983,0.124472912107328,0.055778930105428,0,0,1,1,0,0,0,0,1,0,0,0,0,1,0,0,"C",1567,11884
-0.174894140347994,0.0852559849989028,0.576026628328516,0,0,1,1,0,0,0,0,1,0,0,0,0,1,0,0,"C",1930,11885
-0.192622068252371,0.0727188973689115,0.777345772993305,0,0,1,1,0,0,0,0,1,0,0,0,0,1,0,0,"C",3714,11886
-0.20605781714006,0.0639073650492338,0.876786857478712,0,0,1,1,0,0,0,0,1,0,0,0,0,1,0,0,"C",435,11887
-0.217593797443985,0.0958460367346632,0.248962333165614,0,0,1,1,0,0,0,0,1,0,0,0,0,1,0,0,"C",1461,11888
-0.19796902091794,0.0752631053722652,0.492956875959863,0,0,1,1,0,0,0,0,1,0,0,0,0,1,0,0,"C",2661,11889
-0.209586800756509,0.0807355101457661,0.31015115064,0,0,1,1,0,0,0,0,1,0,0,0,0,1,0,0,"C",1967,11890
-0.184748303778698,0.0636865069790648,0.0276172840419631,0,0,1,1,0,0,0,0,1,0,0,0,0,1,0,0,"C",2087,11891
-0.192315842047896,0.084966183271836,0.395233461128946,0,0,1,1,0,0,0,0,1,0,0,0,0,1,0,0,"C",2137,11892
-0.208625987918229,0.0986877358441092,0.109340781336776,0,0,1,1,0,0,0,0,1,0,0,0,0,1,0,0,"C",2578,11893
-0.21277997486972,0.110570243870701,0.462182030976418,0,0,1,1,0,0,0,0,1,0,0,0,0,1,0,0,"C",899,11894
-0.232950656852841,0.127348857936453,0.407735495878483,0,0,1,1,0,0,0,0,1,0,0,0,0,1,0,0,"C",3030,11895
-0.223056357134594,0.0991171114215954,0.171483126562287,0,0,1,1,0,0,0,0,1,0,0,0,0,1,0,0,"C",2602,11896
-0.203961617757718,0.101173238916867,0.396938508167471,0,0,1,1,0,0,0,0,1,0,0,0,0,1,0,0,"C",394,11897
-0.220332394283377,0.105145328477971,0.137457824154379,0,0,1,1,0,0,0,0,1,0,0,0,0,1,0,0,"C",3326,11898
-0.247388073852419,0.127381876395581,0.287975933407731,0,0,1,1,0,0,0,0,1,0,0,0,0,1,0,0,"C",2240,11899
-0.143062543229365,0.0278408043820527,1.29738229228763,0,0,1,1,0,0,0,0,1,0,0,0,0,1,0,0,"D",491,11900
-0.193810439727859,0.0587554272118417,0.545299600047551,0,0,1,1,0,0,0,0,1,0,0,0,0,1,0,0,"D",3721,11901
-0.178627127717325,0.038240061852594,0.630580881858718,0,0,1,1,0,0,0,0,1,0,0,0,0,1,0,0,"D",3402,11902
-0.183813304081094,0.0645681306928445,0.423076580188328,0,0,1,1,0,0,0,0,1,0,0,0,0,1,0,0,"D",368,11903
-0.194102543144272,0.0545277068145942,0.772168182125091,0,0,1,1,0,0,0,0,1,0,0,0,0,1,0,0,"D",1484,11904
-0.193309454296572,0.0758109481374956,0.590651653491757,0,0,1,1,0,0,0,0,1,0,0,0,0,1,0,0,"D",2487,11905
-0.173346766946276,0.067619432111654,0.152116549361496,0,0,1,1,0,0,0,0,1,0,0,0,0,1,0,0,"D",1608,11906
-0.182058314778809,0.0556805468666438,0.344221476018246,0,0,1,1,0,0,0,0,1,0,0,0,0,1,0,0,"D",1462,11907
-0.191402800180458,0.109712593021268,0.578098857858655,0,0,1,1,0,0,0,0,1,0,0,0,0,1,0,0,"D",3495,11908
-0.167332504932017,0.0751934682964162,0.128497291403635,0,0,1,1,0,0,0,0,1,0,0,0,0,1,0,0,"D",3583,11909
-0.174386765191599,0.0623158437486039,0.660590970630764,0,0,1,1,0,0,0,0,1,0,0,0,0,1,0,0,"D",1747,11910
-0.152206623806264,0.047924104722386,0.472989168913694,0,0,1,1,0,0,0,0,1,0,0,0,0,1,0,0,"D",344,11911
-0.194967085048132,0.0595625586554073,0.880532211467764,0,0,1,1,0,0,0,0,1,0,0,0,0,1,0,0,"D",3343,11912
-0.182338756418465,0.0736477301713757,0.752390028930045,0,0,1,1,0,0,0,0,1,0,0,0,0,1,0,0,"D",2191,11913
-0.166214149897743,0.0443298557292029,0.590657528375065,0,0,1,1,0,0,0,0,1,0,0,0,0,1,0,0,"D",2986,11914
-0.171724993687713,0.0406052286034623,0.584526785285798,0,0,1,1,0,0,0,0,1,0,0,0,0,1,0,0,"D",3527,11915
-0.218100186696091,0.0555921953152717,0.670215996829553,0,0,1,1,0,0,0,0,1,0,0,0,0,1,0,0,"D",3748,11916
-0.176439140426284,0.0618581846151876,0.531321983532427,0,0,1,1,0,0,0,0,1,0,0,0,0,1,0,0,"D",930,11917
-0.173186932678991,0.0485565436842935,0.894530562900916,0,0,1,1,0,0,0,0,1,0,0,0,0,1,0,0,"D",1560,11918
-0.211257332379061,0.0632115398397149,0.601700761423769,0,0,1,1,0,0,0,0,1,0,0,0,0,1,0,0,"D",1549,11919
-0.142608925094648,0.0174887305939721,0.929531294159908,0,0,1,1,0,0,0,0,1,0,0,0,0,1,0,0,"D",3423,11920
-0.151532478666673,0.0332734759466895,0.377018994001079,0,0,1,1,0,0,0,0,1,0,0,0,0,1,0,0,"D",3464,11921
-0.135022949801121,0.0322295409384053,0.781177306262934,0,0,1,1,0,0,0,0,1,0,0,0,0,1,0,0,"D",1646,11922
-0.207793512386173,0.0713241489031803,0.58738929505991,0,0,1,1,0,0,0,0,1,0,0,0,0,1,0,0,"D",2823,11923
-0.22624799007392,0.0895382729688703,0.597299804553996,0,0,1,1,0,0,0,0,1,0,0,0,0,1,0,0,"D",2022,11924
-0.134133217919465,0.0413909354002214,0.616422296551892,0,0,1,1,0,0,0,0,1,0,0,0,0,1,0,0,"D",1255,11925
-0.18633579817058,0.0790755231005047,0.848139104290709,0,0,1,1,0,0,0,0,1,0,0,0,0,1,0,0,"D",1691,11926
-0.16389746541274,0.0794095255906111,0.583429055838905,0,0,1,1,0,0,0,0,1,0,0,0,0,1,0,0,"D",3414,11927
-0.141350669686806,0.0593094671856597,1.14636159008358,0,0,1,1,0,0,0,0,1,0,0,0,0,1,0,0,"D",1362,11928
-0.183257987574536,0.0643906308555762,0.861320913236939,0,0,1,1,0,0,0,0,1,0,0,0,0,1,0,0,"D",2845,11929
-0.190854756680379,0.0832297252659233,0.479712098416522,0,0,1,1,0,0,0,0,1,0,0,0,0,1,0,0,"D",2333,11930
-0.189388129592847,0.0346348388646953,0.92673425488558,0,0,1,1,0,0,0,0,1,0,0,0,0,1,0,0,"D",2005,11931
-0.173370257728944,0.0667590855532277,1.31671451762926,0,0,1,1,0,0,0,0,1,0,0,0,0,1,0,0,"D",2937,11932
-0.218287987535276,0.0892775782559831,0.413374980639759,0,0,1,1,0,0,0,0,1,0,0,0,0,1,0,0,"D",1628,11933
-0.194125056150252,0.044935099160216,0.578678090804427,0,0,1,1,0,0,0,0,1,0,0,0,0,1,0,0,"D",3122,11934
-0.144019543150712,0.0424268938369095,1.1224038324814,0,0,1,1,0,0,0,0,1,0,0,0,0,1,0,0,"D",666,11935
-0.151968122459476,0.0480608824545675,0.697848222699589,0,0,1,1,0,0,0,0,1,0,0,0,0,1,0,0,"D",1125,11936
-0.13675165242823,0.0689660804230725,0.335631287887666,0,0,1,1,0,0,0,0,1,0,0,0,0,1,0,0,"D",33,11937
-0.197587586952145,0.0936546940288113,0.324056325159497,0,0,1,1,0,0,0,0,1,0,0,0,0,1,0,0,"D",1671,11938
-0.118976645430171,0.0574353363703802,1.24723006959971,0,0,1,1,0,0,0,0,1,0,0,0,0,1,0,0,"D",2714,11939
-0.181914971351043,0.109903694956322,0.699638904041172,0,0,1,1,0,0,0,0,1,0,0,0,0,1,0,0,"D",946,11940
-0.237320672385997,0.0668474357544707,0.500895517605877,0,0,1,1,0,0,0,0,1,0,0,0,0,1,0,0,"D",2718,11941
-0.200781227620588,0.113165526759699,1.20917609182319,0,0,1,1,0,0,0,0,1,0,0,0,0,1,0,0,"D",2372,11942
-0.20672359958857,0.0570546435724706,0.696200200323536,0,0,1,1,0,0,0,0,1,0,0,0,0,1,0,0,"D",1117,11943
-0.187905854802102,0.0516785733284702,1.0684679576665,0,0,1,1,0,0,0,0,1,0,0,0,0,1,0,0,"D",3186,11944
-0.188840863553127,0.0609360830531544,0.677796133704978,0,0,1,1,0,0,0,0,1,0,0,0,0,1,0,0,"D",2648,11945
-0.246608673208159,0.131264874057921,0.635607715500906,0,0,1,1,0,0,0,0,1,0,0,0,0,1,0,0,"D",3379,11946
-0.220218026682882,0.0942185633065136,0.735925317792698,0,0,1,1,0,0,0,0,1,0,0,0,0,1,0,0,"D",2742,11947
-0.151544193977156,0.0382147355063286,0.99241342018826,0,0,1,1,0,0,0,0,1,0,0,0,0,1,0,0,"D",2336,11948
-0.20380124525102,0.0959954833783166,0.372052431053097,0,0,1,1,0,0,0,0,1,0,0,0,0,1,0,0,"D",267,11949
-0.190777600273607,0.0898980357506987,1.2991181025497,0,0,1,1,0,0,0,0,1,0,0,0,0,1,0,0,"D",1359,11950
-0.168660265485917,0.0318035228787725,0.579255528828587,0,0,1,1,0,0,0,0,1,0,0,0,0,1,0,0,"D",1441,11951
-0.175570998653212,0.0872537884327891,1.33034966819079,0,0,1,1,0,0,0,0,1,0,0,0,0,1,0,0,"D",1962,11952
-0.182667758873019,0.0564202554272402,0.83974595872255,0,0,1,1,0,0,0,0,1,0,0,0,0,1,0,0,"D",3717,11953
-0.184611433591193,0.05787705526454,0.525578718472135,0,0,1,1,0,0,0,0,1,0,0,0,0,1,0,0,"D",347,11954
-0.237005939769607,0.0986843385396936,0.275520482307783,0,0,1,1,0,0,0,0,1,0,0,0,0,1,0,0,"D",2090,11955
-0.172522783930782,0.102826481454173,1.00135748603249,0,0,1,1,0,0,0,0,1,0,0,0,0,1,0,0,"D",3406,11956
-0.151577297863584,0.0257962868166911,0.795275802617399,0,0,1,1,0,0,0,0,1,0,0,0,0,1,0,0,"D",2061,11957
-0.147668787103173,0.0219338485588454,0.837533466847955,0,0,1,1,0,0,0,0,1,0,0,0,0,1,0,0,"D",3699,11958
-0.180345594558821,0.101015541986247,0.814650832804423,0,0,1,1,0,0,0,0,1,0,0,0,0,1,0,0,"D",1385,11959
-0.133203577142283,-0.00350887173407347,1.11314350660966,0,0,1,1,0,0,0,0,1,0,0,0,0,1,0,0,"D",729,11960
-0.194598312297266,0.108627619121203,0.874660079962295,0,0,1,1,0,0,0,0,1,0,0,0,0,1,0,0,"D",712,11961
-0.221892943353836,0.0839355950045627,1.22198033766553,0,0,1,1,0,0,0,0,1,0,0,0,0,1,0,0,"D",656,11962
-0.205918410485537,0.0900019408220165,0.779916648319796,0,0,1,1,0,0,0,0,1,0,0,0,0,1,0,0,"D",1397,11963
-0.141879978103674,0.0665023930826681,0.819210779143388,0,0,1,1,0,0,0,0,1,0,0,0,0,1,0,0,"D",2074,11964
-0.158580885493107,0.057720809916846,0.71099622750984,0,0,1,1,0,0,0,0,1,0,0,0,0,1,0,0,"D",857,11965
-0.22926162553276,0.0843853287445461,0.828642295541186,0,0,1,1,0,0,0,0,1,0,0,0,0,1,0,0,"D",2257,11966
-0.145368658460953,0.0493983397614349,0.709495781810371,0,0,1,1,0,0,0,0,1,0,0,0,0,1,0,0,"D",1072,11967
-0.181984390862517,0.0611749284881431,0.270772078945331,0,0,1,1,0,0,0,0,1,0,0,0,0,1,0,0,"D",1687,11968
-0.175599766552482,0.0589231823295551,0.987806324108246,0,0,1,1,0,0,0,0,1,0,0,0,0,1,0,0,"D",2575,11969
-0.166416018231724,0.0313037447133742,1.05555470526326,0,0,1,1,0,0,0,0,1,0,0,0,0,1,0,0,"D",3006,11970
-0.232264750017579,0.0952755220995312,0.656171758132263,0,0,1,1,0,0,0,0,1,0,0,0,0,1,0,0,"D",3732,11971
-0.189525310402259,0.0399643549619237,0.886915101645171,0,0,1,1,0,0,0,0,1,0,0,0,0,1,0,0,"D",482,11972
-0.166549420082484,0.0878313488702327,0.557721415790253,0,0,1,1,0,0,0,0,1,0,0,0,0,1,0,0,"D",1341,11973
-0.144749977213023,0.0647571973937701,0.682771170601749,0,0,1,1,0,0,0,0,1,0,0,0,0,1,0,0,"D",3204,11974
-0.154909009133013,0.0252221248720758,0.589432351016622,0,0,1,1,0,0,0,0,1,0,0,0,0,1,0,0,"D",1763,11975
-0.196054361389072,0.0791681771664507,0.719682029834515,0,0,1,1,0,0,0,0,1,0,0,0,0,1,0,0,"D",2318,11976
-0.208295829419573,0.097762135511882,0.471595625653767,0,0,1,1,0,0,0,0,1,0,0,0,0,1,0,0,"D",1059,11977
-0.0987458348503623,0.0368289020042927,1.32501383087102,0,0,1,1,0,0,0,0,1,0,0,0,0,1,0,0,"D",1290,11978
-0.242451881206249,0.0758026992253136,0.580525008500137,0,0,1,1,0,0,0,0,1,0,0,0,0,1,0,0,"D",3146,11979
-0.203962200837538,0.0712232532736482,0.722607068008335,0,0,1,1,0,0,0,0,1,0,0,0,0,1,0,0,"D",1594,11980
-0.200037901574546,0.0798291186738573,1.18307565401048,0,0,1,1,0,0,0,0,1,0,0,0,0,1,0,0,"D",2727,11981
-0.196457008957251,0.0939345694537409,0.547859956949658,0,0,1,1,0,0,0,0,1,0,0,0,0,1,0,0,"D",2960,11982
-0.219709082396772,0.0926311925393691,0.371617442923756,0,0,1,1,0,0,0,0,1,0,0,0,0,1,0,0,"D",3738,11983
-0.162641571866873,0.0345947922669737,0.786158845177928,0,0,1,1,0,0,0,0,1,0,0,0,0,1,0,0,"D",1567,11984
-0.147577128523959,0.0232684206405465,0.135072693578834,0,0,1,1,0,0,0,0,1,0,0,0,0,1,0,0,"D",1930,11985
-0.123519907041741,0.0415482897235593,0.706543476395225,0,0,1,1,0,0,0,0,1,0,0,0,0,1,0,0,"D",3714,11986
-0.179419888106112,0.0460656912243186,0.593143418306317,0,0,1,1,0,0,0,0,1,0,0,0,0,1,0,0,"D",435,11987
-0.19440190298071,0.060514728725651,0.958811093665506,0,0,1,1,0,0,0,0,1,0,0,0,0,1,0,0,"D",1461,11988
-0.172967409976952,0.0508811780377818,0.951190146971689,0,0,1,1,0,0,0,0,1,0,0,0,0,1,0,0,"D",2661,11989
-0.161905932835775,0.0298963317019311,0.440558854562292,0,0,1,1,0,0,0,0,1,0,0,0,0,1,0,0,"D",1967,11990
-0.194081177330253,0.0825462841139682,0.615946464225752,0,0,1,1,0,0,0,0,1,0,0,0,0,1,0,0,"D",2087,11991
-0.140478982370483,0.0580324031835651,0.899932678614985,0,0,1,1,0,0,0,0,1,0,0,0,0,1,0,0,"D",2137,11992
-0.147356586770351,0.0524843038444768,0.500440013190487,0,0,1,1,0,0,0,0,1,0,0,0,0,1,0,0,"D",2578,11993
-0.163967638573044,0.0334414626243773,0.475163509371699,0,0,1,1,0,0,0,0,1,0,0,0,0,1,0,0,"D",899,11994
-0.217277199239254,0.0620987101686282,0.579350090788068,0,0,1,1,0,0,0,0,1,0,0,0,0,1,0,0,"D",3030,11995
-0.232931804792565,0.0836508689765222,1.01517518383097,0,0,1,1,0,0,0,0,1,0,0,0,0,1,0,0,"D",2602,11996
-0.184329172032869,0.0822881427045487,0.680448186515813,0,0,1,1,0,0,0,0,1,0,0,0,0,1,0,0,"D",394,11997
-0.176844679638353,0.0411072358585812,0.53938249449539,0,0,1,1,0,0,0,0,1,0,0,0,0,1,0,0,"D",3326,11998
-0.224915201740749,0.0937017300538738,0.475543323096997,0,0,1,1,0,0,0,0,1,0,0,0,0,1,0,0,"D",2240,11999
-0.217217645161612,0.177371361396865,0.280904079821288,0,0,1,1,0,0,0,0,0,1,0,0,0,1,0,0,"C",491,12000
-0.128902793517911,0.0938574169318768,0.33752295058314,0,0,1,1,0,0,0,0,0,1,0,0,0,1,0,0,"C",3721,12001
-0.1786779832674,0.204351615189767,1.11478832768285,0,0,1,1,0,0,0,0,0,1,0,0,0,1,0,0,"C",3402,12002
-0.147488047111948,0.086126389920285,0.586680304187577,0,0,1,1,0,0,0,0,0,1,0,0,0,1,0,0,"C",368,12003
-0.210597100477493,0.194540384556509,1.00730842263663,0,0,1,1,0,0,0,0,0,1,0,0,0,1,0,0,"C",1484,12004
-0.114839178167303,0.125596204515231,-0.157641840460029,0,0,1,1,0,0,0,0,0,1,0,0,0,1,0,0,"C",2487,12005
-0.154387816635328,0.150016571933988,0.230791495282038,0,0,1,1,0,0,0,0,0,1,0,0,0,1,0,0,"C",1608,12006
-0.178840459585638,0.186102960920031,1.02143054907117,0,0,1,1,0,0,0,0,0,1,0,0,0,1,0,0,"C",1462,12007
-0.138923028238398,0.0672512228739622,0.15277383985887,0,0,1,1,0,0,0,0,0,1,0,0,0,1,0,0,"C",3495,12008
-0.199433433969592,0.205506812776825,1.31258456932137,0,0,1,1,0,0,0,0,0,1,0,0,0,1,0,0,"C",3583,12009
-0.171908402173388,0.105794679660681,-0.33698109698739,0,0,1,1,0,0,0,0,0,1,0,0,0,1,0,0,"C",1747,12010
-0.206263450957204,0.179426621623993,0.505317989946517,0,0,1,1,0,0,0,0,0,1,0,0,0,1,0,0,"C",344,12011
-0.192157717839734,0.143143887811424,1.25800070929336,0,0,1,1,0,0,0,0,0,1,0,0,0,1,0,0,"C",3343,12012
-0.0868208122130051,0.114427101709689,0.815102917848657,0,0,1,1,0,0,0,0,0,1,0,0,0,1,0,0,"C",2191,12013
-0.152533907700388,0.154311740049084,0.175410599114034,0,0,1,1,0,0,0,0,0,1,0,0,0,1,0,0,"C",2986,12014
-0.25568774250378,0.20419566271064,0.184799891431492,0,0,1,1,0,0,0,0,0,1,0,0,0,1,0,0,"C",3527,12015
-0.240142336802852,0.223271770453828,1.02428753211316,0,0,1,1,0,0,0,0,0,1,0,0,0,1,0,0,"C",3748,12016
-0.287341310246202,0.189288423951455,1.6756416415273,0,0,1,1,0,0,0,0,0,1,0,0,0,1,0,0,"C",930,12017
-0.194353065974681,0.105796051217515,0.0560349963828247,0,0,1,1,0,0,0,0,0,1,0,0,0,1,0,0,"C",1560,12018
-0.131741739795399,0.105650792950205,0.518130950371776,0,0,1,1,0,0,0,0,0,1,0,0,0,1,0,0,"C",1549,12019
-0.17763262214741,0.161925032443509,0.918881784322906,0,0,1,1,0,0,0,0,0,1,0,0,0,1,0,0,"C",3423,12020
-0.20793482529329,0.128747752783992,-0.307738578898926,0,0,1,1,0,0,0,0,0,1,0,0,0,1,0,0,"C",3464,12021
-0.187232018919665,0.184267590647904,1.05587780472617,0,0,1,1,0,0,0,0,0,1,0,0,0,1,0,0,"C",1646,12022
-0.165214950172005,0.0851489067412494,-0.449828988690798,0,0,1,1,0,0,0,0,0,1,0,0,0,1,0,0,"C",2823,12023
-0.271003919397101,0.245441572543883,0.576753073501464,0,0,1,1,0,0,0,0,0,1,0,0,0,1,0,0,"C",2022,12024
-0.229889320181617,0.225175607385956,1.45357912079956,0,0,1,1,0,0,0,0,0,1,0,0,0,1,0,0,"C",1255,12025
-0.144716189890342,0.137285220732302,0.89711051970343,0,0,1,1,0,0,0,0,0,1,0,0,0,1,0,0,"C",1691,12026
-0.179130086125798,0.16061365996991,0.373246202255972,0,0,1,1,0,0,0,0,0,1,0,0,0,1,0,0,"C",3414,12027
-0.195961762975854,0.146115437678327,-0.0343609186180402,0,0,1,1,0,0,0,0,0,1,0,0,0,1,0,0,"C",1362,12028
-0.129341331082826,0.107501578786883,1.29892364587158,0,0,1,1,0,0,0,0,0,1,0,0,0,1,0,0,"C",2845,12029
-0.204116187489546,0.150549957232372,0.544848260362309,0,0,1,1,0,0,0,0,0,1,0,0,0,1,0,0,"C",2333,12030
-0.179117393311019,0.113960023563043,0.165668328805332,0,0,1,1,0,0,0,0,0,1,0,0,0,1,0,0,"C",2005,12031
-0.187518278091768,0.152416878479154,1.16367189687946,0,0,1,1,0,0,0,0,0,1,0,0,0,1,0,0,"C",2937,12032
-0.166362327734998,0.188315340963508,1.13849913882774,0,0,1,1,0,0,0,0,0,1,0,0,0,1,0,0,"C",1628,12033
-0.165210353422319,0.10867191837379,0.132573839375896,0,0,1,1,0,0,0,0,0,1,0,0,0,1,0,0,"C",3122,12034
-0.221437178335781,0.148646702719254,-0.252501917506221,0,0,1,1,0,0,0,0,0,1,0,0,0,1,0,0,"C",666,12035
-0.227696271655548,0.154958082819214,0.770062701248262,0,0,1,1,0,0,0,0,0,1,0,0,0,1,0,0,"C",1125,12036
-0.221196457391409,0.199482842955936,0.815428285237659,0,0,1,1,0,0,0,0,0,1,0,0,0,1,0,0,"C",33,12037
-0.251062796036152,0.134930345191699,0.306509678983723,0,0,1,1,0,0,0,0,0,1,0,0,0,1,0,0,"C",1671,12038
-0.133512541997674,0.181634765612131,0.816468486252824,0,0,1,1,0,0,0,0,0,1,0,0,0,1,0,0,"C",2714,12039
-0.175474420938381,0.126528424186467,-0.0527527048736385,0,0,1,1,0,0,0,0,0,1,0,0,0,1,0,0,"C",946,12040
-0.202927917317697,0.130235988995561,0.285424541452242,0,0,1,1,0,0,0,0,0,1,0,0,0,1,0,0,"C",2718,12041
-0.327368286366465,0.233123968082559,0.538968435389834,0,0,1,1,0,0,0,0,0,1,0,0,0,1,0,0,"C",2372,12042
-0.231878384191143,0.130121706406708,0.0130499255548589,0,0,1,1,0,0,0,0,0,1,0,0,0,1,0,0,"C",1117,12043
-0.124312855884314,0.113523622284457,0.807514551204614,0,0,1,1,0,0,0,0,0,1,0,0,0,1,0,0,"C",3186,12044
-0.108769857677451,0.0467622387686163,0.270803002789518,0,0,1,1,0,0,0,0,0,1,0,0,0,1,0,0,"C",2648,12045
-0.172617216127631,0.135606937097935,1.04867412765564,0,0,1,1,0,0,0,0,0,1,0,0,0,1,0,0,"C",3379,12046
-0.194595006138656,0.111541698749579,1.16156782121359,0,0,1,1,0,0,0,0,0,1,0,0,0,1,0,0,"C",2742,12047
-0.235651433770941,0.149257489880963,0.405700743248748,0,0,1,1,0,0,0,0,0,1,0,0,0,1,0,0,"C",2336,12048
-0.154718599484181,0.106081046846539,-0.0896361271383174,0,0,1,1,0,0,0,0,0,1,0,0,0,1,0,0,"C",267,12049
-0.197123470755874,0.108505357191508,0.878996108909438,0,0,1,1,0,0,0,0,0,1,0,0,0,1,0,0,"C",1359,12050
-0.172033495519311,0.150312927588572,0.616167114682872,0,0,1,1,0,0,0,0,0,1,0,0,0,1,0,0,"C",1441,12051
-0.197682055717444,0.117077338836776,0.205915040048977,0,0,1,1,0,0,0,0,0,1,0,0,0,1,0,0,"C",1962,12052
-0.242477184609076,0.162390145061534,0.909394817344932,0,0,1,1,0,0,0,0,0,1,0,0,0,1,0,0,"C",3717,12053
-0.197632009196891,0.159817727796321,0.399032750627852,0,0,1,1,0,0,0,0,0,1,0,0,0,1,0,0,"C",347,12054
-0.296161375078434,0.221223744024555,1.15681581621429,0,0,1,1,0,0,0,0,0,1,0,0,0,1,0,0,"C",2090,12055
-0.282822479565727,0.258608230362055,1.08380137066322,0,0,1,1,0,0,0,0,0,1,0,0,0,1,0,0,"C",3406,12056
-0.178554839609855,0.118887141323663,1.1778631540763,0,0,1,1,0,0,0,0,0,1,0,0,0,1,0,0,"C",2061,12057
-0.170709164397257,0.185654884209999,0.971022706395267,0,0,1,1,0,0,0,0,0,1,0,0,0,1,0,0,"C",3699,12058
-0.163122004993524,0.134197388641747,0.201467771162143,0,0,1,1,0,0,0,0,0,1,0,0,0,1,0,0,"C",1385,12059
-0.152499979268499,0.154580448342192,1.00713153316167,0,0,1,1,0,0,0,0,0,1,0,0,0,1,0,0,"C",729,12060
-0.177647264940467,0.165024625417278,0.949480141375714,0,0,1,1,0,0,0,0,0,1,0,0,0,1,0,0,"C",712,12061
-0.21693050861496,0.167941012743388,1.88098071582253,0,0,1,1,0,0,0,0,0,1,0,0,0,1,0,0,"C",656,12062
-0.186738361719346,0.140454957281141,0.38083228766153,0,0,1,1,0,0,0,0,0,1,0,0,0,1,0,0,"C",1397,12063
-0.16965115120338,0.0966796096574223,0.663935688207873,0,0,1,1,0,0,0,0,0,1,0,0,0,1,0,0,"C",2074,12064
-0.197398881576254,0.119927230395551,-0.35732307707495,0,0,1,1,0,0,0,0,0,1,0,0,0,1,0,0,"C",857,12065
-0.207808872304572,0.107625404164797,0.0359410152858202,0,0,1,1,0,0,0,0,0,1,0,0,0,1,0,0,"C",2257,12066
-0.122446072587327,-0.00454850194614943,-0.0667045070786576,0,0,1,1,0,0,0,0,0,1,0,0,0,1,0,0,"C",1072,12067
-0.266578514413653,0.210586867704938,0.408711801654972,0,0,1,1,0,0,0,0,0,1,0,0,0,1,0,0,"C",1687,12068
-0.222413277911296,0.230830224628946,1.70791402588318,0,0,1,1,0,0,0,0,0,1,0,0,0,1,0,0,"C",2575,12069
-0.161681431992138,0.128287300492783,0.506383887200544,0,0,1,1,0,0,0,0,0,1,0,0,0,1,0,0,"C",3006,12070
-0.225711627791892,0.192700963776734,1.13060913747362,0,0,1,1,0,0,0,0,0,1,0,0,0,1,0,0,"C",3732,12071
-0.115985097497638,0.0796518793432547,-0.273363357453128,0,0,1,1,0,0,0,0,0,1,0,0,0,1,0,0,"C",482,12072
-0.211626768942952,0.117212503489434,0.637280073628941,0,0,1,1,0,0,0,0,0,1,0,0,0,1,0,0,"C",1341,12073
-0.196003462082729,0.168419774746426,0.671674665101537,0,0,1,1,0,0,0,0,0,1,0,0,0,1,0,0,"C",3204,12074
-0.0479783714040764,0.0528152775573756,-0.192611805620331,0,0,1,1,0,0,0,0,0,1,0,0,0,1,0,0,"C",1763,12075
-0.194662697244652,0.0964702153394149,1.48574112832733,0,0,1,1,0,0,0,0,0,1,0,0,0,1,0,0,"C",2318,12076
-0.0772218355935609,0.106089287752702,0.372787163904812,0,0,1,1,0,0,0,0,0,1,0,0,0,1,0,0,"C",1059,12077
-0.213218171763897,0.137578667048404,0.967449992175289,0,0,1,1,0,0,0,0,0,1,0,0,0,1,0,0,"C",1290,12078
-0.14666037293877,0.0811817410310676,0.256747159930199,0,0,1,1,0,0,0,0,0,1,0,0,0,1,0,0,"C",3146,12079
-0.184986036798417,0.110434950786462,1.25297837870923,0,0,1,1,0,0,0,0,0,1,0,0,0,1,0,0,"C",1594,12080
-0.179933839678562,0.193524627455855,0.62788895420011,0,0,1,1,0,0,0,0,0,1,0,0,0,1,0,0,"C",2727,12081
-0.162087391828106,0.0926364830666569,0.304066046414705,0,0,1,1,0,0,0,0,0,1,0,0,0,1,0,0,"C",2960,12082
-0.201604708352851,0.105782167516795,0.588663808404661,0,0,1,1,0,0,0,0,0,1,0,0,0,1,0,0,"C",3738,12083
-0.238784285149012,0.158702656569001,0.933513834661911,0,0,1,1,0,0,0,0,0,1,0,0,0,1,0,0,"C",1567,12084
-0.253675440184257,0.194167404806905,0.848239503902649,0,0,1,1,0,0,0,0,0,1,0,0,0,1,0,0,"C",1930,12085
-0.213347969011819,0.169515387387226,0.99674108278701,0,0,1,1,0,0,0,0,0,1,0,0,0,1,0,0,"C",3714,12086
-0.234247586922091,0.161845396374734,0.200964250459365,0,0,1,1,0,0,0,0,0,1,0,0,0,1,0,0,"C",435,12087
-0.246902062718482,0.168598718438243,0.38186977921954,0,0,1,1,0,0,0,0,0,1,0,0,0,1,0,0,"C",1461,12088
-0.197655623193062,0.12522653497129,1.11602907863088,0,0,1,1,0,0,0,0,0,1,0,0,0,1,0,0,"C",2661,12089
-0.245762163466776,0.10341987402036,-0.209434265157644,0,0,1,1,0,0,0,0,0,1,0,0,0,1,0,0,"C",1967,12090
-0.154840835809761,0.122478411850925,1.07276666178334,0,0,1,1,0,0,0,0,0,1,0,0,0,1,0,0,"C",2087,12091
-0.201199326777655,0.0821421291139799,1.28982237275522,0,0,1,1,0,0,0,0,0,1,0,0,0,1,0,0,"C",2137,12092
-0.187278526484973,0.133468829866496,0.228251358378764,0,0,1,1,0,0,0,0,0,1,0,0,0,1,0,0,"C",2578,12093
-0.0868227842985868,0.0651448376704996,0.19386536241195,0,0,1,1,0,0,0,0,0,1,0,0,0,1,0,0,"C",899,12094
-0.163405696694785,0.0803883622836261,0.793570612319775,0,0,1,1,0,0,0,0,0,1,0,0,0,1,0,0,"C",3030,12095
-0.230685485362785,0.198587671734024,1.08980496293584,0,0,1,1,0,0,0,0,0,1,0,0,0,1,0,0,"C",2602,12096
-0.210575427490597,0.187011531412877,1.11457450204636,0,0,1,1,0,0,0,0,0,1,0,0,0,1,0,0,"C",394,12097
-0.153167336796877,0.177715511906187,1.26662937549693,0,0,1,1,0,0,0,0,0,1,0,0,0,1,0,0,"C",3326,12098
-0.206068925638254,0.105462137813888,0.877871762922429,0,0,1,1,0,0,0,0,0,1,0,0,0,1,0,0,"C",2240,12099
-0.15055014891079,0.109930940488067,0.140431462797542,0,0,1,1,0,0,0,0,0,1,0,0,0,1,0,0,"D",491,12100
-0.233795673469369,0.181373827710452,0.923300373676629,0,0,1,1,0,0,0,0,0,1,0,0,0,1,0,0,"D",3721,12101
-0.138071260767943,0.101971838643582,1.73618811228302,0,0,1,1,0,0,0,0,0,1,0,0,0,1,0,0,"D",3402,12102
-0.223811963236133,0.0956923809606558,1.1251682836104,0,0,1,1,0,0,0,0,0,1,0,0,0,1,0,0,"D",368,12103
-0.107688537730337,0.0642609238816175,2.14573912021579,0,0,1,1,0,0,0,0,0,1,0,0,0,1,0,0,"D",1484,12104
-0.199541972187129,0.15088910479771,1.92948600368392,0,0,1,1,0,0,0,0,0,1,0,0,0,1,0,0,"D",2487,12105
-0.193423882517648,0.0608380396046187,0.327198505413007,0,0,1,1,0,0,0,0,0,1,0,0,0,1,0,0,"D",1608,12106
-0.129867869307952,0.0919318742357123,-0.54403341026116,0,0,1,1,0,0,0,0,0,1,0,0,0,1,0,0,"D",1462,12107
-0.131300340314507,0.166282651590825,0.528813509525299,0,0,1,1,0,0,0,0,0,1,0,0,0,1,0,0,"D",3495,12108
-0.216135332575432,0.222032498844322,1.36570772803852,0,0,1,1,0,0,0,0,0,1,0,0,0,1,0,0,"D",3583,12109
-0.106195444472537,0.0842016166153979,2.28062372331373,0,0,1,1,0,0,0,0,0,1,0,0,0,1,0,0,"D",1747,12110
-0.215883955958428,0.162322936548826,-1.61645031475659,0,0,1,1,0,0,0,0,0,1,0,0,0,1,0,0,"D",344,12111
-0.140319253669945,0.070881942581425,2.35331096820106,0,0,1,1,0,0,0,0,0,1,0,0,0,1,0,0,"D",3343,12112
-0.195182098282088,0.106757524129262,0.481496334988571,0,0,1,1,0,0,0,0,0,1,0,0,0,1,0,0,"D",2191,12113
-0.216263942630228,0.217500045486385,-1.10447642448224,0,0,1,1,0,0,0,0,0,1,0,0,0,1,0,0,"D",2986,12114
-0.122556254356437,0.0543623018927591,1.84799555600882,0,0,1,1,0,0,0,0,0,1,0,0,0,1,0,0,"D",3527,12115
-0.21532393416777,0.159563925763784,0.884919912611432,0,0,1,1,0,0,0,0,0,1,0,0,0,1,0,0,"D",3748,12116
-0.248213242349266,0.170029317499568,1.00314468815738,0,0,1,1,0,0,0,0,0,1,0,0,0,1,0,0,"D",930,12117
-0.105185652501844,0.0791737962783089,-0.154420411826156,0,0,1,1,0,0,0,0,0,1,0,0,0,1,0,0,"D",1560,12118
-0.25106724394191,0.196003735075275,1.11289933633637,0,0,1,1,0,0,0,0,0,1,0,0,0,1,0,0,"D",1549,12119
-0.160246276898613,0.109770643301148,-0.182774277041523,0,0,1,1,0,0,0,0,0,1,0,0,0,1,0,0,"D",3423,12120
-0.1453464913566,0.125899864826551,1.62451088901012,0,0,1,1,0,0,0,0,0,1,0,0,0,1,0,0,"D",3464,12121
-0.227075366824529,0.128805486566443,1.50712968409944,0,0,1,1,0,0,0,0,0,1,0,0,0,1,0,0,"D",1646,12122
-0.110856484824499,0.0853302731022594,0.724459887425412,0,0,1,1,0,0,0,0,0,1,0,0,0,1,0,0,"D",2823,12123
-0.278179135547444,0.215586313909754,-0.120942988279855,0,0,1,1,0,0,0,0,0,1,0,0,0,1,0,0,"D",2022,12124
-0.205184261145239,0.179029777635921,-0.443290197770028,0,0,1,1,0,0,0,0,0,1,0,0,0,1,0,0,"D",1255,12125
-0.15973186459633,0.138879622338127,1.05523022980162,0,0,1,1,0,0,0,0,0,1,0,0,0,1,0,0,"D",1691,12126
-0.245753920234021,0.200947993825664,-0.604244104094668,0,0,1,1,0,0,0,0,0,1,0,0,0,1,0,0,"D",3414,12127
-0.132446137385887,0.0730815597919811,1.69893620151787,0,0,1,1,0,0,0,0,0,1,0,0,0,1,0,0,"D",1362,12128
-0.110312702178991,0.106636720129632,0.585236527077913,0,0,1,1,0,0,0,0,0,1,0,0,0,1,0,0,"D",2845,12129
-0.230653397219309,0.207282263982526,0.991300470155541,0,0,1,1,0,0,0,0,0,1,0,0,0,1,0,0,"D",2333,12130
-0.136538937017019,0.13257680195154,0.758788769659421,0,0,1,1,0,0,0,0,0,1,0,0,0,1,0,0,"D",2005,12131
-0.18902976446367,0.098627835275246,-0.0490130880532386,0,0,1,1,0,0,0,0,0,1,0,0,0,1,0,0,"D",2937,12132
-0.247173628325656,0.207910827192662,-0.275709695806851,0,0,1,1,0,0,0,0,0,1,0,0,0,1,0,0,"D",1628,12133
-0.175376066182136,0.0612611683500863,0.17511725141235,0,0,1,1,0,0,0,0,0,1,0,0,0,1,0,0,"D",3122,12134
-0.0873043956080253,0.073208889715648,-0.0956685061256569,0,0,1,1,0,0,0,0,0,1,0,0,0,1,0,0,"D",666,12135
-0.22907248966759,0.168921979393922,1.77355436163274,0,0,1,1,0,0,0,0,0,1,0,0,0,1,0,0,"D",1125,12136
-0.102948457578347,0.0764512111365118,0.965053461690823,0,0,1,1,0,0,0,0,0,1,0,0,0,1,0,0,"D",33,12137
-0.157331515540223,0.118840399886688,1.97521660806119,0,0,1,1,0,0,0,0,0,1,0,0,0,1,0,0,"D",1671,12138
-0.132597824416846,0.0534797823821251,1.60895252069937,0,0,1,1,0,0,0,0,0,1,0,0,0,1,0,0,"D",2714,12139
-0.16051355870696,0.185137513038835,-1.286703811233,0,0,1,1,0,0,0,0,0,1,0,0,0,1,0,0,"D",946,12140
-0.14496966311819,0.113539451177557,1.08652167283578,0,0,1,1,0,0,0,0,0,1,0,0,0,1,0,0,"D",2718,12141
-0.163043704898075,0.139967005806189,0.181928309972219,0,0,1,1,0,0,0,0,0,1,0,0,0,1,0,0,"D",2372,12142
-0.130027014707963,0.0919553316145618,1.1059137978676,0,0,1,1,0,0,0,0,0,1,0,0,0,1,0,0,"D",1117,12143
-0.137598005196874,0.120127866310809,2.08690355947663,0,0,1,1,0,0,0,0,0,1,0,0,0,1,0,0,"D",3186,12144
-0.205723502946072,0.0661778678359,0.0166134743022333,0,0,1,1,0,0,0,0,0,1,0,0,0,1,0,0,"D",2648,12145
-0.118423730022898,0.0919800774270686,1.98350658121273,0,0,1,1,0,0,0,0,0,1,0,0,0,1,0,0,"D",3379,12146
-0.146603157299632,0.154140961879097,1.83421406629753,0,0,1,1,0,0,0,0,0,1,0,0,0,1,0,0,"D",2742,12147
-0.304124459036811,0.258565838781352,-0.604458709555534,0,0,1,1,0,0,0,0,0,1,0,0,0,1,0,0,"D",2336,12148
-0.221086590873884,0.141810591320064,1.22251809784881,0,0,1,1,0,0,0,0,0,1,0,0,0,1,0,0,"D",267,12149
-0.145661977966782,0.106942251429076,1.45281652927796,0,0,1,1,0,0,0,0,0,1,0,0,0,1,0,0,"D",1359,12150
-0.138282165713582,0.0681414200262815,0.353285739356566,0,0,1,1,0,0,0,0,0,1,0,0,0,1,0,0,"D",1441,12151
-0.0877367384754613,0.0531982511853952,-0.488659887908944,0,0,1,1,0,0,0,0,0,1,0,0,0,1,0,0,"D",1962,12152
-0.159636238123449,0.0951600523918623,0.928221647441616,0,0,1,1,0,0,0,0,0,1,0,0,0,1,0,0,"D",3717,12153
-0.207547054536011,0.157475443943854,1.29742770575262,0,0,1,1,0,0,0,0,0,1,0,0,0,1,0,0,"D",347,12154
-0.179190887490151,0.140549936454051,0.708015607734479,0,0,1,1,0,0,0,0,0,1,0,0,0,1,0,0,"D",2090,12155
-0.151127247913552,0.111610579155459,0.44220387068589,0,0,1,1,0,0,0,0,0,1,0,0,0,1,0,0,"D",3406,12156
-0.204726233463242,0.122249665168938,0.521163377304371,0,0,1,1,0,0,0,0,0,1,0,0,0,1,0,0,"D",2061,12157
-0.210337257536964,0.128131307077183,1.40271371929697,0,0,1,1,0,0,0,0,0,1,0,0,0,1,0,0,"D",3699,12158
-0.124234266134988,0.0690028164005529,0.237219324132546,0,0,1,1,0,0,0,0,0,1,0,0,0,1,0,0,"D",1385,12159
-0.195425874122583,0.189004650050521,1.42604743125337,0,0,1,1,0,0,0,0,0,1,0,0,0,1,0,0,"D",729,12160
-0.229057224496469,0.201496989452361,1.12937367174355,0,0,1,1,0,0,0,0,0,1,0,0,0,1,0,0,"D",712,12161
-0.217642632277432,0.138082252534828,1.1563432487602,0,0,1,1,0,0,0,0,0,1,0,0,0,1,0,0,"D",656,12162
-0.304448458670035,0.253766370059419,0.443045390915748,0,0,1,1,0,0,0,0,0,1,0,0,0,1,0,0,"D",1397,12163
-0.197580853744002,0.160759898851941,0.167610931689059,0,0,1,1,0,0,0,0,0,1,0,0,0,1,0,0,"D",2074,12164
-0.062923809131455,0.0934476044100796,0.0801115692091137,0,0,1,1,0,0,0,0,0,1,0,0,0,1,0,0,"D",857,12165
-0.193187944719922,0.143796095996419,0.611096095756146,0,0,1,1,0,0,0,0,0,1,0,0,0,1,0,0,"D",2257,12166
-0.116431232808543,0.0296397322447543,-0.382445886646122,0,0,1,1,0,0,0,0,0,1,0,0,0,1,0,0,"D",1072,12167
-0.169743757149371,0.112971147079765,-0.00829872302944298,0,0,1,1,0,0,0,0,0,1,0,0,0,1,0,0,"D",1687,12168
-0.132608578003745,0.0695326728985164,1.10694527143458,0,0,1,1,0,0,0,0,0,1,0,0,0,1,0,0,"D",2575,12169
-0.186701593794257,0.0989857839031487,-0.686193393826073,0,0,1,1,0,0,0,0,0,1,0,0,0,1,0,0,"D",3006,12170
-0.128246045894199,0.11372879762012,0.140472906074907,0,0,1,1,0,0,0,0,0,1,0,0,0,1,0,0,"D",3732,12171
-0.151235546127227,0.0761391188167241,1.158455908161,0,0,1,1,0,0,0,0,0,1,0,0,0,1,0,0,"D",482,12172
-0.209702587912573,0.230551615582393,-1.26003681928946,0,0,1,1,0,0,0,0,0,1,0,0,0,1,0,0,"D",1341,12173
-0.131577117248069,0.062799629464463,-0.84231820842319,0,0,1,1,0,0,0,0,0,1,0,0,0,1,0,0,"D",3204,12174
-0.126524486894846,0.093798350434902,0.581959644112004,0,0,1,1,0,0,0,0,0,1,0,0,0,1,0,0,"D",1763,12175
-0.121610191720804,0.109922292311783,0.501522231523876,0,0,1,1,0,0,0,0,0,1,0,0,0,1,0,0,"D",2318,12176
-0.130188459597327,0.118114777698551,0.69246132399888,0,0,1,1,0,0,0,0,0,1,0,0,0,1,0,0,"D",1059,12177
-0.171975137965752,0.115363766155404,-1.40612111629389,0,0,1,1,0,0,0,0,0,1,0,0,0,1,0,0,"D",1290,12178
-0.22091401451204,0.138437452165431,1.08384133309797,0,0,1,1,0,0,0,0,0,1,0,0,0,1,0,0,"D",3146,12179
-0.114920877226519,0.0872006816101131,1.82624473342737,0,0,1,1,0,0,0,0,0,1,0,0,0,1,0,0,"D",1594,12180
-0.217129219991672,0.190807271371899,-2.7765222803767,0,0,1,1,0,0,0,0,0,1,0,0,0,1,0,0,"D",2727,12181
-0.156500415015696,0.101428941540702,1.68778349837815,0,0,1,1,0,0,0,0,0,1,0,0,0,1,0,0,"D",2960,12182
-0.156600363694779,0.136591993936366,1.13769634688605,0,0,1,1,0,0,0,0,0,1,0,0,0,1,0,0,"D",3738,12183
-0.214115020911829,0.194614102083643,2.49679377212265,0,0,1,1,0,0,0,0,0,1,0,0,0,1,0,0,"D",1567,12184
-0.123529013121295,0.0610373135125148,1.49364972013925,0,0,1,1,0,0,0,0,0,1,0,0,0,1,0,0,"D",1930,12185
-0.11939241258269,0.0829129044513734,0.543446572702369,0,0,1,1,0,0,0,0,0,1,0,0,0,1,0,0,"D",3714,12186
-0.13715559757537,0.125254742972786,1.17950916086824,0,0,1,1,0,0,0,0,0,1,0,0,0,1,0,0,"D",435,12187
-0.148685130274448,0.101382721019617,1.67226695555083,0,0,1,1,0,0,0,0,0,1,0,0,0,1,0,0,"D",1461,12188
-0.195894224265894,0.123801354278361,0.484443567735017,0,0,1,1,0,0,0,0,0,1,0,0,0,1,0,0,"D",2661,12189
-0.211347202991216,0.164354838954132,2.42467126173244,0,0,1,1,0,0,0,0,0,1,0,0,0,1,0,0,"D",1967,12190
-0.168625744804717,0.139948984441168,0.875780039843455,0,0,1,1,0,0,0,0,0,1,0,0,0,1,0,0,"D",2087,12191
-0.143467455657713,0.0921970432511657,-0.255096760403033,0,0,1,1,0,0,0,0,0,1,0,0,0,1,0,0,"D",2137,12192
-0.230042144042451,0.246540660554858,1.53577298909774,0,0,1,1,0,0,0,0,0,1,0,0,0,1,0,0,"D",2578,12193
-0.231074916021167,0.149548009349917,1.30708674924729,0,0,1,1,0,0,0,0,0,1,0,0,0,1,0,0,"D",899,12194
-0.305852711257754,0.247966265870127,-1.71047156546589,0,0,1,1,0,0,0,0,0,1,0,0,0,1,0,0,"D",3030,12195
-0.204313425041758,0.186677116439451,1.82700732943717,0,0,1,1,0,0,0,0,0,1,0,0,0,1,0,0,"D",2602,12196
-0.110054800904864,0.0684306264133128,-0.234396692487097,0,0,1,1,0,0,0,0,0,1,0,0,0,1,0,0,"D",394,12197
-0.143853522163241,0.156791041413454,1.46330967618148,0,0,1,1,0,0,0,0,0,1,0,0,0,1,0,0,"D",3326,12198
-0.287999582379145,0.227323450782312,-0.601301275317471,0,0,1,1,0,0,0,0,0,1,0,0,0,1,0,0,"D",2240,12199
-0.168140242133959,0.14559620876999,0.813773496979637,0,0,1,1,0,0,0,0,0,0,0,0,1,1,0,0,"C",491,12200
-0.190830760609553,0.163885525102051,0.762275676085056,0,0,1,1,0,0,0,0,0,0,0,0,1,1,0,0,"C",3721,12201
-0.176200816824398,0.124629290361542,0.317433433407668,0,0,1,1,0,0,0,0,0,0,0,0,1,1,0,0,"C",3402,12202
-0.15183132444767,0.10310218156908,0.711026313887187,0,0,1,1,0,0,0,0,0,0,0,0,1,1,0,0,"C",368,12203
-0.176579178167207,0.130164011967153,0.21703861440092,0,0,1,1,0,0,0,0,0,0,0,0,1,1,0,0,"C",1484,12204
-0.230814603985131,0.213497009588349,0.837278826394036,0,0,1,1,0,0,0,0,0,0,0,0,1,1,0,0,"C",2487,12205
-0.222385685012738,0.144860156473287,-0.295172498522009,0,0,1,1,0,0,0,0,0,0,0,0,1,1,0,0,"C",1608,12206
-0.179416200886208,0.0958432888956887,-0.713569607330795,0,0,1,1,0,0,0,0,0,0,0,0,1,1,0,0,"C",1462,12207
-0.183268145150701,0.023223862135614,-1.56582587420922,0,0,1,1,0,0,0,0,0,0,0,0,1,1,0,0,"C",3495,12208
-0.196445427304417,0.210576175981675,1.17624705148548,0,0,1,1,0,0,0,0,0,0,0,0,1,1,0,0,"C",3583,12209
-0.184714855421124,0.154731377075099,0.0960893030555882,0,0,1,1,0,0,0,0,0,0,0,0,1,1,0,0,"C",1747,12210
-0.218981539946823,0.149140532979924,-0.0585159843585358,0,0,1,1,0,0,0,0,0,0,0,0,1,1,0,0,"C",344,12211
-0.238005038411583,0.211967674906081,0.632046594183877,0,0,1,1,0,0,0,0,0,0,0,0,1,1,0,0,"C",3343,12212
-0.133717987081199,0.0877082470598326,1.11468608787053,0,0,1,1,0,0,0,0,0,0,0,0,1,1,0,0,"C",2191,12213
-0.187121090425913,0.159022967548594,1.25607141952458,0,0,1,1,0,0,0,0,0,0,0,0,1,1,0,0,"C",2986,12214
-0.207473715472655,0.12994185278716,0.489827187089376,0,0,1,1,0,0,0,0,0,0,0,0,1,1,0,0,"C",3527,12215
-0.214280826925274,0.14424778835662,-0.347213597779298,0,0,1,1,0,0,0,0,0,0,0,0,1,1,0,0,"C",3748,12216
-0.212132003079027,0.212983496056183,0.533458817792696,0,0,1,1,0,0,0,0,0,0,0,0,1,1,0,0,"C",930,12217
-0.198598878527196,0.11996399097954,-0.122814145471107,0,0,1,1,0,0,0,0,0,0,0,0,1,1,0,0,"C",1560,12218
-0.197638349812635,0.170399916032975,0.882173584719811,0,0,1,1,0,0,0,0,0,0,0,0,1,1,0,0,"C",1549,12219
-0.167347651557334,0.111514318714833,1.26466901580832,0,0,1,1,0,0,0,0,0,0,0,0,1,1,0,0,"C",3423,12220
-0.240360898965199,0.152983929208188,0.181506891592268,0,0,1,1,0,0,0,0,0,0,0,0,1,1,0,0,"C",3464,12221
-0.140910977838984,0.110680661830566,1.41912787668953,0,0,1,1,0,0,0,0,0,0,0,0,1,1,0,0,"C",1646,12222
-0.209832221461116,0.155250551832068,0.181354011284217,0,0,1,1,0,0,0,0,0,0,0,0,1,1,0,0,"C",2823,12223
-0.143241342109931,0.10218813616455,-0.120875863651801,0,0,1,1,0,0,0,0,0,0,0,0,1,1,0,0,"C",2022,12224
-0.216144920452542,0.200775584826414,0.442860389265327,0,0,1,1,0,0,0,0,0,0,0,0,1,1,0,0,"C",1255,12225
-0.239029213090657,0.193769556144737,0.273753907135706,0,0,1,1,0,0,0,0,0,0,0,0,1,1,0,0,"C",1691,12226
-0.184691262337259,0.0823383273013417,-0.826315648474939,0,0,1,1,0,0,0,0,0,0,0,0,1,1,0,0,"C",3414,12227
-0.242401161943777,0.186309187339799,0.665522439715925,0,0,1,1,0,0,0,0,0,0,0,0,1,1,0,0,"C",1362,12228
-0.168582972994394,0.144711771796658,1.15448410572673,0,0,1,1,0,0,0,0,0,0,0,0,1,1,0,0,"C",2845,12229
-0.203766951021104,0.15097036661211,0.141498729915433,0,0,1,1,0,0,0,0,0,0,0,0,1,1,0,0,"C",2333,12230
-0.177952683896898,0.147288915341876,0.828891902691397,0,0,1,1,0,0,0,0,0,0,0,0,1,1,0,0,"C",2005,12231
-0.158843850612491,0.121972996394495,1.09275265362237,0,0,1,1,0,0,0,0,0,0,0,0,1,1,0,0,"C",2937,12232
-0.141312044682284,0.100231201174732,-0.481310861482146,0,0,1,1,0,0,0,0,0,0,0,0,1,1,0,0,"C",1628,12233
-0.182008096339066,0.140936485604547,0.850620378652362,0,0,1,1,0,0,0,0,0,0,0,0,1,1,0,0,"C",3122,12234
-0.145011887409344,0.137107057325868,0.237397414633744,0,0,1,1,0,0,0,0,0,0,0,0,1,1,0,0,"C",666,12235
-0.248380910499633,0.188941913636728,0.852275784938017,0,0,1,1,0,0,0,0,0,0,0,0,1,1,0,0,"C",1125,12236
-0.0947104300243274,0.0915754953384328,1.23589345396459,0,0,1,1,0,0,0,0,0,0,0,0,1,1,0,0,"C",33,12237
-0.215021150369287,0.146994401331082,-0.0579677206368255,0,0,1,1,0,0,0,0,0,0,0,0,1,1,0,0,"C",1671,12238
-0.158716087468853,0.0776039768316331,0.099498290102096,0,0,1,1,0,0,0,0,0,0,0,0,1,1,0,0,"C",2714,12239
-0.271097928928541,0.258848322056016,0.783558721420344,0,0,1,1,0,0,0,0,0,0,0,0,1,1,0,0,"C",946,12240
-0.180379221976193,0.132259959853324,0.496371699202775,0,0,1,1,0,0,0,0,0,0,0,0,1,1,0,0,"C",2718,12241
-0.224367750035374,0.200709388379045,0.666481578337438,0,0,1,1,0,0,0,0,0,0,0,0,1,1,0,0,"C",2372,12242
-0.127531628041633,0.136448818460733,0.912999607080782,0,0,1,1,0,0,0,0,0,0,0,0,1,1,0,0,"C",1117,12243
-0.208661190967821,0.152322596688241,1.1165309230488,0,0,1,1,0,0,0,0,0,0,0,0,1,1,0,0,"C",3186,12244
-0.127082321568322,0.0316271289312448,-0.788603772182673,0,0,1,1,0,0,0,0,0,0,0,0,1,1,0,0,"C",2648,12245
-0.238100383313073,0.156047953786854,-0.175861081206384,0,0,1,1,0,0,0,0,0,0,0,0,1,1,0,0,"C",3379,12246
-0.182007591319354,0.146223415473276,1.33201767667904,0,0,1,1,0,0,0,0,0,0,0,0,1,1,0,0,"C",2742,12247
-0.153357328390167,0.112143913862031,0.7181137928691,0,0,1,1,0,0,0,0,0,0,0,0,1,1,0,0,"C",2336,12248
-0.2452110195371,0.155176833969421,-0.305245557696936,0,0,1,1,0,0,0,0,0,0,0,0,1,1,0,0,"C",267,12249
-0.193527731359571,0.12642882945888,0.530220760458162,0,0,1,1,0,0,0,0,0,0,0,0,1,1,0,0,"C",1359,12250
-0.275953670453406,0.183162398604031,-0.298787489138031,0,0,1,1,0,0,0,0,0,0,0,0,1,1,0,0,"C",1441,12251
-0.249737775373517,0.185968185655011,0.67372486617981,0,0,1,1,0,0,0,0,0,0,0,0,1,1,0,0,"C",1962,12252
-0.189961131359678,0.137002881672295,0.119322375691277,0,0,1,1,0,0,0,0,0,0,0,0,1,1,0,0,"C",3717,12253
-0.189702117399746,0.144368940710311,0.694412173630982,0,0,1,1,0,0,0,0,0,0,0,0,1,1,0,0,"C",347,12254
-0.242083823255825,0.192563108371399,1.29364105032932,0,0,1,1,0,0,0,0,0,0,0,0,1,1,0,0,"C",2090,12255
-0.182975833588976,0.111128630459679,0.40801627871099,0,0,1,1,0,0,0,0,0,0,0,0,1,1,0,0,"C",3406,12256
-0.232926826415859,0.177444507499066,0.240119703888113,0,0,1,1,0,0,0,0,0,0,0,0,1,1,0,0,"C",2061,12257
-0.18529857134795,0.130167285343152,0.120917389379878,0,0,1,1,0,0,0,0,0,0,0,0,1,1,0,0,"C",3699,12258
-0.205962486952298,0.153880217156644,0.506026457624033,0,0,1,1,0,0,0,0,0,0,0,0,1,1,0,0,"C",1385,12259
-0.176986004939402,0.133305413047311,0.0549447293454799,0,0,1,1,0,0,0,0,0,0,0,0,1,1,0,0,"C",729,12260
-0.196315962582391,0.146337374562236,0.249219489847804,0,0,1,1,0,0,0,0,0,0,0,0,1,1,0,0,"C",712,12261
-0.17972011279316,0.127762150715818,0.31602028404209,0,0,1,1,0,0,0,0,0,0,0,0,1,1,0,0,"C",656,12262
-0.163741113660378,0.166513729068599,2.05829001389997,0,0,1,1,0,0,0,0,0,0,0,0,1,1,0,0,"C",1397,12263
-0.248496448416374,0.169061358456169,0.346315328157249,0,0,1,1,0,0,0,0,0,0,0,0,1,1,0,0,"C",2074,12264
-0.170002902208127,0.125180407783423,1.14388767528452,0,0,1,1,0,0,0,0,0,0,0,0,1,1,0,0,"C",857,12265
-0.140663727014008,0.0920019510691166,1.27007111860026,0,0,1,1,0,0,0,0,0,0,0,0,1,1,0,0,"C",2257,12266
-0.0915902380161257,0.0359018367689823,-0.420437181234872,0,0,1,1,0,0,0,0,0,0,0,0,1,1,0,0,"C",1072,12267
-0.223030171006505,0.181652682277328,0.258073298379004,0,0,1,1,0,0,0,0,0,0,0,0,1,1,0,0,"C",1687,12268
-0.151126775019069,0.0928572119268058,0.745387088263017,0,0,1,1,0,0,0,0,0,0,0,0,1,1,0,0,"C",2575,12269
-0.201920483995511,0.136260799168329,0.866500397285743,0,0,1,1,0,0,0,0,0,0,0,0,1,1,0,0,"C",3006,12270
-0.236001966148635,0.170936488184912,0.807761643542948,0,0,1,1,0,0,0,0,0,0,0,0,1,1,0,0,"C",3732,12271
-0.205807205788894,0.134009203565992,0.00999126366515707,0,0,1,1,0,0,0,0,0,0,0,0,1,1,0,0,"C",482,12272
-0.20218089563836,0.140211972420995,1.16027282240472,0,0,1,1,0,0,0,0,0,0,0,0,1,1,0,0,"C",1341,12273
-0.178569877953479,0.0899359325097816,-0.617934911599277,0,0,1,1,0,0,0,0,0,0,0,0,1,1,0,0,"C",3204,12274
-0.182584306311436,0.161526077742329,0.697651971430268,0,0,1,1,0,0,0,0,0,0,0,0,1,1,0,0,"C",1763,12275
-0.12894444978161,0.0896026906161099,1.93676235060681,0,0,1,1,0,0,0,0,0,0,0,0,1,1,0,0,"C",2318,12276
-0.203246874548496,0.0841455540676419,-0.145029640184287,0,0,1,1,0,0,0,0,0,0,0,0,1,1,0,0,"C",1059,12277
-0.180106709232329,0.130775373293125,1.12181175957956,0,0,1,1,0,0,0,0,0,0,0,0,1,1,0,0,"C",1290,12278
-0.240360294806607,0.221674181649944,0.782005110005038,0,0,1,1,0,0,0,0,0,0,0,0,1,1,0,0,"C",3146,12279
-0.201023306868814,0.172677716736797,1.64141461025023,0,0,1,1,0,0,0,0,0,0,0,0,1,1,0,0,"C",1594,12280
-0.205680698504384,0.144001088892762,0.358690935541315,0,0,1,1,0,0,0,0,0,0,0,0,1,1,0,0,"C",2727,12281
-0.260368443515019,0.137877228669469,-0.642806093234906,0,0,1,1,0,0,0,0,0,0,0,0,1,1,0,0,"C",2960,12282
-0.136451744258112,0.0910593367406965,1.07585346897546,0,0,1,1,0,0,0,0,0,0,0,0,1,1,0,0,"C",3738,12283
-0.314544636872484,0.248985321602314,0.441976333191008,0,0,1,1,0,0,0,0,0,0,0,0,1,1,0,0,"C",1567,12284
-0.193168441439339,0.14747722328824,0.59612459668974,0,0,1,1,0,0,0,0,0,0,0,0,1,1,0,0,"C",1930,12285
-0.165112456837957,0.141915388585081,1.75148969422891,0,0,1,1,0,0,0,0,0,0,0,0,1,1,0,0,"C",3714,12286
-0.200896380871607,0.112444554476705,0.0247305430375696,0,0,1,1,0,0,0,0,0,0,0,0,1,1,0,0,"C",435,12287
-0.229103398517616,0.173463279984585,0.72008763850358,0,0,1,1,0,0,0,0,0,0,0,0,1,1,0,0,"C",1461,12288
-0.153496793680324,0.0722001081184938,0.477407283205618,0,0,1,1,0,0,0,0,0,0,0,0,1,1,0,0,"C",2661,12289
-0.231991475045739,0.12726577615082,0.70361507651463,0,0,1,1,0,0,0,0,0,0,0,0,1,1,0,0,"C",1967,12290
-0.110503990207918,0.0642412546796728,0.45439942013078,0,0,1,1,0,0,0,0,0,0,0,0,1,1,0,0,"C",2087,12291
-0.0945957660401715,0.0507173281020639,0.13133246315288,0,0,1,1,0,0,0,0,0,0,0,0,1,1,0,0,"C",2137,12292
-0.201127003854545,0.162102812375958,0.705156682932736,0,0,1,1,0,0,0,0,0,0,0,0,1,1,0,0,"C",2578,12293
-0.169343272435986,0.157302722737079,0.57986166100812,0,0,1,1,0,0,0,0,0,0,0,0,1,1,0,0,"C",899,12294
-0.290924124244678,0.268107242213256,1.01951724516844,0,0,1,1,0,0,0,0,0,0,0,0,1,1,0,0,"C",3030,12295
-0.255971711739682,0.183102359781193,1.2673523187278,0,0,1,1,0,0,0,0,0,0,0,0,1,1,0,0,"C",2602,12296
-0.195360807648562,0.111745194501268,0.419593015226533,0,0,1,1,0,0,0,0,0,0,0,0,1,1,0,0,"C",394,12297
-0.173631213767637,0.111323724592712,0.425634672209063,0,0,1,1,0,0,0,0,0,0,0,0,1,1,0,0,"C",3326,12298
-0.251720442094998,0.168496512477117,0.314476721369639,0,0,1,1,0,0,0,0,0,0,0,0,1,1,0,0,"C",2240,12299
-0.0979839873904608,0.13376476346935,0.231643618013972,0,0,1,1,0,0,0,0,0,0,0,0,1,1,0,0,"D",491,12300
-0.0678086085144063,0.165701821899783,-0.0114487053789092,0,0,1,1,0,0,0,0,0,0,0,0,1,1,0,0,"D",3721,12301
-0.191461715199141,0.24899541057048,-2.20156670917387,0,0,1,1,0,0,0,0,0,0,0,0,1,1,0,0,"D",3402,12302
-0.0347076264497505,0.158828966433698,1.25142536280769,0,0,1,1,0,0,0,0,0,0,0,0,1,1,0,0,"D",368,12303
-0.0602962973918264,0.133939088719912,-1.29793045263288,0,0,1,1,0,0,0,0,0,0,0,0,1,1,0,0,"D",1484,12304
-0.0452358306710245,0.133228572901961,-0.979609617989698,0,0,1,1,0,0,0,0,0,0,0,0,1,1,0,0,"D",2487,12305
-0.146730296067141,0.207628354561972,0.939547349863767,0,0,1,1,0,0,0,0,0,0,0,0,1,1,0,0,"D",1608,12306
0.047688457817624,0.0333365425927336,1.32478626680236,0,0,1,1,0,0,0,0,0,0,0,0,1,1,0,0,"D",1462,12307
-0.0910352435695543,0.177832595057698,1.36548684219075,0,0,1,1,0,0,0,0,0,0,0,0,1,1,0,0,"D",3495,12308
-0.0917923701173928,0.187238759386755,2.37985507609585,0,0,1,1,0,0,0,0,0,0,0,0,1,1,0,0,"D",3583,12309
-0.196259394155367,0.261680018009491,-1.99594379423975,0,0,1,1,0,0,0,0,0,0,0,0,1,1,0,0,"D",1747,12310
-0.0987112821609999,0.166483897760517,0.0447076623076302,0,0,1,1,0,0,0,0,0,0,0,0,1,1,0,0,"D",344,12311
-0.0176167231580292,0.0689747938300248,0.779423022063959,0,0,1,1,0,0,0,0,0,0,0,0,1,1,0,0,"D",3343,12312
-0.0261642956497324,0.0886257156143815,0.116531808551554,0,0,1,1,0,0,0,0,0,0,0,0,1,1,0,0,"D",2191,12313
-0.173981561025832,0.217611078372822,-1.17694389133143,0,0,1,1,0,0,0,0,0,0,0,0,1,1,0,0,"D",2986,12314
-0.10485940398074,0.164864741732604,0.729776879777023,0,0,1,1,0,0,0,0,0,0,0,0,1,1,0,0,"D",3527,12315
-0.162892180351703,0.204939531593574,1.82202833893971,0,0,1,1,0,0,0,0,0,0,0,0,1,1,0,0,"D",3748,12316
-0.171520031074356,0.231550765699367,-2.67624746145974,0,0,1,1,0,0,0,0,0,0,0,0,1,1,0,0,"D",930,12317
-0.0658472096890091,0.137820893915284,0.91871940095515,0,0,1,1,0,0,0,0,0,0,0,0,1,1,0,0,"D",1560,12318
-0.0646741775758085,0.109986933646826,0.20645216135899,0,0,1,1,0,0,0,0,0,0,0,0,1,1,0,0,"D",1549,12319
-0.120628972225098,0.208850353028897,-0.80649424572679,0,0,1,1,0,0,0,0,0,0,0,0,1,1,0,0,"D",3423,12320
-0.00419370759553431,0.0711863936645675,0.253778870099718,0,0,1,1,0,0,0,0,0,0,0,0,1,1,0,0,"D",3464,12321
-0.0582996218777272,0.0871788539456738,1.95613910115339,0,0,1,1,0,0,0,0,0,0,0,0,1,1,0,0,"D",1646,12322
-0.18121916597603,0.245966355723343,-1.10857883992525,0,0,1,1,0,0,0,0,0,0,0,0,1,1,0,0,"D",2823,12323
-0.204310637569507,0.236507202879554,0.951133967422144,0,0,1,1,0,0,0,0,0,0,0,0,1,1,0,0,"D",2022,12324
-0.0375691175650388,0.115338570352885,1.01932422617463,0,0,1,1,0,0,0,0,0,0,0,0,1,1,0,0,"D",1255,12325
-0.0399694825148179,0.181338124585484,1.00864306296188,0,0,1,1,0,0,0,0,0,0,0,0,1,1,0,0,"D",1691,12326
-0.0458437293778077,0.152058417422645,2.34607075942012,0,0,1,1,0,0,0,0,0,0,0,0,1,1,0,0,"D",3414,12327
-0.153136743058679,0.239995703750123,-1.70137153867729,0,0,1,1,0,0,0,0,0,0,0,0,1,1,0,0,"D",1362,12328
0.00225339365081848,0.0641953473519478,-1.2890700481322,0,0,1,1,0,0,0,0,0,0,0,0,1,1,0,0,"D",2845,12329
0.0287035283340513,0.116099151948296,-0.664763463240601,0,0,1,1,0,0,0,0,0,0,0,0,1,1,0,0,"D",2333,12330
-0.0363732523950365,0.0953051248096814,1.93909197569125,0,0,1,1,0,0,0,0,0,0,0,0,1,1,0,0,"D",2005,12331
-0.0702257620802059,0.153164030692781,2.70509869033463,0,0,1,1,0,0,0,0,0,0,0,0,1,1,0,0,"D",2937,12332
-0.125770279817309,0.203614570519394,-0.48365596759262,0,0,1,1,0,0,0,0,0,0,0,0,1,1,0,0,"D",1628,12333
-0.120656412217496,0.165897434477544,1.43123874223926,0,0,1,1,0,0,0,0,0,0,0,0,1,1,0,0,"D",3122,12334
-0.0265484131753203,0.100813104280062,1.5794351698379,0,0,1,1,0,0,0,0,0,0,0,0,1,1,0,0,"D",666,12335
0.0103195484013529,0.0768568387756805,0.16022840334796,0,0,1,1,0,0,0,0,0,0,0,0,1,1,0,0,"D",1125,12336
-0.106294958818563,0.1971148205666,-0.821796047503218,0,0,1,1,0,0,0,0,0,0,0,0,1,1,0,0,"D",33,12337
-0.141179533760751,0.215605693157952,-2.17034230030207,0,0,1,1,0,0,0,0,0,0,0,0,1,1,0,0,"D",1671,12338
-0.0135989347334261,0.1028625606206,2.71302090170684,0,0,1,1,0,0,0,0,0,0,0,0,1,1,0,0,"D",2714,12339
-0.075257861301704,0.160096299109697,0.881883889540578,0,0,1,1,0,0,0,0,0,0,0,0,1,1,0,0,"D",946,12340
-0.00113691503403849,0.101274170553416,-0.923281327740546,0,0,1,1,0,0,0,0,0,0,0,0,1,1,0,0,"D",2718,12341
-0.160191103717874,0.234677206450875,1.52470862758746,0,0,1,1,0,0,0,0,0,0,0,0,1,1,0,0,"D",2372,12342
0.0153071789074533,0.0986105106064155,0.906694015413971,0,0,1,1,0,0,0,0,0,0,0,0,1,1,0,0,"D",1117,12343
-0.189539785708927,0.191154925432576,1.81685933327519,0,0,1,1,0,0,0,0,0,0,0,0,1,1,0,0,"D",3186,12344
-0.12762243505015,0.146421093682593,-1.2815314993699,0,0,1,1,0,0,0,0,0,0,0,0,1,1,0,0,"D",2648,12345
-0.148458347025143,0.254578905893964,0.806990392281746,0,0,1,1,0,0,0,0,0,0,0,0,1,1,0,0,"D",3379,12346
-0.0725077226650294,0.144087740606184,-2.27366320898768,0,0,1,1,0,0,0,0,0,0,0,0,1,1,0,0,"D",2742,12347
-0.0114832405927536,0.0432650584468009,0.757105947159947,0,0,1,1,0,0,0,0,0,0,0,0,1,1,0,0,"D",2336,12348
-0.187248735688896,0.263695173933096,-1.9221979003164,0,0,1,1,0,0,0,0,0,0,0,0,1,1,0,0,"D",267,12349
-0.0959865384776112,0.174053844866276,0.436500189584742,0,0,1,1,0,0,0,0,0,0,0,0,1,1,0,0,"D",1359,12350
0.00721489948639207,0.0607996336878763,-1.19478345905609,0,0,1,1,0,0,0,0,0,0,0,0,1,1,0,0,"D",1441,12351
-0.0868963441373021,0.187221414148728,1.92294476489183,0,0,1,1,0,0,0,0,0,0,0,0,1,1,0,0,"D",1962,12352
-0.0346951649050386,0.11108071877817,-1.50264089422323,0,0,1,1,0,0,0,0,0,0,0,0,1,1,0,0,"D",3717,12353
-0.093841863006766,0.126874521270046,1.92910817398873,0,0,1,1,0,0,0,0,0,0,0,0,1,1,0,0,"D",347,12354
-0.119594833113982,0.226958200710279,1.10005466912019,0,0,1,1,0,0,0,0,0,0,0,0,1,1,0,0,"D",2090,12355
-0.0751916325066166,0.133417947272672,0.746412329267483,0,0,1,1,0,0,0,0,0,0,0,0,1,1,0,0,"D",3406,12356
0.027208759686165,0.0769456626366589,-0.54037353360548,0,0,1,1,0,0,0,0,0,0,0,0,1,1,0,0,"D",2061,12357
-0.20675127826818,0.284464675414968,-1.85425346737986,0,0,1,1,0,0,0,0,0,0,0,0,1,1,0,0,"D",3699,12358
-0.131647488414318,0.176092576370759,-1.92481158085729,0,0,1,1,0,0,0,0,0,0,0,0,1,1,0,0,"D",1385,12359
-0.0562104912641982,0.105367178641548,-2.64468014683159,0,0,1,1,0,0,0,0,0,0,0,0,1,1,0,0,"D",729,12360
-0.141009950842977,0.219787925314892,0.954449533715521,0,0,1,1,0,0,0,0,0,0,0,0,1,1,0,0,"D",712,12361
-0.100828267429073,0.142868569284918,1.33243828022004,0,0,1,1,0,0,0,0,0,0,0,0,1,1,0,0,"D",656,12362
-0.194427494050454,0.247399722833864,0.667216748740707,0,0,1,1,0,0,0,0,0,0,0,0,1,1,0,0,"D",1397,12363
-0.139070726676246,0.217757143640201,-1.92222369166321,0,0,1,1,0,0,0,0,0,0,0,0,1,1,0,0,"D",2074,12364
-0.0346595133447084,0.13969492691582,1.32284285692218,0,0,1,1,0,0,0,0,0,0,0,0,1,1,0,0,"D",857,12365
-0.0919506462728791,0.14881581029667,-1.81202523836454,0,0,1,1,0,0,0,0,0,0,0,0,1,1,0,0,"D",2257,12366
-0.0988319954765966,0.179084337237748,-1.48418538442279,0,0,1,1,0,0,0,0,0,0,0,0,1,1,0,0,"D",1072,12367
-0.115762616063683,0.150692329396508,-1.24812965525704,0,0,1,1,0,0,0,0,0,0,0,0,1,1,0,0,"D",1687,12368
-0.0402660403202644,0.0941339399822082,0.176695841259121,0,0,1,1,0,0,0,0,0,0,0,0,1,1,0,0,"D",2575,12369
-0.14646184322145,0.217141133162929,-1.96419479681086,0,0,1,1,0,0,0,0,0,0,0,0,1,1,0,0,"D",3006,12370
-0.142754896019608,0.190775182564555,-2.36319598685278,0,0,1,1,0,0,0,0,0,0,0,0,1,1,0,0,"D",3732,12371
-0.119939499948865,0.16633380877417,0.799626228199721,0,0,1,1,0,0,0,0,0,0,0,0,1,1,0,0,"D",482,12372
-0.124844902094327,0.158817302124621,-2.58689413019341,0,0,1,1,0,0,0,0,0,0,0,0,1,1,0,0,"D",1341,12373
-0.110027382242479,0.149727954859071,1.85518816864042,0,0,1,1,0,0,0,0,0,0,0,0,1,1,0,0,"D",3204,12374
-0.0859640267637065,0.126496776917796,0.520064678419868,0,0,1,1,0,0,0,0,0,0,0,0,1,1,0,0,"D",1763,12375
-0.145830651713872,0.211781225014486,-1.09179214451997,0,0,1,1,0,0,0,0,0,0,0,0,1,1,0,0,"D",2318,12376
-0.227733461356685,0.3257199905966,-1.61147423286122,0,0,1,1,0,0,0,0,0,0,0,0,1,1,0,0,"D",1059,12377
-0.0105992739823638,0.0830184645672388,1.26185074301879,0,0,1,1,0,0,0,0,0,0,0,0,1,1,0,0,"D",1290,12378
-0.0694852851340831,0.149778262462238,1.1815414985512,0,0,1,1,0,0,0,0,0,0,0,0,1,1,0,0,"D",3146,12379
-0.0691159685398675,0.13952579210971,0.77088361669076,0,0,1,1,0,0,0,0,0,0,0,0,1,1,0,0,"D",1594,12380
-0.0481183190525269,0.134616819038654,-2.17716674485365,0,0,1,1,0,0,0,0,0,0,0,0,1,1,0,0,"D",2727,12381
-0.13099281661526,0.215729130460873,0.687111900275922,0,0,1,1,0,0,0,0,0,0,0,0,1,1,0,0,"D",2960,12382
-0.10801209143326,0.162918112930786,1.76564079657586,0,0,1,1,0,0,0,0,0,0,0,0,1,1,0,0,"D",3738,12383
-0.101027122481387,0.222964795909702,-2.13409739184575,0,0,1,1,0,0,0,0,0,0,0,0,1,1,0,0,"D",1567,12384
-0.00963012205887592,0.0953523299180004,1.31352423998565,0,0,1,1,0,0,0,0,0,0,0,0,1,1,0,0,"D",1930,12385
-0.0784406721681777,0.167864028029161,0.209838898940277,0,0,1,1,0,0,0,0,0,0,0,0,1,1,0,0,"D",3714,12386
-0.1483905787984,0.174376590201125,0.897894550018514,0,0,1,1,0,0,0,0,0,0,0,0,1,1,0,0,"D",435,12387
-0.222907917893245,0.261033333268322,-0.966956983673141,0,0,1,1,0,0,0,0,0,0,0,0,1,1,0,0,"D",1461,12388
-0.224753671788145,0.295717778261062,-1.78098295213535,0,0,1,1,0,0,0,0,0,0,0,0,1,1,0,0,"D",2661,12389
-0.0998598701289637,0.142771956963162,-0.325938546483466,0,0,1,1,0,0,0,0,0,0,0,0,1,1,0,0,"D",1967,12390
-0.0430436926732821,0.101126756417783,0.718458214782132,0,0,1,1,0,0,0,0,0,0,0,0,1,1,0,0,"D",2087,12391
-0.106704894091347,0.188794491026375,1.3529371036362,0,0,1,1,0,0,0,0,0,0,0,0,1,1,0,0,"D",2137,12392
-0.171178533099224,0.261369824626423,-1.54571827486823,0,0,1,1,0,0,0,0,0,0,0,0,1,1,0,0,"D",2578,12393
-0.0303700964671223,0.0909938062189964,0.630633595055646,0,0,1,1,0,0,0,0,0,0,0,0,1,1,0,0,"D",899,12394
-0.0683464318984865,0.129147091873466,-0.868321483569488,0,0,1,1,0,0,0,0,0,0,0,0,1,1,0,0,"D",3030,12395
-0.0629702991388643,0.0837484193666699,0.864262179264029,0,0,1,1,0,0,0,0,0,0,0,0,1,1,0,0,"D",2602,12396
-0.0847401662986925,0.177337752675836,0.728793578716951,0,0,1,1,0,0,0,0,0,0,0,0,1,1,0,0,"D",394,12397
-0.0473785906827639,0.125199754181632,1.17529360087031,0,0,1,1,0,0,0,0,0,0,0,0,1,1,0,0,"D",3326,12398
-0.166589708330219,0.204905299240457,2.04691469859417,0,0,1,1,0,0,0,0,0,0,0,0,1,1,0,0,"D",2240,12399
-0.0886417665552276,0.053034626973935,1.30193493947046,0,0,1,1,0,0,0,0,0,0,0,0,0,1,0,1,"C",491,12400
-0.0583426586788223,0.0679606971894408,1.48160397814964,0,0,1,1,0,0,0,0,0,0,0,0,0,1,0,1,"C",3721,12401
-0.0751105781577684,0.0540498207809063,1.08129836710343,0,0,1,1,0,0,0,0,0,0,0,0,0,1,0,1,"C",3402,12402
-0.0579370775083842,0.0413381845285644,0.290684682860777,0,0,1,1,0,0,0,0,0,0,0,0,0,1,0,1,"C",368,12403
-0.0774036703079406,0.0699264182293753,0.38055988041104,0,0,1,1,0,0,0,0,0,0,0,0,0,1,0,1,"C",1484,12404
-0.0940173294102593,0.0902507896400103,0.309376766156645,0,0,1,1,0,0,0,0,0,0,0,0,0,1,0,1,"C",2487,12405
-0.115847120011933,0.101562771374732,0.192618132610855,0,0,1,1,0,0,0,0,0,0,0,0,0,1,0,1,"C",1608,12406
-0.0769041009336424,0.0427922771559651,0.749231963113448,0,0,1,1,0,0,0,0,0,0,0,0,0,1,0,1,"C",1462,12407
-0.0618238402972654,0.0443615417561606,0.940875712633694,0,0,1,1,0,0,0,0,0,0,0,0,0,1,0,1,"C",3495,12408
-0.0396350846946386,0.0635774935900923,1.29623394470314,0,0,1,1,0,0,0,0,0,0,0,0,0,1,0,1,"C",3583,12409
-0.0963616332263109,0.0858231430138971,1.01755368961021,0,0,1,1,0,0,0,0,0,0,0,0,0,1,0,1,"C",1747,12410
-0.105263923853483,0.0644979809786398,0.753624036768425,0,0,1,1,0,0,0,0,0,0,0,0,0,1,0,1,"C",344,12411
-0.0722439128082012,0.0527917841721735,1.17153631287948,0,0,1,1,0,0,0,0,0,0,0,0,0,1,0,1,"C",3343,12412
-0.074218986199771,0.062879170586383,1.82144192584835,0,0,1,1,0,0,0,0,0,0,0,0,0,1,0,1,"C",2191,12413
-0.0866562669993413,0.0841311339796965,1.05265125758901,0,0,1,1,0,0,0,0,0,0,0,0,0,1,0,1,"C",2986,12414
-0.121060139267953,0.0925329861342069,1.15571143568756,0,0,1,1,0,0,0,0,0,0,0,0,0,1,0,1,"C",3527,12415
-0.0838488248238726,0.06579568347198,0.399719771157206,0,0,1,1,0,0,0,0,0,0,0,0,0,1,0,1,"C",3748,12416
-0.0641203381690228,0.0542242456815448,1.22496883729743,0,0,1,1,0,0,0,0,0,0,0,0,0,1,0,1,"C",930,12417
-0.0935236855259343,0.0703354050668501,0.298801932667423,0,0,1,1,0,0,0,0,0,0,0,0,0,1,0,1,"C",1560,12418
-0.0525395367751306,0.0303209637714326,1.63676429503331,0,0,1,1,0,0,0,0,0,0,0,0,0,1,0,1,"C",1549,12419
-0.0767121483933711,0.0345467808263885,0.818021190960296,0,0,1,1,0,0,0,0,0,0,0,0,0,1,0,1,"C",3423,12420
-0.0862124963227917,0.0546825850071988,1.06578182746394,0,0,1,1,0,0,0,0,0,0,0,0,0,1,0,1,"C",3464,12421
-0.0889061354373849,0.0606983781880033,0.508987537759995,0,0,1,1,0,0,0,0,0,0,0,0,0,1,0,1,"C",1646,12422
-0.09427689806251,0.0779128082359208,0.225316038856665,0,0,1,1,0,0,0,0,0,0,0,0,0,1,0,1,"C",2823,12423
-0.0936153663301802,0.097262128100524,0.783149905490377,0,0,1,1,0,0,0,0,0,0,0,0,0,1,0,1,"C",2022,12424
-0.0831493275169836,0.0593235759807758,0.82488764278079,0,0,1,1,0,0,0,0,0,0,0,0,0,1,0,1,"C",1255,12425
-0.119591860455414,0.11675862278271,0.123721422696144,0,0,1,1,0,0,0,0,0,0,0,0,0,1,0,1,"C",1691,12426
-0.0896251628865548,0.0775287386602898,0.53389329960832,0,0,1,1,0,0,0,0,0,0,0,0,0,1,0,1,"C",3414,12427
-0.0979269365264624,0.0719037497601376,0.931473839233864,0,0,1,1,0,0,0,0,0,0,0,0,0,1,0,1,"C",1362,12428
-0.0638840095168039,0.0416386810027921,0.0415626956442154,0,0,1,1,0,0,0,0,0,0,0,0,0,1,0,1,"C",2845,12429
-0.145108472187382,0.110035123552805,-0.702597750066759,0,0,1,1,0,0,0,0,0,0,0,0,0,1,0,1,"C",2333,12430
-0.0756617604945376,0.0280187546947432,1.30097562831955,0,0,1,1,0,0,0,0,0,0,0,0,0,1,0,1,"C",2005,12431
-0.071201112198182,0.0348124719181474,0.735121337613025,0,0,1,1,0,0,0,0,0,0,0,0,0,1,0,1,"C",2937,12432
-0.0463013090089484,0.0535816921859445,0.606791916121973,0,0,1,1,0,0,0,0,0,0,0,0,0,1,0,1,"C",1628,12433
-0.0846568031844694,0.0570135328800729,0.0649731101728398,0,0,1,1,0,0,0,0,0,0,0,0,0,1,0,1,"C",3122,12434
-0.0891945555319691,0.047343825091453,0.323619007508627,0,0,1,1,0,0,0,0,0,0,0,0,0,1,0,1,"C",666,12435
-0.076456911134861,0.0350279383780167,0.085274971462285,0,0,1,1,0,0,0,0,0,0,0,0,0,1,0,1,"C",1125,12436
-0.101804492437504,0.0753635650680016,0.435091634383958,0,0,1,1,0,0,0,0,0,0,0,0,0,1,0,1,"C",33,12437
-0.113248102520615,0.0824617498852036,0.979429016918574,0,0,1,1,0,0,0,0,0,0,0,0,0,1,0,1,"C",1671,12438
-0.0516286600488393,0.0357670037317668,1.21291526037632,0,0,1,1,0,0,0,0,0,0,0,0,0,1,0,1,"C",2714,12439
-0.112465864933179,0.0583772876289597,0.595917157566451,0,0,1,1,0,0,0,0,0,0,0,0,0,1,0,1,"C",946,12440
-0.0727023561521061,0.0286509266509451,-0.507210010818211,0,0,1,1,0,0,0,0,0,0,0,0,0,1,0,1,"C",2718,12441
-0.0876794654075972,0.058376209643473,0.545941098785183,0,0,1,1,0,0,0,0,0,0,0,0,0,1,0,1,"C",2372,12442
-0.0854648545892821,0.0810236460971786,1.20200479036096,0,0,1,1,0,0,0,0,0,0,0,0,0,1,0,1,"C",1117,12443
-0.123189605258715,0.0914321184779901,-0.178711717247666,0,0,1,1,0,0,0,0,0,0,0,0,0,1,0,1,"C",3186,12444
-0.0799784240155625,0.0568797362546772,-0.114105349198192,0,0,1,1,0,0,0,0,0,0,0,0,0,1,0,1,"C",2648,12445
-0.086354221583024,0.0547448994689229,1.46910522557576,0,0,1,1,0,0,0,0,0,0,0,0,0,1,0,1,"C",3379,12446
-0.0589837796978949,0.0448667250054906,0.593357621415643,0,0,1,1,0,0,0,0,0,0,0,0,0,1,0,1,"C",2742,12447
-0.0918465806239337,0.0490486770523528,0.187591821313865,0,0,1,1,0,0,0,0,0,0,0,0,0,1,0,1,"C",2336,12448
-0.0606123465915123,0.0477151980122502,0.62877372907996,0,0,1,1,0,0,0,0,0,0,0,0,0,1,0,1,"C",267,12449
-0.0287249198091228,0.0430837198559522,1.03528340200793,0,0,1,1,0,0,0,0,0,0,0,0,0,1,0,1,"C",1359,12450
-0.102171146881257,0.0837116206670619,0.792013814521707,0,0,1,1,0,0,0,0,0,0,0,0,0,1,0,1,"C",1441,12451
-0.075993494226015,0.045502173309328,0.989021607981992,0,0,1,1,0,0,0,0,0,0,0,0,0,1,0,1,"C",1962,12452
-0.101209166141783,0.0541328976321543,0.296610948914488,0,0,1,1,0,0,0,0,0,0,0,0,0,1,0,1,"C",3717,12453
-0.0988165729000439,0.0625606326720084,0.777528651563108,0,0,1,1,0,0,0,0,0,0,0,0,0,1,0,1,"C",347,12454
-0.0807454772286523,0.0492869970174367,1.42156499531616,0,0,1,1,0,0,0,0,0,0,0,0,0,1,0,1,"C",2090,12455
-0.0938537740210302,0.0978565219900328,0.501533696384474,0,0,1,1,0,0,0,0,0,0,0,0,0,1,0,1,"C",3406,12456
-0.0825625829398654,0.0761803210605455,0.65547911378644,0,0,1,1,0,0,0,0,0,0,0,0,0,1,0,1,"C",2061,12457
-0.0892879696308115,0.0924511753057146,0.925203888734843,0,0,1,1,0,0,0,0,0,0,0,0,0,1,0,1,"C",3699,12458
-0.0713840608870928,0.0664381050562703,1.68617009813393,0,0,1,1,0,0,0,0,0,0,0,0,0,1,0,1,"C",1385,12459
-0.0632562956898078,0.0253994418984368,1.29980542645939,0,0,1,1,0,0,0,0,0,0,0,0,0,1,0,1,"C",729,12460
-0.114423223363731,0.0864611097161911,-1.02241394847915,0,0,1,1,0,0,0,0,0,0,0,0,0,1,0,1,"C",712,12461
-0.091770942782499,0.0887388088973109,0.236557357698369,0,0,1,1,0,0,0,0,0,0,0,0,0,1,0,1,"C",656,12462
-0.061272637822908,0.0500223129929236,0.303194554598335,0,0,1,1,0,0,0,0,0,0,0,0,0,1,0,1,"C",1397,12463
-0.0813997511656609,0.0473906685056748,1.06118927157984,0,0,1,1,0,0,0,0,0,0,0,0,0,1,0,1,"C",2074,12464
-0.0692117726672184,0.0469127535041454,0.57847274579484,0,0,1,1,0,0,0,0,0,0,0,0,0,1,0,1,"C",857,12465
-0.120753869437282,0.0738578989961502,1.19598149426803,0,0,1,1,0,0,0,0,0,0,0,0,0,1,0,1,"C",2257,12466
-0.0357252654423336,0.0221074445629875,0.943177921472206,0,0,1,1,0,0,0,0,0,0,0,0,0,1,0,1,"C",1072,12467
-0.0989009792487034,0.0648408919134298,0.46477668489927,0,0,1,1,0,0,0,0,0,0,0,0,0,1,0,1,"C",1687,12468
-0.0643970252821846,0.0638986634085627,0.981506399374872,0,0,1,1,0,0,0,0,0,0,0,0,0,1,0,1,"C",2575,12469
-0.0737968818762009,0.050511785407332,1.08705018040819,0,0,1,1,0,0,0,0,0,0,0,0,0,1,0,1,"C",3006,12470
-0.0765549485533399,0.0532358227773896,0.841652530567653,0,0,1,1,0,0,0,0,0,0,0,0,0,1,0,1,"C",3732,12471
-0.120913406080819,0.072673204197605,0.300950163677855,0,0,1,1,0,0,0,0,0,0,0,0,0,1,0,1,"C",482,12472
-0.113993710347126,0.0584254732953177,0.182542416706155,0,0,1,1,0,0,0,0,0,0,0,0,0,1,0,1,"C",1341,12473
-0.11520678948595,0.099567242389573,-0.0433282762460855,0,0,1,1,0,0,0,0,0,0,0,0,0,1,0,1,"C",3204,12474
-0.0798336547585001,0.0536572213112731,0.0591770634501351,0,0,1,1,0,0,0,0,0,0,0,0,0,1,0,1,"C",1763,12475
-0.0654468436640104,0.0409780584884159,-0.521461266373147,0,0,1,1,0,0,0,0,0,0,0,0,0,1,0,1,"C",2318,12476
-0.0797028095128579,0.046528925794697,0.265750984056768,0,0,1,1,0,0,0,0,0,0,0,0,0,1,0,1,"C",1059,12477
-0.0764843164050474,0.0583177560299948,0.907932606424829,0,0,1,1,0,0,0,0,0,0,0,0,0,1,0,1,"C",1290,12478
-0.0853140741739822,0.0460329008086731,1.5477199356994,0,0,1,1,0,0,0,0,0,0,0,0,0,1,0,1,"C",3146,12479
-0.079377389917507,0.0773388196862495,-0.429689518656935,0,0,1,1,0,0,0,0,0,0,0,0,0,1,0,1,"C",1594,12480
-0.115951931834566,0.0714670471070724,0.225768154385572,0,0,1,1,0,0,0,0,0,0,0,0,0,1,0,1,"C",2727,12481
-0.0876852937781798,0.0558461700222614,-0.691519739072559,0,0,1,1,0,0,0,0,0,0,0,0,0,1,0,1,"C",2960,12482
-0.0546538523260604,0.0152252770299273,0.696538271225181,0,0,1,1,0,0,0,0,0,0,0,0,0,1,0,1,"C",3738,12483
-0.087120781273382,0.0514065734313286,0.949027551385967,0,0,1,1,0,0,0,0,0,0,0,0,0,1,0,1,"C",1567,12484
-0.0700330899813316,0.057562985131884,0.799967404699767,0,0,1,1,0,0,0,0,0,0,0,0,0,1,0,1,"C",1930,12485
-0.0366592150699658,0.02185583657207,0.780305936138183,0,0,1,1,0,0,0,0,0,0,0,0,0,1,0,1,"C",3714,12486
-0.0648198360067632,0.0495012834917172,0.769935754651631,0,0,1,1,0,0,0,0,0,0,0,0,0,1,0,1,"C",435,12487
-0.0752060235130439,0.0596607640844572,1.41218553355192,0,0,1,1,0,0,0,0,0,0,0,0,0,1,0,1,"C",1461,12488
-0.079581574589905,0.054209675495348,1.79504592863274,0,0,1,1,0,0,0,0,0,0,0,0,0,1,0,1,"C",2661,12489
-0.0653006471808992,0.0292674304608986,0.656913063873692,0,0,1,1,0,0,0,0,0,0,0,0,0,1,0,1,"C",1967,12490
-0.0977220811517902,0.0750693650482141,-0.190826486176523,0,0,1,1,0,0,0,0,0,0,0,0,0,1,0,1,"C",2087,12491
-0.0411840293439466,0.0243481879363319,1.00832356828841,0,0,1,1,0,0,0,0,0,0,0,0,0,1,0,1,"C",2137,12492
-0.0413211179227605,0.0343677225373919,1.68036428663858,0,0,1,1,0,0,0,0,0,0,0,0,0,1,0,1,"C",2578,12493
-0.0684463642834545,0.0723438011953587,-0.182487370594046,0,0,1,1,0,0,0,0,0,0,0,0,0,1,0,1,"C",899,12494
-0.11751092625136,0.0683918817658214,1.37431052734728,0,0,1,1,0,0,0,0,0,0,0,0,0,1,0,1,"C",3030,12495
-0.0940501712934119,0.0675257967281439,0.746353069612186,0,0,1,1,0,0,0,0,0,0,0,0,0,1,0,1,"C",2602,12496
-0.100208866716983,0.0674836516512212,1.0610646937412,0,0,1,1,0,0,0,0,0,0,0,0,0,1,0,1,"C",394,12497
-0.0834264059603046,0.0577201008546614,0.689518374679854,0,0,1,1,0,0,0,0,0,0,0,0,0,1,0,1,"C",3326,12498
-0.122832585642819,0.0778871442996925,1.30973162513039,0,0,1,1,0,0,0,0,0,0,0,0,0,1,0,1,"C",2240,12499
-0.140600222260894,0.0404602526759921,1.78127421184319,0,0,1,1,0,0,0,0,0,0,0,0,0,1,0,1,"D",491,12500
-0.143054768195082,0.0398243921585004,0.641642187865987,0,0,1,1,0,0,0,0,0,0,0,0,0,1,0,1,"D",3721,12501
-0.128350649193093,0.047918243275426,1.35932146576996,0,0,1,1,0,0,0,0,0,0,0,0,0,1,0,1,"D",3402,12502
-0.157050815054373,0.117706033692199,1.1081728179373,0,0,1,1,0,0,0,0,0,0,0,0,0,1,0,1,"D",368,12503
-0.120042171035589,0.00479558463332983,0.0375372018134042,0,0,1,1,0,0,0,0,0,0,0,0,0,1,0,1,"D",1484,12504
-0.148756570306742,0.0928589667494682,-0.111771212061779,0,0,1,1,0,0,0,0,0,0,0,0,0,1,0,1,"D",2487,12505
-0.149548132796073,0.0573336591113832,1.28625982299217,0,0,1,1,0,0,0,0,0,0,0,0,0,1,0,1,"D",1608,12506
-0.115524641902775,0.0168129554839915,0.438815837052452,0,0,1,1,0,0,0,0,0,0,0,0,0,1,0,1,"D",1462,12507
-0.124748024464539,0.0648909618244961,0.829569747888117,0,0,1,1,0,0,0,0,0,0,0,0,0,1,0,1,"D",3495,12508
-0.081647354358832,0.0733663120569617,0.73307911183802,0,0,1,1,0,0,0,0,0,0,0,0,0,1,0,1,"D",3583,12509
-0.0812706972443075,-0.00844655137884436,0.774942741312925,0,0,1,1,0,0,0,0,0,0,0,0,0,1,0,1,"D",1747,12510
-0.112829889800999,0.0553179757583732,-0.621829609476624,0,0,1,1,0,0,0,0,0,0,0,0,0,1,0,1,"D",344,12511
-0.11651428122454,0.0359940157219914,-0.00258958740971811,0,0,1,1,0,0,0,0,0,0,0,0,0,1,0,1,"D",3343,12512
-0.111211465908939,0.0523033499085421,-0.20685118877903,0,0,1,1,0,0,0,0,0,0,0,0,0,1,0,1,"D",2191,12513
-0.115592686937215,0.023008576323286,0.419297354078239,0,0,1,1,0,0,0,0,0,0,0,0,0,1,0,1,"D",2986,12514
-0.130786301434684,0.0626548065858701,0.619449638044953,0,0,1,1,0,0,0,0,0,0,0,0,0,1,0,1,"D",3527,12515
-0.101811915047772,0.0266379365753981,0.0664082700195598,0,0,1,1,0,0,0,0,0,0,0,0,0,1,0,1,"D",3748,12516
-0.105764666649418,0.0602472795668738,0.770367626791386,0,0,1,1,0,0,0,0,0,0,0,0,0,1,0,1,"D",930,12517
-0.102406114672478,0.0225747757149387,-0.236585450622282,0,0,1,1,0,0,0,0,0,0,0,0,0,1,0,1,"D",1560,12518
-0.136107921751079,0.0495100571213032,0.917882354347482,0,0,1,1,0,0,0,0,0,0,0,0,0,1,0,1,"D",1549,12519
-0.138662898523652,0.0628839807859007,-0.659235514439908,0,0,1,1,0,0,0,0,0,0,0,0,0,1,0,1,"D",3423,12520
-0.0922942477299288,0.0414122828163819,1.31784970561126,0,0,1,1,0,0,0,0,0,0,0,0,0,1,0,1,"D",3464,12521
-0.156611724073046,0.0609908276621217,-0.529509327139148,0,0,1,1,0,0,0,0,0,0,0,0,0,1,0,1,"D",1646,12522
-0.139573723036905,0.0687107427299507,-0.0644842675392449,0,0,1,1,0,0,0,0,0,0,0,0,0,1,0,1,"D",2823,12523
-0.15606817411791,0.0795745786689186,0.522119320410084,0,0,1,1,0,0,0,0,0,0,0,0,0,1,0,1,"D",2022,12524
-0.0671767472761205,0.0238332286418539,-0.80393952650126,0,0,1,1,0,0,0,0,0,0,0,0,0,1,0,1,"D",1255,12525
-0.129658902832585,0.0720547952960579,1.57317702173113,0,0,1,1,0,0,0,0,0,0,0,0,0,1,0,1,"D",1691,12526
-0.0923746516894042,0.0519255648602637,-0.0258714494048195,0,0,1,1,0,0,0,0,0,0,0,0,0,1,0,1,"D",3414,12527
-0.100802027636638,0.0380272720694399,-0.547929312899131,0,0,1,1,0,0,0,0,0,0,0,0,0,1,0,1,"D",1362,12528
-0.10492838849533,0.0349591924803617,-0.29220982301648,0,0,1,1,0,0,0,0,0,0,0,0,0,1,0,1,"D",2845,12529
-0.145845039657522,0.0681189446344208,0.267906732268827,0,0,1,1,0,0,0,0,0,0,0,0,0,1,0,1,"D",2333,12530
-0.135115554089223,0.057210777235544,1.32332274737995,0,0,1,1,0,0,0,0,0,0,0,0,0,1,0,1,"D",2005,12531
-0.076940490359797,0.00414852635081029,-1.11566445856799,0,0,1,1,0,0,0,0,0,0,0,0,0,1,0,1,"D",2937,12532
-0.154373333855056,0.0826370509166779,0.460966665368907,0,0,1,1,0,0,0,0,0,0,0,0,0,1,0,1,"D",1628,12533
-0.145062626573799,0.0581702212750244,-0.355158583581979,0,0,1,1,0,0,0,0,0,0,0,0,0,1,0,1,"D",3122,12534
-0.0932648051880708,-0.00121953868408339,1.19599954466101,0,0,1,1,0,0,0,0,0,0,0,0,0,1,0,1,"D",666,12535
-0.0834597956135935,0.0138878487990748,-1.01156354820253,0,0,1,1,0,0,0,0,0,0,0,0,0,1,0,1,"D",1125,12536
-0.0985009920984806,0.0370949105670596,0.718044849254163,0,0,1,1,0,0,0,0,0,0,0,0,0,1,0,1,"D",33,12537
-0.158619145188269,0.0689353259026979,0.280371697165768,0,0,1,1,0,0,0,0,0,0,0,0,0,1,0,1,"D",1671,12538
-0.148461884472924,0.0834889733130394,1.36871656830354,0,0,1,1,0,0,0,0,0,0,0,0,0,1,0,1,"D",2714,12539
-0.137774375780815,0.0511536293502226,0.897900864701664,0,0,1,1,0,0,0,0,0,0,0,0,0,1,0,1,"D",946,12540
-0.134432684766143,0.0407370748006442,1.1996331953882,0,0,1,1,0,0,0,0,0,0,0,0,0,1,0,1,"D",2718,12541
-0.103741210803359,0.0447463625726772,0.691145237366608,0,0,1,1,0,0,0,0,0,0,0,0,0,1,0,1,"D",2372,12542
-0.109595386337346,0.0417456226109078,1.34201510121441,0,0,1,1,0,0,0,0,0,0,0,0,0,1,0,1,"D",1117,12543
-0.114614696838763,0.0767745704016325,-1.38267714233407,0,0,1,1,0,0,0,0,0,0,0,0,0,1,0,1,"D",3186,12544
-0.142802817451276,0.0477317484364332,0.068362940225517,0,0,1,1,0,0,0,0,0,0,0,0,0,1,0,1,"D",2648,12545
-0.153391523573034,0.10199744120109,1.49850633690772,0,0,1,1,0,0,0,0,0,0,0,0,0,1,0,1,"D",3379,12546
-0.095284561445759,0.0378846044781906,0.463717412257876,0,0,1,1,0,0,0,0,0,0,0,0,0,1,0,1,"D",2742,12547
-0.0497634668296475,-0.00625748994465894,-0.588687989467929,0,0,1,1,0,0,0,0,0,0,0,0,0,1,0,1,"D",2336,12548
-0.111756915724454,0.0504320951682535,0.76172509238209,0,0,1,1,0,0,0,0,0,0,0,0,0,1,0,1,"D",267,12549
-0.0917553719035648,0.0262651530774808,0.558845502990371,0,0,1,1,0,0,0,0,0,0,0,0,0,1,0,1,"D",1359,12550
-0.118745246581572,0.0325401090194215,0.0233790560431917,0,0,1,1,0,0,0,0,0,0,0,0,0,1,0,1,"D",1441,12551
-0.0943424429297009,0.0334345093267385,0.362314033124732,0,0,1,1,0,0,0,0,0,0,0,0,0,1,0,1,"D",1962,12552
-0.109652009450911,0.0503230180807279,-1.10604103751321,0,0,1,1,0,0,0,0,0,0,0,0,0,1,0,1,"D",3717,12553
-0.0993267751034741,0.0357710605127435,0.33390484527624,0,0,1,1,0,0,0,0,0,0,0,0,0,1,0,1,"D",347,12554
-0.195312389902952,0.113512380216664,-0.212576288417347,0,0,1,1,0,0,0,0,0,0,0,0,0,1,0,1,"D",2090,12555
-0.127404021144415,0.0434587731984893,1.04946372695445,0,0,1,1,0,0,0,0,0,0,0,0,0,1,0,1,"D",3406,12556
-0.147689692097977,0.0712644282970659,0.568048820423284,0,0,1,1,0,0,0,0,0,0,0,0,0,1,0,1,"D",2061,12557
-0.100287190712319,0.0390339532552234,0.0765992559341584,0,0,1,1,0,0,0,0,0,0,0,0,0,1,0,1,"D",3699,12558
-0.109093918761064,0.0795176573414282,-0.0913407795878695,0,0,1,1,0,0,0,0,0,0,0,0,0,1,0,1,"D",1385,12559
-0.0959477571193619,0.034002105012826,-0.512810366731891,0,0,1,1,0,0,0,0,0,0,0,0,0,1,0,1,"D",729,12560
-0.125477984457703,0.0905023157258358,1.72882863326867,0,0,1,1,0,0,0,0,0,0,0,0,0,1,0,1,"D",712,12561
-0.161060826372322,0.0712663519795857,-0.151868270332009,0,0,1,1,0,0,0,0,0,0,0,0,0,1,0,1,"D",656,12562
-0.209718921299922,0.112717479120302,-0.151706702486298,0,0,1,1,0,0,0,0,0,0,0,0,0,1,0,1,"D",1397,12563
-0.128820770790448,0.0780117459962914,1.37741362499562,0,0,1,1,0,0,0,0,0,0,0,0,0,1,0,1,"D",2074,12564
-0.0962721389134782,0.0221234785967046,0.996670738657715,0,0,1,1,0,0,0,0,0,0,0,0,0,1,0,1,"D",857,12565
-0.151419108912752,0.0849431402671712,1.42323314740284,0,0,1,1,0,0,0,0,0,0,0,0,0,1,0,1,"D",2257,12566
-0.0855175083717106,0.0360239599870902,-1.27634138038117,0,0,1,1,0,0,0,0,0,0,0,0,0,1,0,1,"D",1072,12567
-0.113790556106555,0.0651875166752909,0.263570692491644,0,0,1,1,0,0,0,0,0,0,0,0,0,1,0,1,"D",1687,12568
-0.122868909388645,0.0431717178730648,0.977933959643823,0,0,1,1,0,0,0,0,0,0,0,0,0,1,0,1,"D",2575,12569
-0.126106204675817,0.0364161252760446,-0.546536804437126,0,0,1,1,0,0,0,0,0,0,0,0,0,1,0,1,"D",3006,12570
-0.129245545349539,0.0816743306782365,0.650984138419047,0,0,1,1,0,0,0,0,0,0,0,0,0,1,0,1,"D",3732,12571
-0.103588625107221,0.0254846849674916,-0.418673544860084,0,0,1,1,0,0,0,0,0,0,0,0,0,1,0,1,"D",482,12572
-0.132931889105331,0.0516251645428475,0.232663850658023,0,0,1,1,0,0,0,0,0,0,0,0,0,1,0,1,"D",1341,12573
-0.106153117968675,0.0448387829853426,1.49124854199786,0,0,1,1,0,0,0,0,0,0,0,0,0,1,0,1,"D",3204,12574
-0.150352912934824,0.106138830541123,-0.691487080262866,0,0,1,1,0,0,0,0,0,0,0,0,0,1,0,1,"D",1763,12575
-0.0921842201716467,0.00439086213833963,0.363047314106187,0,0,1,1,0,0,0,0,0,0,0,0,0,1,0,1,"D",2318,12576
-0.126408009068082,0.0745795457142412,1.26955875840065,0,0,1,1,0,0,0,0,0,0,0,0,0,1,0,1,"D",1059,12577
-0.132640001176625,0.0649389577566356,1.21021707664159,0,0,1,1,0,0,0,0,0,0,0,0,0,1,0,1,"D",1290,12578
-0.129867789652682,0.0416622627554391,0.55118041719424,0,0,1,1,0,0,0,0,0,0,0,0,0,1,0,1,"D",3146,12579
-0.0981582631220798,0.0133418300089753,-0.690592766998824,0,0,1,1,0,0,0,0,0,0,0,0,0,1,0,1,"D",1594,12580
-0.141437518905108,0.0650374163529723,-0.518661844472612,0,0,1,1,0,0,0,0,0,0,0,0,0,1,0,1,"D",2727,12581
-0.185334597481774,0.0971913797539997,0.166595923043534,0,0,1,1,0,0,0,0,0,0,0,0,0,1,0,1,"D",2960,12582
-0.134494645403321,0.083690905209603,0.346146732802086,0,0,1,1,0,0,0,0,0,0,0,0,0,1,0,1,"D",3738,12583
-0.0565382658631143,0.0315404288057884,-0.565609832224601,0,0,1,1,0,0,0,0,0,0,0,0,0,1,0,1,"D",1567,12584
-0.119323659264787,0.0285552773895175,-0.395582106797566,0,0,1,1,0,0,0,0,0,0,0,0,0,1,0,1,"D",1930,12585
-0.113783478720896,0.040176927546123,-0.0658859098064416,0,0,1,1,0,0,0,0,0,0,0,0,0,1,0,1,"D",3714,12586
-0.127627564582744,0.046346882941675,0.774835896502138,0,0,1,1,0,0,0,0,0,0,0,0,0,1,0,1,"D",435,12587
-0.126160145534258,0.0444093000473904,-0.500862729297549,0,0,1,1,0,0,0,0,0,0,0,0,0,1,0,1,"D",1461,12588
-0.125683020271954,0.0426009572941729,2.14226555703242,0,0,1,1,0,0,0,0,0,0,0,0,0,1,0,1,"D",2661,12589
-0.15638730222813,0.0439298611545143,0.408982510767975,0,0,1,1,0,0,0,0,0,0,0,0,0,1,0,1,"D",1967,12590
-0.123763464049766,0.0585753522815495,-0.299572508347504,0,0,1,1,0,0,0,0,0,0,0,0,0,1,0,1,"D",2087,12591
-0.0839878874189804,-0.0125942071341393,0.0279599987199866,0,0,1,1,0,0,0,0,0,0,0,0,0,1,0,1,"D",2137,12592
-0.12016862929934,0.0706637236171598,1.73084920319529,0,0,1,1,0,0,0,0,0,0,0,0,0,1,0,1,"D",2578,12593
-0.152606601955769,0.0479592582034039,-0.506198775699502,0,0,1,1,0,0,0,0,0,0,0,0,0,1,0,1,"D",899,12594
-0.160483824939746,0.095448718353372,-0.14975617771855,0,0,1,1,0,0,0,0,0,0,0,0,0,1,0,1,"D",3030,12595
-0.117329987482236,0.0761085207122834,1.1348741290935,0,0,1,1,0,0,0,0,0,0,0,0,0,1,0,1,"D",2602,12596
-0.11078082463469,0.0787774004291161,-0.473121465870719,0,0,1,1,0,0,0,0,0,0,0,0,0,1,0,1,"D",394,12597
-0.10948028249476,0.0453802574314391,-0.238268462073258,0,0,1,1,0,0,0,0,0,0,0,0,0,1,0,1,"D",3326,12598
-0.160497370514587,0.0837055672640808,0.604989361434546,0,0,1,1,0,0,0,0,0,0,0,0,0,1,0,1,"D",2240,12599
-0.143261056902581,0.145971062441766,0.0230469322544946,1,0,1,1,0,0,0,0,0,0,0,0,0,0,1,0,"C",491,12600
-0.195532366861777,0.18779383174454,-1.39540464479515,1,0,1,1,0,0,0,0,0,0,0,0,0,0,1,0,"C",3721,12601
-0.103510838786666,0.107329921543116,-0.781018363429385,1,0,1,1,0,0,0,0,0,0,0,0,0,0,1,0,"C",3402,12602
-0.160221922996842,0.0211507453004533,1.00969897561432,1,0,1,1,0,0,0,0,0,0,0,0,0,0,1,0,"C",368,12603
-0.127300902296283,0.104161440969669,-1.13635452296936,1,0,1,1,0,0,0,0,0,0,0,0,0,0,1,0,"C",1484,12604
-0.111444099335094,0.106672737016428,-0.0170965373441555,1,0,1,1,0,0,0,0,0,0,0,0,0,0,1,0,"C",2487,12605
-0.090680596304193,0.0327144052643322,0.657293396070594,1,0,1,1,0,0,0,0,0,0,0,0,0,0,1,0,"C",1608,12606
-0.097889638867328,0.0418028898600016,-0.547712359117738,1,0,1,1,0,0,0,0,0,0,0,0,0,0,1,0,"C",1462,12607
-0.239074513594574,0.0818412428321627,0.806100764753083,1,0,1,1,0,0,0,0,0,0,0,0,0,0,1,0,"C",3495,12608
-0.182115897402706,0.0939603093522281,0.336810034232774,1,0,1,1,0,0,0,0,0,0,0,0,0,0,1,0,"C",3583,12609
-0.222118062915753,0.0604680409229734,1.37431065587721,1,0,1,1,0,0,0,0,0,0,0,0,0,0,1,0,"C",1747,12610
-0.266729886543077,0.101892495708072,0.354183185168155,1,0,1,1,0,0,0,0,0,0,0,0,0,0,1,0,"C",344,12611
-0.125407398433961,0.0921720109496438,-0.998393214873172,1,0,1,1,0,0,0,0,0,0,0,0,0,0,1,0,"C",3343,12612
-0.0670472236507217,0.0357676812141011,-0.92761786132653,1,0,1,1,0,0,0,0,0,0,0,0,0,0,1,0,"C",2191,12613
-0.216846473621606,0.118525472739873,0.4593473870384,1,0,1,1,0,0,0,0,0,0,0,0,0,0,1,0,"C",2986,12614
-0.100317112753664,0.0479261304777008,0.0324622284533255,1,0,1,1,0,0,0,0,0,0,0,0,0,0,1,0,"C",3527,12615
-0.157319938865656,0.00625841721790447,1.27964001930965,1,0,1,1,0,0,0,0,0,0,0,0,0,0,1,0,"C",3748,12616
-0.0883976378874957,0.0891877895967961,0.0478361711920415,1,0,1,1,0,0,0,0,0,0,0,0,0,0,1,0,"C",930,12617
-0.0914777941786715,-0.00392604262153506,1.47808430698955,1,0,1,1,0,0,0,0,0,0,0,0,0,0,1,0,"C",1560,12618
-0.124586716412463,0.0569051317885416,-0.338609415956851,1,0,1,1,0,0,0,0,0,0,0,0,0,0,1,0,"C",1549,12619
-0.246074095668956,0.11343485437054,-0.0576051552698656,1,0,1,1,0,0,0,0,0,0,0,0,0,0,1,0,"C",3423,12620
-0.24177574056637,0.0101214186155126,1.71656584680618,1,0,1,1,0,0,0,0,0,0,0,0,0,0,1,0,"C",3464,12621
-0.132064016004746,0.055090144134223,0.545068818979951,1,0,1,1,0,0,0,0,0,0,0,0,0,0,1,0,"C",1646,12622
-0.068246625196122,0.112036947909038,-0.887537301223603,1,0,1,1,0,0,0,0,0,0,0,0,0,0,1,0,"C",2823,12623
-0.157508879578694,0.0521644019834457,-0.762957672301764,1,0,1,1,0,0,0,0,0,0,0,0,0,0,1,0,"C",2022,12624
-0.248190826743827,0.140708971816118,-0.545228632032519,1,0,1,1,0,0,0,0,0,0,0,0,0,0,1,0,"C",1255,12625
-0.209536338047393,0.0711420656840782,0.167359552475069,1,0,1,1,0,0,0,0,0,0,0,0,0,0,1,0,"C",1691,12626
-0.112447444949953,0.106075085513745,-0.175490278474234,1,0,1,1,0,0,0,0,0,0,0,0,0,0,1,0,"C",3414,12627
-0.290762855238113,0.115018927872267,0.767534669840983,1,0,1,1,0,0,0,0,0,0,0,0,0,0,1,0,"C",1362,12628
-0.180388823914313,0.0633745960106336,0.862680860827244,1,0,1,1,0,0,0,0,0,0,0,0,0,0,1,0,"C",2845,12629
-0.170034554518089,0.105791394010426,-0.555093004180009,1,0,1,1,0,0,0,0,0,0,0,0,0,0,1,0,"C",2333,12630
-0.182672468536942,0.0971216760841455,0.570328412248133,1,0,1,1,0,0,0,0,0,0,0,0,0,0,1,0,"C",2005,12631
-0.182341060980553,0.195114505938097,-1.53630323920017,1,0,1,1,0,0,0,0,0,0,0,0,0,0,1,0,"C",2937,12632
-0.0682669982705502,0.0386207614107347,-0.0340363733032845,1,0,1,1,0,0,0,0,0,0,0,0,0,0,1,0,"C",1628,12633
-0.17385966579815,0.00854182373052673,1.49184263467032,1,0,1,1,0,0,0,0,0,0,0,0,0,0,1,0,"C",3122,12634
-0.236986149044811,0.232752388328588,-1.08570028992521,1,0,1,1,0,0,0,0,0,0,0,0,0,0,1,0,"C",666,12635
-0.0767936633204325,0.00719999792350876,0.810589603202055,1,0,1,1,0,0,0,0,0,0,0,0,0,0,1,0,"C",1125,12636
-0.0837798550154516,0.0286536884095022,1.3718196945197,1,0,1,1,0,0,0,0,0,0,0,0,0,0,1,0,"C",33,12637
-0.141719153790321,0.204013741945958,-1.13828883667921,1,0,1,1,0,0,0,0,0,0,0,0,0,0,1,0,"C",1671,12638
-0.112792305788026,0.0746786065867966,-0.637332636247098,1,0,1,1,0,0,0,0,0,0,0,0,0,0,1,0,"C",2714,12639
-0.150929554130638,0.0572251863881061,0.339329176557361,1,0,1,1,0,0,0,0,0,0,0,0,0,0,1,0,"C",946,12640
-0.102239130135419,0.0214191620887519,0.929827523699337,1,0,1,1,0,0,0,0,0,0,0,0,0,0,1,0,"C",2718,12641
-0.175845327660042,0.110169458434884,-0.791791732365456,1,0,1,1,0,0,0,0,0,0,0,0,0,0,1,0,"C",2372,12642
-0.225434324005665,0.0711948560637122,0.686382612071603,1,0,1,1,0,0,0,0,0,0,0,0,0,0,1,0,"C",1117,12643
-0.175957964120329,0.186718426325073,-1.62913368021318,1,0,1,1,0,0,0,0,0,0,0,0,0,0,1,0,"C",3186,12644
-0.112865310589843,0.0498416640786254,0.614905052399854,1,0,1,1,0,0,0,0,0,0,0,0,0,0,1,0,"C",2648,12645
-0.243372608415972,0.0841686694420262,0.666911877663315,1,0,1,1,0,0,0,0,0,0,0,0,0,0,1,0,"C",3379,12646
-0.109910225614639,-0.00758258630129618,1.69182444224039,1,0,1,1,0,0,0,0,0,0,0,0,0,0,1,0,"C",2742,12647
-0.222492477302448,0.0838383898760663,0.616782447720084,1,0,1,1,0,0,0,0,0,0,0,0,0,0,1,0,"C",2336,12648
-0.163647412628618,0.194278730309846,-0.959401442196815,1,0,1,1,0,0,0,0,0,0,0,0,0,0,1,0,"C",267,12649
-0.089249425014111,0.169977244602768,-2.14201387493766,1,0,1,1,0,0,0,0,0,0,0,0,0,0,1,0,"C",1359,12650
-0.202131449691591,0.135913655893012,-0.0570898705452475,1,0,1,1,0,0,0,0,0,0,0,0,0,0,1,0,"C",1441,12651
-0.138262294576113,-0.00768044943750835,0.909746121445171,1,0,1,1,0,0,0,0,0,0,0,0,0,0,1,0,"C",1962,12652
-0.0903028142355557,0.165236529586929,-0.224572638290593,1,0,1,1,0,0,0,0,0,0,0,0,0,0,1,0,"C",3717,12653
-0.091691768506775,0.0537790459222219,-0.2620628139361,1,0,1,1,0,0,0,0,0,0,0,0,0,0,1,0,"C",347,12654
-0.157668779648039,0.0217245826896505,1.39876541474055,1,0,1,1,0,0,0,0,0,0,0,0,0,0,1,0,"C",2090,12655
-0.130822853938847,-0.00562814835977303,1.8382488906731,1,0,1,1,0,0,0,0,0,0,0,0,0,0,1,0,"C",3406,12656
-0.0789970869385147,0.0774476034564852,-0.00444185267170674,1,0,1,1,0,0,0,0,0,0,0,0,0,0,1,0,"C",2061,12657
-0.228675294863511,0.1911180594062,-0.460355186226255,1,0,1,1,0,0,0,0,0,0,0,0,0,0,1,0,"C",3699,12658
-0.117344391756738,-0.050811955072959,2.23768373653039,1,0,1,1,0,0,0,0,0,0,0,0,0,0,1,0,"C",1385,12659
-0.104036261521453,-0.040404798072129,2.33023947602647,1,0,1,1,0,0,0,0,0,0,0,0,0,0,1,0,"C",729,12660
-0.111502105931385,0.073346563921628,0.236387274682353,1,0,1,1,0,0,0,0,0,0,0,0,0,0,1,0,"C",712,12661
-0.144967107614037,0.0591260564061071,0.470879297831389,1,0,1,1,0,0,0,0,0,0,0,0,0,0,1,0,"C",656,12662
-0.124853220339899,0.119558395981376,-1.06617353170038,1,0,1,1,0,0,0,0,0,0,0,0,0,0,1,0,"C",1397,12663
-0.245453232399174,0.0154826779791597,1.16197012015906,1,0,1,1,0,0,0,0,0,0,0,0,0,0,1,0,"C",2074,12664
-0.148241128437638,0.152605374364389,-0.166005641500425,1,0,1,1,0,0,0,0,0,0,0,0,0,0,1,0,"C",857,12665
-0.142001611207768,0.00604179222810902,1.20573010111188,1,0,1,1,0,0,0,0,0,0,0,0,0,0,1,0,"C",2257,12666
-0.1379012944322,0.138879890544342,-0.723838820983771,1,0,1,1,0,0,0,0,0,0,0,0,0,0,1,0,"C",1072,12667
-0.139604690657318,0.121334910372295,-1.02281288246955,1,0,1,1,0,0,0,0,0,0,0,0,0,0,1,0,"C",1687,12668
-0.228980971712134,0.066953449976858,0.715715500737425,1,0,1,1,0,0,0,0,0,0,0,0,0,0,1,0,"C",2575,12669
-0.223060935654361,0.130420458750489,0.077938982849011,1,0,1,1,0,0,0,0,0,0,0,0,0,0,1,0,"C",3006,12670
-0.193846334990166,0.131892952849408,-0.101804692715949,1,0,1,1,0,0,0,0,0,0,0,0,0,0,1,0,"C",3732,12671
-0.152395524362595,0.188567667612173,-1.58361768716324,1,0,1,1,0,0,0,0,0,0,0,0,0,0,1,0,"C",482,12672
-0.0809237489999226,0.0089971110820924,1.63276889449596,1,0,1,1,0,0,0,0,0,0,0,0,0,0,1,0,"C",1341,12673
-0.193340402824021,0.083138337079772,0.840593160600096,1,0,1,1,0,0,0,0,0,0,0,0,0,0,1,0,"C",3204,12674
-0.144127215128947,0.052203771921217,1.18039555589776,1,0,1,1,0,0,0,0,0,0,0,0,0,0,1,0,"C",1763,12675
-0.126411150954179,0.0602383426082312,0.356231017602678,1,0,1,1,0,0,0,0,0,0,0,0,0,0,1,0,"C",2318,12676
-0.180906671558658,0.114169330493098,-0.0433348312473164,1,0,1,1,0,0,0,0,0,0,0,0,0,0,1,0,"C",1059,12677
-0.147696396825824,0.0933579267398139,-0.980688857643888,1,0,1,1,0,0,0,0,0,0,0,0,0,0,1,0,"C",1290,12678
-0.0667615690524657,0.0467782036889833,-0.814606917228191,1,0,1,1,0,0,0,0,0,0,0,0,0,0,1,0,"C",3146,12679
-0.134193240443319,0.147459298439326,-1.27374570926629,1,0,1,1,0,0,0,0,0,0,0,0,0,0,1,0,"C",1594,12680
-0.0924008630285519,0.155436299615604,-0.813898569391134,1,0,1,1,0,0,0,0,0,0,0,0,0,0,1,0,"C",2727,12681
-0.122055702247719,0.137386296603024,-1.02266266953757,1,0,1,1,0,0,0,0,0,0,0,0,0,0,1,0,"C",2960,12682
-0.120804715097973,0.0340575760120414,1.12232356495209,1,0,1,1,0,0,0,0,0,0,0,0,0,0,1,0,"C",3738,12683
-0.150146401672711,0.122317103875999,-1.61509220042262,1,0,1,1,0,0,0,0,0,0,0,0,0,0,1,0,"C",1567,12684
-0.106436294661661,0.0256238970300756,-0.118912520466378,1,0,1,1,0,0,0,0,0,0,0,0,0,0,1,0,"C",1930,12685
-0.244240868666386,0.0696103919394996,1.35380407840914,1,0,1,1,0,0,0,0,0,0,0,0,0,0,1,0,"C",3714,12686
-0.120446071127707,0.0554640521605658,0.302526457604751,1,0,1,1,0,0,0,0,0,0,0,0,0,0,1,0,"C",435,12687
-0.0931910972922436,0.0116382867835525,1.38872653428264,1,0,1,1,0,0,0,0,0,0,0,0,0,0,1,0,"C",1461,12688
-0.158669986124686,0.149440685698387,-0.922549150860815,1,0,1,1,0,0,0,0,0,0,0,0,0,0,1,0,"C",2661,12689
-0.15242748773732,0.120962678298525,-0.327913503147289,1,0,1,1,0,0,0,0,0,0,0,0,0,0,1,0,"C",1967,12690
-0.14431544199972,0.0960981840706526,-0.566579433751133,1,0,1,1,0,0,0,0,0,0,0,0,0,0,1,0,"C",2087,12691
-0.14131060499679,0.10450205759413,0.0621820451139065,1,0,1,1,0,0,0,0,0,0,0,0,0,0,1,0,"C",2137,12692
-0.182247019266532,-0.0054580763395907,1.71225934268494,1,0,1,1,0,0,0,0,0,0,0,0,0,0,1,0,"C",2578,12693
-0.169378317480021,0.0306871592829907,0.908432440450971,1,0,1,1,0,0,0,0,0,0,0,0,0,0,1,0,"C",899,12694
-0.257663456792807,0.0219579692143627,1.7930024273283,1,0,1,1,0,0,0,0,0,0,0,0,0,0,1,0,"C",3030,12695
-0.221458922821725,0.102101331897977,0.733914274528542,1,0,1,1,0,0,0,0,0,0,0,0,0,0,1,0,"C",2602,12696
-0.096378690936011,0.024618420417758,0.485100437472771,1,0,1,1,0,0,0,0,0,0,0,0,0,0,1,0,"C",394,12697
-0.182461534756302,0.129777199129325,-0.46346336787717,1,0,1,1,0,0,0,0,0,0,0,0,0,0,1,0,"C",3326,12698
-0.144934347930463,0.181768138210497,-0.334696026322959,1,0,1,1,0,0,0,0,0,0,0,0,0,0,1,0,"C",2240,12699
-0.1536487180303,0.129042242405119,-0.0136001540724343,1,0,1,1,0,0,0,0,0,0,0,0,0,0,1,0,"D",491,12700
-0.0746483117741062,0.115826537518584,0.15794479421506,1,0,1,1,0,0,0,0,0,0,0,0,0,0,1,0,"D",3721,12701
-0.389669404704663,0.312662960677305,0.36935331022591,1,0,1,1,0,0,0,0,0,0,0,0,0,0,1,0,"D",3402,12702
-0.112831008369113,0.130619602080398,1.0027611945487,1,0,1,1,0,0,0,0,0,0,0,0,0,0,1,0,"D",368,12703
-0.216003052211672,0.169032314539052,0.850205585810196,1,0,1,1,0,0,0,0,0,0,0,0,0,0,1,0,"D",1484,12704
-0.159835119336966,0.240669553067787,2.2095446183025,1,0,1,1,0,0,0,0,0,0,0,0,0,0,1,0,"D",2487,12705
-0.229143932470986,0.159153121644835,1.8660066341027,1,0,1,1,0,0,0,0,0,0,0,0,0,0,1,0,"D",1608,12706
-0.250164458991141,0.163446541623829,0.136390023328223,1,0,1,1,0,0,0,0,0,0,0,0,0,0,1,0,"D",1462,12707
-0.223487695724192,0.225138699572067,0.741548270004621,1,0,1,1,0,0,0,0,0,0,0,0,0,0,1,0,"D",3495,12708
-0.0425771146487231,0.0960249852079067,2.2753389795039,1,0,1,1,0,0,0,0,0,0,0,0,0,0,1,0,"D",3583,12709
0.0882215592869464,0.0641188271624559,-0.805721752825509,1,0,1,1,0,0,0,0,0,0,0,0,0,0,1,0,"D",1747,12710
-0.115608518773508,0.15867190542539,0.585710225084537,1,0,1,1,0,0,0,0,0,0,0,0,0,0,1,0,"D",344,12711
-0.23591710265328,0.128718388307978,1.48174851055115,1,0,1,1,0,0,0,0,0,0,0,0,0,0,1,0,"D",3343,12712
-0.201656255919244,0.157679070274651,-1.18392352295748,1,0,1,1,0,0,0,0,0,0,0,0,0,0,1,0,"D",2191,12713
-0.178172179789996,0.160695561426137,1.45693167593832,1,0,1,1,0,0,0,0,0,0,0,0,0,0,1,0,"D",2986,12714
-0.0866175722229371,0.0985913253815136,-0.939462790134613,1,0,1,1,0,0,0,0,0,0,0,0,0,0,1,0,"D",3527,12715
-0.112646657409685,0.137900028918179,0.265575946156898,1,0,1,1,0,0,0,0,0,0,0,0,0,0,1,0,"D",3748,12716
-0.175717576694705,0.123909331676043,0.142253355258609,1,0,1,1,0,0,0,0,0,0,0,0,0,0,1,0,"D",930,12717
-0.319484589742815,0.276813429702936,-0.11959762045264,1,0,1,1,0,0,0,0,0,0,0,0,0,0,1,0,"D",1560,12718
-0.103807754273347,0.0988718551452295,-1.62296362961651,1,0,1,1,0,0,0,0,0,0,0,0,0,0,1,0,"D",1549,12719
-0.205874315600927,0.114176311969554,-0.613095422189067,1,0,1,1,0,0,0,0,0,0,0,0,0,0,1,0,"D",3423,12720
-0.101464506776732,0.0995407592227999,-1.33984673309049,1,0,1,1,0,0,0,0,0,0,0,0,0,0,1,0,"D",3464,12721
-0.201601610911687,0.184092417938741,1.61618206157853,1,0,1,1,0,0,0,0,0,0,0,0,0,0,1,0,"D",1646,12722
-0.178682184326399,0.0566025455852154,-0.964179959763288,1,0,1,1,0,0,0,0,0,0,0,0,0,0,1,0,"D",2823,12723
-0.262227009810427,0.163684913144768,0.594191989651131,1,0,1,1,0,0,0,0,0,0,0,0,0,0,1,0,"D",2022,12724
-0.258119480408425,0.147801931935211,-0.215316770624787,1,0,1,1,0,0,0,0,0,0,0,0,0,0,1,0,"D",1255,12725
-0.0763050842228317,0.0635679250354238,0.634164619034214,1,0,1,1,0,0,0,0,0,0,0,0,0,0,1,0,"D",1691,12726
-0.142606733380971,0.150657029348093,-1.7342799884005,1,0,1,1,0,0,0,0,0,0,0,0,0,0,1,0,"D",3414,12727
-0.336381087352941,0.249981132972357,2.17127457868889,1,0,1,1,0,0,0,0,0,0,0,0,0,0,1,0,"D",1362,12728
-0.0604303539838198,0.0682067506504736,0.313765398444477,1,0,1,1,0,0,0,0,0,0,0,0,0,0,1,0,"D",2845,12729
-0.172160907104141,0.0997547411770775,-1.55386928344563,1,0,1,1,0,0,0,0,0,0,0,0,0,0,1,0,"D",2333,12730
-0.181980490616376,0.0854839364886131,-0.480563238143996,1,0,1,1,0,0,0,0,0,0,0,0,0,0,1,0,"D",2005,12731
-0.397403692162449,0.316146461253017,1.56466377550196,1,0,1,1,0,0,0,0,0,0,0,0,0,0,1,0,"D",2937,12732
-0.16724601383017,0.179169370679463,0.507668287520246,1,0,1,1,0,0,0,0,0,0,0,0,0,0,1,0,"D",1628,12733
-0.163688435803953,0.168932584718075,2.41988304621923,1,0,1,1,0,0,0,0,0,0,0,0,0,0,1,0,"D",3122,12734
-0.164238460929902,0.120595267957631,-0.331113373456467,1,0,1,1,0,0,0,0,0,0,0,0,0,0,1,0,"D",666,12735
-0.125356304656013,0.0810222935623048,0.409507207965141,1,0,1,1,0,0,0,0,0,0,0,0,0,0,1,0,"D",1125,12736
-0.109374881846844,0.18041190727431,2.10584629202455,1,0,1,1,0,0,0,0,0,0,0,0,0,0,1,0,"D",33,12737
-0.263041541033187,0.24522128808042,2.65430108131637,1,0,1,1,0,0,0,0,0,0,0,0,0,0,1,0,"D",1671,12738
-0.0836949831283875,0.228809778984016,1.44883943218257,1,0,1,1,0,0,0,0,0,0,0,0,0,0,1,0,"D",2714,12739
-0.228525123200675,0.207211983657516,1.85898682120085,1,0,1,1,0,0,0,0,0,0,0,0,0,0,1,0,"D",946,12740
-0.17164026289381,0.108764989250657,0.809804825227663,1,0,1,1,0,0,0,0,0,0,0,0,0,0,1,0,"D",2718,12741
-0.194125370519293,0.126292011866016,1.4703481341835,1,0,1,1,0,0,0,0,0,0,0,0,0,0,1,0,"D",2372,12742
-0.0679451230485682,-0.0119855122481825,1.91868499536671,1,0,1,1,0,0,0,0,0,0,0,0,0,0,1,0,"D",1117,12743
-0.18408629623591,0.167649620440657,2.06270983651029,1,0,1,1,0,0,0,0,0,0,0,0,0,0,1,0,"D",3186,12744
-0.36609059751905,0.209879745253959,-0.795573658563383,1,0,1,1,0,0,0,0,0,0,0,0,0,0,1,0,"D",2648,12745
-0.175248647730684,0.166221648552539,1.06953327026873,1,0,1,1,0,0,0,0,0,0,0,0,0,0,1,0,"D",3379,12746
-0.071143083512567,0.096576002553928,1.41905505987178,1,0,1,1,0,0,0,0,0,0,0,0,0,0,1,0,"D",2742,12747
-0.270352485689207,0.227973395067231,0.119235455915991,1,0,1,1,0,0,0,0,0,0,0,0,0,0,1,0,"D",2336,12748
-0.205716167425524,0.101818356941821,0.253604207688192,1,0,1,1,0,0,0,0,0,0,0,0,0,0,1,0,"D",267,12749
-0.236654938269817,0.194095667259017,1.28507489020919,1,0,1,1,0,0,0,0,0,0,0,0,0,0,1,0,"D",1359,12750
-0.160462786925989,0.130361413007818,-1.4311177663617,1,0,1,1,0,0,0,0,0,0,0,0,0,0,1,0,"D",1441,12751
-0.0735429920638669,0.0715049812297282,0.580179703271664,1,0,1,1,0,0,0,0,0,0,0,0,0,0,1,0,"D",1962,12752
-0.177424038598877,0.220138945815274,2.48488974354439,1,0,1,1,0,0,0,0,0,0,0,0,0,0,1,0,"D",3717,12753
-0.154721217997438,0.128565646166597,0.85713368740732,1,0,1,1,0,0,0,0,0,0,0,0,0,0,1,0,"D",347,12754
-0.33631426478929,0.235116075163966,1.52639058495233,1,0,1,1,0,0,0,0,0,0,0,0,0,0,1,0,"D",2090,12755
-0.25949695528208,0.245340453369071,-1.2406466092884,1,0,1,1,0,0,0,0,0,0,0,0,0,0,1,0,"D",3406,12756
-0.118059658801868,0.116302169745418,-1.0800695028474,1,0,1,1,0,0,0,0,0,0,0,0,0,0,1,0,"D",2061,12757
-0.0956403795731254,0.133339661560731,0.951275211250833,1,0,1,1,0,0,0,0,0,0,0,0,0,0,1,0,"D",3699,12758
-0.240010058347421,0.261486425426972,-0.521860506191001,1,0,1,1,0,0,0,0,0,0,0,0,0,0,1,0,"D",1385,12759
-0.282167489451043,0.182616097769497,1.22347697524229,1,0,1,1,0,0,0,0,0,0,0,0,0,0,1,0,"D",729,12760
-0.21379610683615,0.229946646528024,2.07653070564471,1,0,1,1,0,0,0,0,0,0,0,0,0,0,1,0,"D",712,12761
-0.212161140641415,0.271977168950597,1.94076011140919,1,0,1,1,0,0,0,0,0,0,0,0,0,0,1,0,"D",656,12762
-0.128387231254816,0.127464950524227,-1.05747872474327,1,0,1,1,0,0,0,0,0,0,0,0,0,0,1,0,"D",1397,12763
-0.0968490625201577,0.164827506287853,0.23654591251161,1,0,1,1,0,0,0,0,0,0,0,0,0,0,1,0,"D",2074,12764
-0.124194388694659,0.17607543475401,2.03258647022264,1,0,1,1,0,0,0,0,0,0,0,0,0,0,1,0,"D",857,12765
-0.230510613494431,0.175061101329103,-0.55821160007962,1,0,1,1,0,0,0,0,0,0,0,0,0,0,1,0,"D",2257,12766
-0.188211318695629,0.201470696455061,0.836582631030383,1,0,1,1,0,0,0,0,0,0,0,0,0,0,1,0,"D",1072,12767
-0.244480937777096,0.153960751764148,-0.925070598491732,1,0,1,1,0,0,0,0,0,0,0,0,0,0,1,0,"D",1687,12768
-0.162805127847204,0.158585983894234,1.41450364443557,1,0,1,1,0,0,0,0,0,0,0,0,0,0,1,0,"D",2575,12769
-0.244294802040239,0.175334818587217,1.70115642206263,1,0,1,1,0,0,0,0,0,0,0,0,0,0,1,0,"D",3006,12770
-0.232795043951249,0.144080323628147,2.03002479682108,1,0,1,1,0,0,0,0,0,0,0,0,0,0,1,0,"D",3732,12771
-0.251457115567634,0.139449090445044,1.99074464160075,1,0,1,1,0,0,0,0,0,0,0,0,0,0,1,0,"D",482,12772
-0.145316064881047,0.0508081931709846,1.15036640631041,1,0,1,1,0,0,0,0,0,0,0,0,0,0,1,0,"D",1341,12773
-0.216883177981037,0.120885444568833,1.30159663721238,1,0,1,1,0,0,0,0,0,0,0,0,0,0,1,0,"D",3204,12774
-0.233188444427403,0.18947486164382,2.32614484553489,1,0,1,1,0,0,0,0,0,0,0,0,0,0,1,0,"D",1763,12775
-0.28798330026282,0.196960581166682,-0.103963595893336,1,0,1,1,0,0,0,0,0,0,0,0,0,0,1,0,"D",2318,12776
-0.218671792394804,0.0792499704956315,0.503486286340502,1,0,1,1,0,0,0,0,0,0,0,0,0,0,1,0,"D",1059,12777
-0.149287563897249,0.195307643462016,0.790398796264982,1,0,1,1,0,0,0,0,0,0,0,0,0,0,1,0,"D",1290,12778
-0.30101114585447,0.152742113443539,1.07065449427571,1,0,1,1,0,0,0,0,0,0,0,0,0,0,1,0,"D",3146,12779
-0.0745426448180577,0.0772602008687295,1.29588037794379,1,0,1,1,0,0,0,0,0,0,0,0,0,0,1,0,"D",1594,12780
-0.168762948711809,0.1686916508282,-0.578336344953101,1,0,1,1,0,0,0,0,0,0,0,0,0,0,1,0,"D",2727,12781
-0.257425215803037,0.192692983218619,1.82548006387507,1,0,1,1,0,0,0,0,0,0,0,0,0,0,1,0,"D",2960,12782
-0.141951487249431,0.177003385487897,-0.995791839667137,1,0,1,1,0,0,0,0,0,0,0,0,0,0,1,0,"D",3738,12783
-0.148096397305938,0.137692781896601,-1.27180036450905,1,0,1,1,0,0,0,0,0,0,0,0,0,0,1,0,"D",1567,12784
-0.0894842746194243,0.107681380392352,-1.75016801484809,1,0,1,1,0,0,0,0,0,0,0,0,0,0,1,0,"D",1930,12785
-0.160613321398216,0.105323170169546,-0.370976155854871,1,0,1,1,0,0,0,0,0,0,0,0,0,0,1,0,"D",3714,12786
-0.184564932555926,0.149492876156559,-0.107533235281561,1,0,1,1,0,0,0,0,0,0,0,0,0,0,1,0,"D",435,12787
-0.18825109457108,0.271478087043239,2.11138199243788,1,0,1,1,0,0,0,0,0,0,0,0,0,0,1,0,"D",1461,12788
-0.0228812367790182,0.0421302761829082,-1.34038667492443,1,0,1,1,0,0,0,0,0,0,0,0,0,0,1,0,"D",2661,12789
-0.1178753239868,0.068147352646075,0.242213662847581,1,0,1,1,0,0,0,0,0,0,0,0,0,0,1,0,"D",1967,12790
-0.0772388881342256,0.105949846274549,1.21160998952906,1,0,1,1,0,0,0,0,0,0,0,0,0,0,1,0,"D",2087,12791
-0.170134731001739,0.104712134503504,1.12939348340221,1,0,1,1,0,0,0,0,0,0,0,0,0,0,1,0,"D",2137,12792
-0.214535619047025,0.106094645136891,1.64873263219535,1,0,1,1,0,0,0,0,0,0,0,0,0,0,1,0,"D",2578,12793
-0.25265153281124,0.215556952260875,2.58271693366024,1,0,1,1,0,0,0,0,0,0,0,0,0,0,1,0,"D",899,12794
-0.203020193420941,0.188154892923111,1.29746125359235,1,0,1,1,0,0,0,0,0,0,0,0,0,0,1,0,"D",3030,12795
-0.0990496400592532,0.101001398975766,-0.345324702845373,1,0,1,1,0,0,0,0,0,0,0,0,0,0,1,0,"D",2602,12796
-0.24171675446657,0.095237640193495,-0.176037065439453,1,0,1,1,0,0,0,0,0,0,0,0,0,0,1,0,"D",394,12797
-0.260697203530515,0.168949246422628,0.870543175752229,1,0,1,1,0,0,0,0,0,0,0,0,0,0,1,0,"D",3326,12798
-0.109043863681878,0.0830114620879071,-1.69271859119392,1,0,1,1,0,0,0,0,0,0,0,0,0,0,1,0,"D",2240,12799
-0.0669739965890917,0.194371942677603,0.544222400114955,0,1,1,1,0,0,0,0,0,0,0,0,0,0,1,0,"C",491,12800
-0.140719166331927,0.136595519793849,-1.26844451730098,0,1,1,1,0,0,0,0,0,0,0,0,0,0,1,0,"C",3721,12801
-0.116084646987436,0.110125050039534,0.3889407133073,0,1,1,1,0,0,0,0,0,0,0,0,0,0,1,0,"C",3402,12802
-0.086525869917856,0.0791946772129886,0.168478607582211,0,1,1,1,0,0,0,0,0,0,0,0,0,0,1,0,"C",368,12803
-0.0309394248831655,0.163424969018455,0.372293101688943,0,1,1,1,0,0,0,0,0,0,0,0,0,0,1,0,"C",1484,12804
-0.0276626381428022,0.131565332343886,0.570034438833927,0,1,1,1,0,0,0,0,0,0,0,0,0,0,1,0,"C",2487,12805
-0.135328035845336,0.162856020325814,0.780504453744799,0,1,1,1,0,0,0,0,0,0,0,0,0,0,1,0,"C",1608,12806
-0.065608954663723,0.0856752561981129,0.248390643007266,0,1,1,1,0,0,0,0,0,0,0,0,0,0,1,0,"C",1462,12807
-0.168506483276328,0.18170975664404,-0.527368303193734,0,1,1,1,0,0,0,0,0,0,0,0,0,0,1,0,"C",3495,12808
-0.16247409980883,0.154666971467299,1.07387483793172,0,1,1,1,0,0,0,0,0,0,0,0,0,0,1,0,"C",3583,12809
-0.155110689021833,0.176832350139281,0.373425837119306,0,1,1,1,0,0,0,0,0,0,0,0,0,0,1,0,"C",1747,12810
-0.0632231878902097,0.115329111486541,-0.483571138987797,0,1,1,1,0,0,0,0,0,0,0,0,0,0,1,0,"C",344,12811
-0.140624201395628,0.150231786840428,0.274660785263715,0,1,1,1,0,0,0,0,0,0,0,0,0,0,1,0,"C",3343,12812
-0.0455918936471299,0.111664899704268,-0.187918520262327,0,1,1,1,0,0,0,0,0,0,0,0,0,0,1,0,"C",2191,12813
-0.171963803040367,0.135658058082344,-0.13323016854729,0,1,1,1,0,0,0,0,0,0,0,0,0,0,1,0,"C",2986,12814
-0.0734925290987619,0.143756410399603,0.0178301276524842,0,1,1,1,0,0,0,0,0,0,0,0,0,0,1,0,"C",3527,12815
-0.0936411902635602,0.118183287922179,-0.417877363387987,0,1,1,1,0,0,0,0,0,0,0,0,0,0,1,0,"C",3748,12816
-0.0712006942674742,0.124984447051596,0.176322303137758,0,1,1,1,0,0,0,0,0,0,0,0,0,0,1,0,"C",930,12817
-0.0973289594431759,0.142718344243225,0.623501700423305,0,1,1,1,0,0,0,0,0,0,0,0,0,0,1,0,"C",1560,12818
-0.163219072357948,0.125685670727521,-0.41831879486593,0,1,1,1,0,0,0,0,0,0,0,0,0,0,1,0,"C",1549,12819
-0.00467724616969891,0.130457054208195,-0.0542651948272169,0,1,1,1,0,0,0,0,0,0,0,0,0,0,1,0,"C",3423,12820
-0.044461983779587,0.172184198376792,1.13959669487065,0,1,1,1,0,0,0,0,0,0,0,0,0,0,1,0,"C",3464,12821
-0.0573257167653723,0.0805954449193006,-0.36537553140457,0,1,1,1,0,0,0,0,0,0,0,0,0,0,1,0,"C",1646,12822
-0.0513781916152597,0.107975233190326,-0.330474711804347,0,1,1,1,0,0,0,0,0,0,0,0,0,0,1,0,"C",2823,12823
-0.0624324956028969,0.142648511437918,-0.202685479328708,0,1,1,1,0,0,0,0,0,0,0,0,0,0,1,0,"C",2022,12824
-0.0767657327550664,0.188061375525565,-0.863398313222527,0,1,1,1,0,0,0,0,0,0,0,0,0,0,1,0,"C",1255,12825
-0.0368451149385794,0.0985555656352312,0.519741121677399,0,1,1,1,0,0,0,0,0,0,0,0,0,0,1,0,"C",1691,12826
-0.0783426822124924,0.12144199102012,1.14963845522901,0,1,1,1,0,0,0,0,0,0,0,0,0,0,1,0,"C",3414,12827
-0.0990430731043392,0.165574307431018,0.270827511079036,0,1,1,1,0,0,0,0,0,0,0,0,0,0,1,0,"C",1362,12828
-0.0408902486237367,0.156932644290616,-0.48859368229607,0,1,1,1,0,0,0,0,0,0,0,0,0,0,1,0,"C",2845,12829
0.0174752296986513,0.0991946587807846,-0.00384371323731591,0,1,1,1,0,0,0,0,0,0,0,0,0,0,1,0,"C",2333,12830
-0.112553868936189,0.1259665736686,0.212221701539062,0,1,1,1,0,0,0,0,0,0,0,0,0,0,1,0,"C",2005,12831
-0.0606853878502808,0.164402101661724,-0.351368113685448,0,1,1,1,0,0,0,0,0,0,0,0,0,0,1,0,"C",2937,12832
-0.121715666696768,0.181309977844763,0.341957640930188,0,1,1,1,0,0,0,0,0,0,0,0,0,0,1,0,"C",1628,12833
-0.118670744728824,0.117205706204499,0.420663518960382,0,1,1,1,0,0,0,0,0,0,0,0,0,0,1,0,"C",3122,12834
-0.100533673851345,0.138908796516193,0.290286588338991,0,1,1,1,0,0,0,0,0,0,0,0,0,0,1,0,"C",666,12835
0.0112609308922179,0.0726672435665774,0.182627491592259,0,1,1,1,0,0,0,0,0,0,0,0,0,0,1,0,"C",1125,12836
-0.139596564685791,0.111230277077332,0.673374148388131,0,1,1,1,0,0,0,0,0,0,0,0,0,0,1,0,"C",33,12837
-0.117194159303695,0.151251122281619,0.257796284703673,0,1,1,1,0,0,0,0,0,0,0,0,0,0,1,0,"C",1671,12838
-0.118183608782519,0.231420009895969,0.01692249597476,0,1,1,1,0,0,0,0,0,0,0,0,0,0,1,0,"C",2714,12839
-0.134954221426102,0.152205794542992,0.222416193577006,0,1,1,1,0,0,0,0,0,0,0,0,0,0,1,0,"C",946,12840
-0.0863789515093506,0.162646492540475,0.600551221194836,0,1,1,1,0,0,0,0,0,0,0,0,0,0,1,0,"C",2718,12841
-0.0923656997362391,0.1167736288863,-1.10534649566139,0,1,1,1,0,0,0,0,0,0,0,0,0,0,1,0,"C",2372,12842
-0.028708742058063,0.100370659572828,-0.28529668551267,0,1,1,1,0,0,0,0,0,0,0,0,0,0,1,0,"C",1117,12843
-0.169156616978187,0.178222961472559,-0.0335806036293781,0,1,1,1,0,0,0,0,0,0,0,0,0,0,1,0,"C",3186,12844
-0.111625581889861,0.150377826661389,-0.439540589127945,0,1,1,1,0,0,0,0,0,0,0,0,0,0,1,0,"C",2648,12845
-0.0412702026369068,0.118865217411583,-0.728106928292996,0,1,1,1,0,0,0,0,0,0,0,0,0,0,1,0,"C",3379,12846
-0.0722311029716739,0.149888839426803,-0.260177047796076,0,1,1,1,0,0,0,0,0,0,0,0,0,0,1,0,"C",2742,12847
-0.125112911953921,0.181963810561962,0.197919851186767,0,1,1,1,0,0,0,0,0,0,0,0,0,0,1,0,"C",2336,12848
-0.172985501305896,0.12727020308444,0.410337945581082,0,1,1,1,0,0,0,0,0,0,0,0,0,0,1,0,"C",267,12849
-0.136151074771121,0.172568723594234,0.34821331238918,0,1,1,1,0,0,0,0,0,0,0,0,0,0,1,0,"C",1359,12850
-0.10216487434438,0.18820774709792,-0.740675894421975,0,1,1,1,0,0,0,0,0,0,0,0,0,0,1,0,"C",1441,12851
-0.0952715948406763,0.121517403438093,0.275811244962468,0,1,1,1,0,0,0,0,0,0,0,0,0,0,1,0,"C",1962,12852
0.012803492470016,0.0937458027663983,-0.580933967519609,0,1,1,1,0,0,0,0,0,0,0,0,0,0,1,0,"C",3717,12853
-0.128152295542377,0.166143255467554,1.61199351737732,0,1,1,1,0,0,0,0,0,0,0,0,0,0,1,0,"C",347,12854
-0.179836990032271,0.125547133954279,0.152181970546635,0,1,1,1,0,0,0,0,0,0,0,0,0,0,1,0,"C",2090,12855
-0.0816767118487434,0.177080075726499,-0.128666632761377,0,1,1,1,0,0,0,0,0,0,0,0,0,0,1,0,"C",3406,12856
-0.0960669685521433,0.1366252788442,0.381404527952752,0,1,1,1,0,0,0,0,0,0,0,0,0,0,1,0,"C",2061,12857
-0.139713224965633,0.234328266092627,0.241636440246179,0,1,1,1,0,0,0,0,0,0,0,0,0,0,1,0,"C",3699,12858
-0.113715851045528,0.128563541948384,-0.00891389582492703,0,1,1,1,0,0,0,0,0,0,0,0,0,0,1,0,"C",1385,12859
-0.0951356802283267,0.0964994820936939,-0.272430992498035,0,1,1,1,0,0,0,0,0,0,0,0,0,0,1,0,"C",729,12860
-0.0744165688444316,0.160987701576101,-0.0852197571696152,0,1,1,1,0,0,0,0,0,0,0,0,0,0,1,0,"C",712,12861
-0.128396071223623,0.159758399303579,1.46655800929238,0,1,1,1,0,0,0,0,0,0,0,0,0,0,1,0,"C",656,12862
-0.161250341558589,0.220148052930739,0.782647820678653,0,1,1,1,0,0,0,0,0,0,0,0,0,0,1,0,"C",1397,12863
-0.138861515612443,0.185995086150524,1.24792004757684,0,1,1,1,0,0,0,0,0,0,0,0,0,0,1,0,"C",2074,12864
-0.0901127797779859,0.180385002627152,0.196900787491122,0,1,1,1,0,0,0,0,0,0,0,0,0,0,1,0,"C",857,12865
-0.0996690263937254,0.139033258472773,0.291055593072386,0,1,1,1,0,0,0,0,0,0,0,0,0,0,1,0,"C",2257,12866
-0.199961328221982,0.204187064238738,-0.447119909714464,0,1,1,1,0,0,0,0,0,0,0,0,0,0,1,0,"C",1072,12867
-0.114323843895804,0.129451904762105,-0.47609066334599,0,1,1,1,0,0,0,0,0,0,0,0,0,0,1,0,"C",1687,12868
-0.115952519882922,0.167303576455091,-0.0928930821696807,0,1,1,1,0,0,0,0,0,0,0,0,0,0,1,0,"C",2575,12869
-0.174755683856862,0.206647462155287,0.377703380010621,0,1,1,1,0,0,0,0,0,0,0,0,0,0,1,0,"C",3006,12870
-0.140693706115915,0.131684451036084,-0.0191255679001191,0,1,1,1,0,0,0,0,0,0,0,0,0,0,1,0,"C",3732,12871
-0.185363753851459,0.204378216428994,-1.43119933034962,0,1,1,1,0,0,0,0,0,0,0,0,0,0,1,0,"C",482,12872
-0.0891549958859438,0.141997214543395,0.42356284783334,0,1,1,1,0,0,0,0,0,0,0,0,0,0,1,0,"C",1341,12873
-0.1860749837326,0.183068008857934,0.89460295574856,0,1,1,1,0,0,0,0,0,0,0,0,0,0,1,0,"C",3204,12874
-0.0904384464040267,0.0855156313991021,-0.151252544982576,0,1,1,1,0,0,0,0,0,0,0,0,0,0,1,0,"C",1763,12875
-0.0348841812372005,0.144279408986175,-0.340013648511739,0,1,1,1,0,0,0,0,0,0,0,0,0,0,1,0,"C",2318,12876
-0.156348010515178,0.26249746140399,0.676756088864355,0,1,1,1,0,0,0,0,0,0,0,0,0,0,1,0,"C",1059,12877
-0.0300973623488784,0.172558426877962,1.69092730478539,0,1,1,1,0,0,0,0,0,0,0,0,0,0,1,0,"C",1290,12878
-0.119057633517676,0.152227081356652,0.614975592837413,0,1,1,1,0,0,0,0,0,0,0,0,0,0,1,0,"C",3146,12879
-0.030417512399445,0.070292014654794,0.127314380160302,0,1,1,1,0,0,0,0,0,0,0,0,0,0,1,0,"C",1594,12880
-0.027950019517154,0.135403688332116,0.944044169159169,0,1,1,1,0,0,0,0,0,0,0,0,0,0,1,0,"C",2727,12881
-0.104421604534547,0.199963228241443,0.295410914565214,0,1,1,1,0,0,0,0,0,0,0,0,0,0,1,0,"C",2960,12882
-0.11559619757189,0.163508986102138,0.0971589525940158,0,1,1,1,0,0,0,0,0,0,0,0,0,0,1,0,"C",3738,12883
-0.198751263852987,0.216618814468803,-0.0617948562745905,0,1,1,1,0,0,0,0,0,0,0,0,0,0,1,0,"C",1567,12884
-0.0888121841847183,0.0804539875131904,1.06672211662242,0,1,1,1,0,0,0,0,0,0,0,0,0,0,1,0,"C",1930,12885
-0.222419583850997,0.183093768546183,0.0651558798213422,0,1,1,1,0,0,0,0,0,0,0,0,0,0,1,0,"C",3714,12886
-0.131803317146117,0.200005380678111,0.836988125917573,0,1,1,1,0,0,0,0,0,0,0,0,0,0,1,0,"C",435,12887
-0.167848654351943,0.17300641118833,0.655700442918815,0,1,1,1,0,0,0,0,0,0,0,0,0,0,1,0,"C",1461,12888
-0.103657642603345,0.138852713008713,-0.569681119146749,0,1,1,1,0,0,0,0,0,0,0,0,0,0,1,0,"C",2661,12889
-0.039436017541884,0.153934303562277,0.128814366920821,0,1,1,1,0,0,0,0,0,0,0,0,0,0,1,0,"C",1967,12890
-0.115144690633452,0.144658018305326,0.904886843135493,0,1,1,1,0,0,0,0,0,0,0,0,0,0,1,0,"C",2087,12891
-0.109907346720129,0.142473716488677,0.350557527644313,0,1,1,1,0,0,0,0,0,0,0,0,0,0,1,0,"C",2137,12892
-0.0681909035356953,0.104500274191532,0.488587359208975,0,1,1,1,0,0,0,0,0,0,0,0,0,0,1,0,"C",2578,12893
-0.169649956239586,0.177658210189798,0.357290741330035,0,1,1,1,0,0,0,0,0,0,0,0,0,0,1,0,"C",899,12894
-0.175789461835583,0.185099932297912,0.705303290464653,0,1,1,1,0,0,0,0,0,0,0,0,0,0,1,0,"C",3030,12895
-0.146495660604149,0.249387997752103,0.688238060192418,0,1,1,1,0,0,0,0,0,0,0,0,0,0,1,0,"C",2602,12896
-0.084532133132595,0.15674288440769,0.85314284602017,0,1,1,1,0,0,0,0,0,0,0,0,0,0,1,0,"C",394,12897
-0.0143950242497283,0.133850020845003,-0.310952521576865,0,1,1,1,0,0,0,0,0,0,0,0,0,0,1,0,"C",3326,12898
-0.113807789579767,0.140072637327218,-0.169850280208222,0,1,1,1,0,0,0,0,0,0,0,0,0,0,1,0,"C",2240,12899
-0.0758335948723452,0.109451163056086,0.308781234050572,0,1,1,1,0,0,0,0,0,0,0,0,0,0,1,0,"D",491,12900
0.0745590432980422,0.067793771024398,0.0923392292983721,0,1,1,1,0,0,0,0,0,0,0,0,0,0,1,0,"D",3721,12901
0.0104322502994637,0.23309587460956,2.04568998351426,0,1,1,1,0,0,0,0,0,0,0,0,0,0,1,0,"D",3402,12902
0.0393135916119454,0.0634834905836938,0.388200936089713,0,1,1,1,0,0,0,0,0,0,0,0,0,0,1,0,"D",368,12903
-0.0868909085294161,0.109580844040731,-1.23485642259744,0,1,1,1,0,0,0,0,0,0,0,0,0,0,1,0,"D",1484,12904
-0.172239152693819,0.155304540066543,-1.54337024744548,0,1,1,1,0,0,0,0,0,0,0,0,0,0,1,0,"D",2487,12905
-0.170688842225481,0.149264157024965,-2.3209633376033,0,1,1,1,0,0,0,0,0,0,0,0,0,0,1,0,"D",1608,12906
-0.0410064684687997,0.11965303687326,-1.03646336263193,0,1,1,1,0,0,0,0,0,0,0,0,0,0,1,0,"D",1462,12907
-0.114071398078223,0.124787812729418,-0.747197238224181,0,1,1,1,0,0,0,0,0,0,0,0,0,0,1,0,"D",3495,12908
-0.131868923441232,0.171675571005358,0.747945699246867,0,1,1,1,0,0,0,0,0,0,0,0,0,0,1,0,"D",3583,12909
-0.146643502789357,0.187942134437615,2.29729353787864,0,1,1,1,0,0,0,0,0,0,0,0,0,0,1,0,"D",1747,12910
-0.050089895706508,0.141717413705424,-0.977988802463804,0,1,1,1,0,0,0,0,0,0,0,0,0,0,1,0,"D",344,12911
-0.111525457975599,0.0967088033001714,0.267348186005024,0,1,1,1,0,0,0,0,0,0,0,0,0,0,1,0,"D",3343,12912
0.087807576267672,0.152809118804349,-0.132012477536685,0,1,1,1,0,0,0,0,0,0,0,0,0,0,1,0,"D",2191,12913
0.019642242876969,0.111042068111353,-0.832903521885072,0,1,1,1,0,0,0,0,0,0,0,0,0,0,1,0,"D",2986,12914
0.0381023323972105,0.0939711843901542,2.06463442795218,0,1,1,1,0,0,0,0,0,0,0,0,0,0,1,0,"D",3527,12915
-0.123262886546625,0.141472657753633,1.96096314895117,0,1,1,1,0,0,0,0,0,0,0,0,0,0,1,0,"D",3748,12916
0.0110234082667694,0.159073779130073,-0.215150554697843,0,1,1,1,0,0,0,0,0,0,0,0,0,0,1,0,"D",930,12917
-0.0100843257324246,0.136178479727038,-1.12333667249533,0,1,1,1,0,0,0,0,0,0,0,0,0,0,1,0,"D",1560,12918
0.00527506222565868,0.109660191837198,-2.41372030309012,0,1,1,1,0,0,0,0,0,0,0,0,0,0,1,0,"D",1549,12919
-0.196953058571844,0.290754379229043,-1.55241957671801,0,1,1,1,0,0,0,0,0,0,0,0,0,0,1,0,"D",3423,12920
-0.168533026140604,0.112824087541458,0.256611787577743,0,1,1,1,0,0,0,0,0,0,0,0,0,0,1,0,"D",3464,12921
-0.0462402925993414,0.127355379909856,0.508301136962736,0,1,1,1,0,0,0,0,0,0,0,0,0,0,1,0,"D",1646,12922
0.069231914184748,0.11885685398547,-1.15269341227761,0,1,1,1,0,0,0,0,0,0,0,0,0,0,1,0,"D",2823,12923
-0.0904014213472683,0.188932224066185,-0.52358411865139,0,1,1,1,0,0,0,0,0,0,0,0,0,0,1,0,"D",2022,12924
-0.0328689539347055,0.0470042052816618,0.0479905028033313,0,1,1,1,0,0,0,0,0,0,0,0,0,0,1,0,"D",1255,12925
0.162607614342321,0.0459378049435036,0.966999946917539,0,1,1,1,0,0,0,0,0,0,0,0,0,0,1,0,"D",1691,12926
-0.156433293225369,0.169232591969643,-2.03932314254152,0,1,1,1,0,0,0,0,0,0,0,0,0,0,1,0,"D",3414,12927
-0.126895997534395,0.115391437180938,1.49126184826782,0,1,1,1,0,0,0,0,0,0,0,0,0,0,1,0,"D",1362,12928
0.030842953364848,0.176579556159444,-2.17971965427101,0,1,1,1,0,0,0,0,0,0,0,0,0,0,1,0,"D",2845,12929
-0.0964779765378637,0.195065782521934,1.72142292986961,0,1,1,1,0,0,0,0,0,0,0,0,0,0,1,0,"D",2333,12930
0.0107266022558919,0.126764093680803,1.02252342351599,0,1,1,1,0,0,0,0,0,0,0,0,0,0,1,0,"D",2005,12931
-0.107018342237888,0.144032449809,-0.459374427124926,0,1,1,1,0,0,0,0,0,0,0,0,0,0,1,0,"D",2937,12932
-0.0698435607866426,0.0743573238133613,1.20282332838929,0,1,1,1,0,0,0,0,0,0,0,0,0,0,1,0,"D",1628,12933
-0.0530801488812926,0.198603955530477,-0.153209242796415,0,1,1,1,0,0,0,0,0,0,0,0,0,0,1,0,"D",3122,12934
-0.037979010337742,0.194569926243657,-0.770288537583776,0,1,1,1,0,0,0,0,0,0,0,0,0,0,1,0,"D",666,12935
-0.0742101970144573,0.145300820495907,-0.781368107491795,0,1,1,1,0,0,0,0,0,0,0,0,0,0,1,0,"D",1125,12936
0.142559723336474,0.142860726631619,0.539145962935992,0,1,1,1,0,0,0,0,0,0,0,0,0,0,1,0,"D",33,12937
-0.118964904577243,0.161750407368696,-1.2257523649685,0,1,1,1,0,0,0,0,0,0,0,0,0,0,1,0,"D",1671,12938
-0.082387793596382,0.186229275234068,-0.315914537734175,0,1,1,1,0,0,0,0,0,0,0,0,0,0,1,0,"D",2714,12939
-0.106375713781841,0.13145484150564,0.0326317671521432,0,1,1,1,0,0,0,0,0,0,0,0,0,0,1,0,"D",946,12940
-0.0823195147616438,0.0977037748654033,1.27859236612117,0,1,1,1,0,0,0,0,0,0,0,0,0,0,1,0,"D",2718,12941
-0.148006710381409,0.117502854255025,-1.85008656933196,0,1,1,1,0,0,0,0,0,0,0,0,0,0,1,0,"D",2372,12942
-0.0669714067577554,0.105942544895894,-1.18969910839143,0,1,1,1,0,0,0,0,0,0,0,0,0,0,1,0,"D",1117,12943
0.0466288188002481,0.0450363132032651,-0.0644132025943932,0,1,1,1,0,0,0,0,0,0,0,0,0,0,1,0,"D",3186,12944
-0.0835665901115553,0.20262153711744,0.0529464141053193,0,1,1,1,0,0,0,0,0,0,0,0,0,0,1,0,"D",2648,12945
-0.266673080325388,0.243408175180322,-0.737758123298574,0,1,1,1,0,0,0,0,0,0,0,0,0,0,1,0,"D",3379,12946
-0.0852898783575709,0.136728836400822,-0.0219187553983864,0,1,1,1,0,0,0,0,0,0,0,0,0,0,1,0,"D",2742,12947
0.176552053543153,0.147735127017449,-1.38219797729844,0,1,1,1,0,0,0,0,0,0,0,0,0,0,1,0,"D",2336,12948
0.010521256709699,0.0630430384593211,0.405825533469388,0,1,1,1,0,0,0,0,0,0,0,0,0,0,1,0,"D",267,12949
-0.0220836517441102,0.153223936790997,0.276622464164076,0,1,1,1,0,0,0,0,0,0,0,0,0,0,1,0,"D",1359,12950
0.0450282279137112,0.0798210874646755,-2.43491502239824,0,1,1,1,0,0,0,0,0,0,0,0,0,0,1,0,"D",1441,12951
-0.139195457277916,0.156336519258594,-1.54854717436161,0,1,1,1,0,0,0,0,0,0,0,0,0,0,1,0,"D",1962,12952
-0.0597531132311672,0.157729725574,-1.7458835267266,0,1,1,1,0,0,0,0,0,0,0,0,0,0,1,0,"D",3717,12953
-0.208301896497903,0.276896649313834,0.174809961513064,0,1,1,1,0,0,0,0,0,0,0,0,0,0,1,0,"D",347,12954
-0.136017504339591,0.178722773069064,-1.01821464358503,0,1,1,1,0,0,0,0,0,0,0,0,0,0,1,0,"D",2090,12955
0.0409064963501591,0.185655662517874,0.865567167198857,0,1,1,1,0,0,0,0,0,0,0,0,0,0,1,0,"D",3406,12956
-0.0171869918960525,0.20489249932173,0.47421052283841,0,1,1,1,0,0,0,0,0,0,0,0,0,0,1,0,"D",2061,12957
-0.113588339466468,0.137739650652861,0.236283334812447,0,1,1,1,0,0,0,0,0,0,0,0,0,0,1,0,"D",3699,12958
-0.0701408846379249,0.157040359725903,-0.973626109838952,0,1,1,1,0,0,0,0,0,0,0,0,0,0,1,0,"D",1385,12959
-0.0918696309050428,0.118739312437476,-1.32844408463084,0,1,1,1,0,0,0,0,0,0,0,0,0,0,1,0,"D",729,12960
-0.0345320462891587,0.118656595438605,-1.33416438206959,0,1,1,1,0,0,0,0,0,0,0,0,0,0,1,0,"D",712,12961
0.0102935720073732,0.0986864644596291,-1.10916529516614,0,1,1,1,0,0,0,0,0,0,0,0,0,0,1,0,"D",656,12962
-0.0257694506821478,0.0945933147937114,-0.306086334973692,0,1,1,1,0,0,0,0,0,0,0,0,0,0,1,0,"D",1397,12963
-0.0672115373659586,0.144331906570271,-1.73924953165796,0,1,1,1,0,0,0,0,0,0,0,0,0,0,1,0,"D",2074,12964
-0.156409759006751,0.199113440793019,0.990619559785943,0,1,1,1,0,0,0,0,0,0,0,0,0,0,1,0,"D",857,12965
-0.202934185687707,0.243810281190992,0.323512914356548,0,1,1,1,0,0,0,0,0,0,0,0,0,0,1,0,"D",2257,12966
-0.125184211824097,0.139329856868622,1.10598772945426,0,1,1,1,0,0,0,0,0,0,0,0,0,0,1,0,"D",1072,12967
0.0194943273664836,0.119660735223205,0.661412284859968,0,1,1,1,0,0,0,0,0,0,0,0,0,0,1,0,"D",1687,12968
0.0266996166760579,0.125264781991993,-1.09757788647822,0,1,1,1,0,0,0,0,0,0,0,0,0,0,1,0,"D",2575,12969
-0.192323456304008,0.159486169780282,2.27010320633258,0,1,1,1,0,0,0,0,0,0,0,0,0,0,1,0,"D",3006,12970
-0.0544780584546963,0.17694958119616,0.0957242855823722,0,1,1,1,0,0,0,0,0,0,0,0,0,0,1,0,"D",3732,12971
-0.107109643987424,0.144062311369299,-0.0720559858440944,0,1,1,1,0,0,0,0,0,0,0,0,0,0,1,0,"D",482,12972
-0.000262210500245808,0.118423297493879,-1.87073062578529,0,1,1,1,0,0,0,0,0,0,0,0,0,0,1,0,"D",1341,12973
-0.0510138167524026,0.0918327354335261,-1.61212704872918,0,1,1,1,0,0,0,0,0,0,0,0,0,0,1,0,"D",3204,12974
-0.100429604495413,0.132634736902219,-2.43160872641469,0,1,1,1,0,0,0,0,0,0,0,0,0,0,1,0,"D",1763,12975
-0.116145481537389,0.0976192422625037,-0.910651627366101,0,1,1,1,0,0,0,0,0,0,0,0,0,0,1,0,"D",2318,12976
-0.0559406031876727,0.171285337967822,2.72959426833946,0,1,1,1,0,0,0,0,0,0,0,0,0,0,1,0,"D",1059,12977
-0.183890030502276,0.178114387573161,-2.04337623984738,0,1,1,1,0,0,0,0,0,0,0,0,0,0,1,0,"D",1290,12978
0.00763970778034042,0.110565867335108,0.54863793825674,0,1,1,1,0,0,0,0,0,0,0,0,0,0,1,0,"D",3146,12979
-0.217080676444433,0.223570351155304,1.1391315632553,0,1,1,1,0,0,0,0,0,0,0,0,0,0,1,0,"D",1594,12980
-0.0384288111380613,0.186536259417256,-1.68150490362008,0,1,1,1,0,0,0,0,0,0,0,0,0,0,1,0,"D",2727,12981
-0.00493689370574711,0.177799043678627,-0.689945593828914,0,1,1,1,0,0,0,0,0,0,0,0,0,0,1,0,"D",2960,12982
-0.0612058231029019,0.121208990152747,-0.158897082642901,0,1,1,1,0,0,0,0,0,0,0,0,0,0,1,0,"D",3738,12983
-0.0858214644356003,0.216779301750695,-0.721039246179067,0,1,1,1,0,0,0,0,0,0,0,0,0,0,1,0,"D",1567,12984
-0.00665309864328984,0.121879061704693,-1.62101723045932,0,1,1,1,0,0,0,0,0,0,0,0,0,0,1,0,"D",1930,12985
-0.0440723885084095,0.0486252722509169,0.147155191752319,0,1,1,1,0,0,0,0,0,0,0,0,0,0,1,0,"D",3714,12986
-0.0130202493168353,0.24893506042672,-0.456883038553229,0,1,1,1,0,0,0,0,0,0,0,0,0,0,1,0,"D",435,12987
0.0422444775887981,0.0852436397625366,1.08283664203044,0,1,1,1,0,0,0,0,0,0,0,0,0,0,1,0,"D",1461,12988
0.00866510975005932,0.0980084783421429,1.38678343713743,0,1,1,1,0,0,0,0,0,0,0,0,0,0,1,0,"D",2661,12989
-0.0383086561240975,0.156044442233741,-2.08383093454086,0,1,1,1,0,0,0,0,0,0,0,0,0,0,1,0,"D",1967,12990
-0.0958860547030974,0.193444266711625,-0.0938219671542772,0,1,1,1,0,0,0,0,0,0,0,0,0,0,1,0,"D",2087,12991
-0.106041290237735,0.146291025583706,-1.53726189379267,0,1,1,1,0,0,0,0,0,0,0,0,0,0,1,0,"D",2137,12992
-0.0204667426252072,0.135693031429804,-1.26645610903629,0,1,1,1,0,0,0,0,0,0,0,0,0,0,1,0,"D",2578,12993
-0.146237600921855,0.141011667459709,0.0777904740909696,0,1,1,1,0,0,0,0,0,0,0,0,0,0,1,0,"D",899,12994
-0.20050513206679,0.142110970349031,0.718525466813349,0,1,1,1,0,0,0,0,0,0,0,0,0,0,1,0,"D",3030,12995
0.028215256807674,0.184417055947628,-1.52366111659163,0,1,1,1,0,0,0,0,0,0,0,0,0,0,1,0,"D",2602,12996
0.0196212897688725,0.0828279615146873,1.30124185977257,0,1,1,1,0,0,0,0,0,0,0,0,0,0,1,0,"D",394,12997
-0.0422471098824203,0.0817212694430908,0.778412506051711,0,1,1,1,0,0,0,0,0,0,0,0,0,0,1,0,"D",3326,12998
-0.00226256781991871,0.177179638426366,-1.45711796555918,0,1,1,1,0,0,0,0,0,0,0,0,0,0,1,0,"D",2240,12999
-0.0982575956449395,0.0928639071364222,-0.286476959722387,0,0,1,1,1,0,0,0,0,0,0,0,0,0,1,0,"C",491,13000
-0.16600128209108,0.1358114010963,-1.90791146658465,0,0,1,1,1,0,0,0,0,0,0,0,0,0,1,0,"C",3721,13001
-0.104037704947998,0.104272062393179,-0.758908134128968,0,0,1,1,1,0,0,0,0,0,0,0,0,0,1,0,"C",3402,13002
-0.0763945269458751,0.0770285204566952,-1.66267722092774,0,0,1,1,1,0,0,0,0,0,0,0,0,0,1,0,"C",368,13003
-0.0703506503403409,0.0527729373717575,-0.626460181813311,0,0,1,1,1,0,0,0,0,0,0,0,0,0,1,0,"C",1484,13004
-0.063225152636988,0.0800119124528396,-0.504334864605404,0,0,1,1,1,0,0,0,0,0,0,0,0,0,1,0,"C",2487,13005
-0.092426356084629,0.0806635923954084,0.0490768494150955,0,0,1,1,1,0,0,0,0,0,0,0,0,0,1,0,"C",1608,13006
-0.0756292817421119,0.0621203009132076,0.221252584828331,0,0,1,1,1,0,0,0,0,0,0,0,0,0,1,0,"C",1462,13007
-0.135758016752571,0.131671467849694,-1.31953417621588,0,0,1,1,1,0,0,0,0,0,0,0,0,0,1,0,"C",3495,13008
-0.0765768786902625,0.0531182423598465,-1.45371700403382,0,0,1,1,1,0,0,0,0,0,0,0,0,0,1,0,"C",3583,13009
-0.181328825434008,0.111981275615803,-0.653642562135401,0,0,1,1,1,0,0,0,0,0,0,0,0,0,1,0,"C",1747,13010
-0.101564086854762,0.108072506065958,-1.0204903243618,0,0,1,1,1,0,0,0,0,0,0,0,0,0,1,0,"C",344,13011
-0.0819112252505257,0.0568586064856827,-1.26973720937611,0,0,1,1,1,0,0,0,0,0,0,0,0,0,1,0,"C",3343,13012
-0.0688786861172889,0.0757530508880753,-1.0835465422958,0,0,1,1,1,0,0,0,0,0,0,0,0,0,1,0,"C",2191,13013
-0.123025289111247,0.0849354873756252,-1.44889297729218,0,0,1,1,1,0,0,0,0,0,0,0,0,0,1,0,"C",2986,13014
-0.0776090123202689,0.0686734060623291,-0.159936826313595,0,0,1,1,1,0,0,0,0,0,0,0,0,0,1,0,"C",3527,13015
-0.0930585303912693,0.0536238200328491,-0.240533318578222,0,0,1,1,1,0,0,0,0,0,0,0,0,0,1,0,"C",3748,13016
-0.0807011227277808,0.080131512100189,-0.720258886009952,0,0,1,1,1,0,0,0,0,0,0,0,0,0,1,0,"C",930,13017
-0.0867686563932934,0.0855877500194528,-1.45078870485064,0,0,1,1,1,0,0,0,0,0,0,0,0,0,1,0,"C",1560,13018
-0.0594007104904562,0.0663572304697356,-1.51001247243541,0,0,1,1,1,0,0,0,0,0,0,0,0,0,1,0,"C",1549,13019
-0.118863966965912,0.0800740941254721,-0.127300773893861,0,0,1,1,1,0,0,0,0,0,0,0,0,0,1,0,"C",3423,13020
-0.0761467952041794,0.0682484116902413,-0.727461515743605,0,0,1,1,1,0,0,0,0,0,0,0,0,0,1,0,"C",3464,13021
-0.0688033114839662,0.0788441016833054,0.182651851850291,0,0,1,1,1,0,0,0,0,0,0,0,0,0,1,0,"C",1646,13022
-0.0709614248252987,0.0786852973978057,-1.60594102634102,0,0,1,1,1,0,0,0,0,0,0,0,0,0,1,0,"C",2823,13023
-0.100510131900124,0.0902669096995346,-1.10669231285096,0,0,1,1,1,0,0,0,0,0,0,0,0,0,1,0,"C",2022,13024
-0.117220488288566,0.116287466956434,-0.950367325371197,0,0,1,1,1,0,0,0,0,0,0,0,0,0,1,0,"C",1255,13025
-0.113063446714492,0.107561753024807,-0.380602520776868,0,0,1,1,1,0,0,0,0,0,0,0,0,0,1,0,"C",1691,13026
-0.046458131837634,0.0760938680120399,0.75508307009931,0,0,1,1,1,0,0,0,0,0,0,0,0,0,1,0,"C",3414,13027
-0.107003662015131,0.0819133557252885,-0.361526830827677,0,0,1,1,1,0,0,0,0,0,0,0,0,0,1,0,"C",1362,13028
-0.069534231621098,0.0616410797326032,-0.822229408487635,0,0,1,1,1,0,0,0,0,0,0,0,0,0,1,0,"C",2845,13029
-0.0669582086864416,0.035532797206934,-0.561295884354682,0,0,1,1,1,0,0,0,0,0,0,0,0,0,1,0,"C",2333,13030
-0.0610083883933677,0.0516253342566868,-0.792584987088798,0,0,1,1,1,0,0,0,0,0,0,0,0,0,1,0,"C",2005,13031
-0.10740904899276,0.103253442689697,-2.094366244171,0,0,1,1,1,0,0,0,0,0,0,0,0,0,1,0,"C",2937,13032
-0.10440159291259,0.100148088673938,-0.951196993557543,0,0,1,1,1,0,0,0,0,0,0,0,0,0,1,0,"C",1628,13033
-0.0989942279927127,0.0850341566317506,-0.697039800167689,0,0,1,1,1,0,0,0,0,0,0,0,0,0,1,0,"C",3122,13034
-0.089851527894374,0.104143871114878,-1.26252133350731,0,0,1,1,1,0,0,0,0,0,0,0,0,0,1,0,"C",666,13035
-0.0327194291455089,0.0307116853204528,0.338859929469226,0,0,1,1,1,0,0,0,0,0,0,0,0,0,1,0,"C",1125,13036
-0.0434211094083571,0.0655782046630949,0.110100505107522,0,0,1,1,1,0,0,0,0,0,0,0,0,0,1,0,"C",33,13037
-0.105088815380832,0.0791747180033658,-0.418130328956607,0,0,1,1,1,0,0,0,0,0,0,0,0,0,1,0,"C",1671,13038
-0.12405648245015,0.123099517482415,-1.59731918353322,0,0,1,1,1,0,0,0,0,0,0,0,0,0,1,0,"C",2714,13039
-0.0621747061908868,0.0704584291250113,-1.21282511877163,0,0,1,1,1,0,0,0,0,0,0,0,0,0,1,0,"C",946,13040
-0.014653765497111,0.0408324989815126,-0.90479257507209,0,0,1,1,1,0,0,0,0,0,0,0,0,0,1,0,"C",2718,13041
-0.113008925637729,0.113281624017578,-1.58360598385125,0,0,1,1,1,0,0,0,0,0,0,0,0,0,1,0,"C",2372,13042
-0.0872013501580559,0.0842627878443443,-1.05723022525573,0,0,1,1,1,0,0,0,0,0,0,0,0,0,1,0,"C",1117,13043
-0.116607145824432,0.11428512933974,-1.69089706210711,0,0,1,1,1,0,0,0,0,0,0,0,0,0,1,0,"C",3186,13044
-0.0730501130672936,0.0562527000748765,-0.818863407157319,0,0,1,1,1,0,0,0,0,0,0,0,0,0,1,0,"C",2648,13045
-0.0850224830643284,0.0807829496397571,-1.90776554935582,0,0,1,1,1,0,0,0,0,0,0,0,0,0,1,0,"C",3379,13046
-0.0773994508051456,0.0543565946114093,-0.869938148791436,0,0,1,1,1,0,0,0,0,0,0,0,0,0,1,0,"C",2742,13047
-0.128022509688297,0.112987809744952,-1.35244149694238,0,0,1,1,1,0,0,0,0,0,0,0,0,0,1,0,"C",2336,13048
-0.110367303403614,0.120805238288374,-0.975687760723423,0,0,1,1,1,0,0,0,0,0,0,0,0,0,1,0,"C",267,13049
-0.0654327820848562,0.0869554255082954,-0.641848210101919,0,0,1,1,1,0,0,0,0,0,0,0,0,0,1,0,"C",1359,13050
-0.114638035311362,0.137413409722407,-1.13417314546281,0,0,1,1,1,0,0,0,0,0,0,0,0,0,1,0,"C",1441,13051
-0.036261492322518,0.0523984232731975,0.251662054861438,0,0,1,1,1,0,0,0,0,0,0,0,0,0,1,0,"C",1962,13052
-0.070515373241772,0.114999132062181,-0.798415981231008,0,0,1,1,1,0,0,0,0,0,0,0,0,0,1,0,"C",3717,13053
-0.0652658372845856,0.0503731365898788,-0.569187034583524,0,0,1,1,1,0,0,0,0,0,0,0,0,0,1,0,"C",347,13054
-0.0917097208346002,0.0906871242470816,-0.117015896052792,0,0,1,1,1,0,0,0,0,0,0,0,0,0,1,0,"C",2090,13055
-0.0534577059566655,0.0676965735639288,0.537734685109311,0,0,1,1,1,0,0,0,0,0,0,0,0,0,1,0,"C",3406,13056
-0.0997873143439785,0.0687277246392319,-0.51575505164388,0,0,1,1,1,0,0,0,0,0,0,0,0,0,1,0,"C",2061,13057
-0.133782606978005,0.124603617855774,-0.440904355046563,0,0,1,1,1,0,0,0,0,0,0,0,0,0,1,0,"C",3699,13058
-0.104976960771194,0.00763160908044162,-1.17515011020325,0,0,1,1,1,0,0,0,0,0,0,0,0,0,1,0,"C",1385,13059
-0.0494046830817509,0.0436627332084699,-0.0317989978607658,0,0,1,1,1,0,0,0,0,0,0,0,0,0,1,0,"C",729,13060
-0.0949116493865833,0.0709078876576872,-1.02822174066613,0,0,1,1,1,0,0,0,0,0,0,0,0,0,1,0,"C",712,13061
-0.0916346305760817,0.0558102623700711,-0.766789183510282,0,0,1,1,1,0,0,0,0,0,0,0,0,0,1,0,"C",656,13062
-0.109712581612469,0.0959867918502779,-1.26412083283044,0,0,1,1,1,0,0,0,0,0,0,0,0,0,1,0,"C",1397,13063
-0.0901268387794547,0.0606801594811112,-0.658987324965679,0,0,1,1,1,0,0,0,0,0,0,0,0,0,1,0,"C",2074,13064
-0.105954610239325,0.0804210571733447,-0.891867546350144,0,0,1,1,1,0,0,0,0,0,0,0,0,0,1,0,"C",857,13065
-0.0994255062856097,0.0728409563797223,-1.34915337765884,0,0,1,1,1,0,0,0,0,0,0,0,0,0,1,0,"C",2257,13066
-0.0822699333153844,0.0831318543011579,-1.91383006989689,0,0,1,1,1,0,0,0,0,0,0,0,0,0,1,0,"C",1072,13067
-0.0729771610781734,0.0790562231181589,-0.905567829837744,0,0,1,1,1,0,0,0,0,0,0,0,0,0,1,0,"C",1687,13068
-0.117626374419123,0.089724195583821,-0.809111362352054,0,0,1,1,1,0,0,0,0,0,0,0,0,0,1,0,"C",2575,13069
-0.140346762575542,0.108627481401166,-1.39403684335349,0,0,1,1,1,0,0,0,0,0,0,0,0,0,1,0,"C",3006,13070
-0.102117780771967,0.0995806967926883,-1.16729894885222,0,0,1,1,1,0,0,0,0,0,0,0,0,0,1,0,"C",3732,13071
-0.128893691230893,0.146997577797773,-2.45953207494849,0,0,1,1,1,0,0,0,0,0,0,0,0,0,1,0,"C",482,13072
-0.0460509125906123,0.0614479185995741,-1.06536870034229,0,0,1,1,1,0,0,0,0,0,0,0,0,0,1,0,"C",1341,13073
-0.115615731586358,0.0895102643797208,-1.17706653200913,0,0,1,1,1,0,0,0,0,0,0,0,0,0,1,0,"C",3204,13074
-0.0477044076170606,0.0769632399913417,-0.539696525124729,0,0,1,1,1,0,0,0,0,0,0,0,0,0,1,0,"C",1763,13075
-0.116390515179944,0.0875542835085533,-0.724003757469712,0,0,1,1,1,0,0,0,0,0,0,0,0,0,1,0,"C",2318,13076
-0.106268955138299,0.0947632160657511,-1.13061890856483,0,0,1,1,1,0,0,0,0,0,0,0,0,0,1,0,"C",1059,13077
-0.0906056019554038,0.0717331689646181,-0.267514704078035,0,0,1,1,1,0,0,0,0,0,0,0,0,0,1,0,"C",1290,13078
-0.068820343706763,0.0726143367158904,0.0437720774887646,0,0,1,1,1,0,0,0,0,0,0,0,0,0,1,0,"C",3146,13079
-0.0896429487095966,0.0465576405586518,-0.549749655860955,0,0,1,1,1,0,0,0,0,0,0,0,0,0,1,0,"C",1594,13080
-0.0925321294709967,0.085434689962762,-0.425048513019893,0,0,1,1,1,0,0,0,0,0,0,0,0,0,1,0,"C",2727,13081
-0.123152260678285,0.105604013061551,-1.38974205117221,0,0,1,1,1,0,0,0,0,0,0,0,0,0,1,0,"C",2960,13082
-0.0519841793156458,0.0343574424872325,-1.10128478050268,0,0,1,1,1,0,0,0,0,0,0,0,0,0,1,0,"C",3738,13083
-0.165954213035351,0.100875042756328,-1.57389680362816,0,0,1,1,1,0,0,0,0,0,0,0,0,0,1,0,"C",1567,13084
-0.0981104931237941,0.0560631617438733,-0.905495820900134,0,0,1,1,1,0,0,0,0,0,0,0,0,0,1,0,"C",1930,13085
-0.0858278699378482,0.117338008219956,-1.34546056429566,0,0,1,1,1,0,0,0,0,0,0,0,0,0,1,0,"C",3714,13086
-0.102309882068219,0.101066959629161,-0.698534820881114,0,0,1,1,1,0,0,0,0,0,0,0,0,0,1,0,"C",435,13087
-0.0863546903777471,0.0604909400769556,0.196535854503117,0,0,1,1,1,0,0,0,0,0,0,0,0,0,1,0,"C",1461,13088
-0.114350094123846,0.125887849142015,-1.81622172214469,0,0,1,1,1,0,0,0,0,0,0,0,0,0,1,0,"C",2661,13089
-0.101986477633701,0.0902366678687125,-0.741536576184136,0,0,1,1,1,0,0,0,0,0,0,0,0,0,1,0,"C",1967,13090
-0.0743824072720812,0.0755351022867063,-0.215498061809641,0,0,1,1,1,0,0,0,0,0,0,0,0,0,1,0,"C",2087,13091
-0.0807576938476816,0.098699920852621,-0.932177194270878,0,0,1,1,1,0,0,0,0,0,0,0,0,0,1,0,"C",2137,13092
-0.0520396342567182,0.0490028045268878,-0.857695000960273,0,0,1,1,1,0,0,0,0,0,0,0,0,0,1,0,"C",2578,13093
-0.0883882843659416,0.0603464487274005,0.244481117361575,0,0,1,1,1,0,0,0,0,0,0,0,0,0,1,0,"C",899,13094
-0.0764453675544588,0.085738621713833,-1.60113300959329,0,0,1,1,1,0,0,0,0,0,0,0,0,0,1,0,"C",3030,13095
-0.0996316684754715,0.115374911213988,-1.12113505394083,0,0,1,1,1,0,0,0,0,0,0,0,0,0,1,0,"C",2602,13096
-0.13089513907292,0.0822255708185803,-0.756248131159153,0,0,1,1,1,0,0,0,0,0,0,0,0,0,1,0,"C",394,13097
-0.0912652445471482,0.0645620139706481,-1.37623063536054,0,0,1,1,1,0,0,0,0,0,0,0,0,0,1,0,"C",3326,13098
-0.118621965363606,0.104755053054078,-0.438116863369866,0,0,1,1,1,0,0,0,0,0,0,0,0,0,1,0,"C",2240,13099
-0.0614445614021722,0.0386719461428588,0.455591309760138,0,0,1,1,1,0,0,0,0,0,0,0,0,0,1,0,"D",491,13100
-0.0923070811289231,0.0693154922985221,0.869789868669601,0,0,1,1,1,0,0,0,0,0,0,0,0,0,1,0,"D",3721,13101
-0.11013850488707,0.0955077928263802,0.649888984950554,0,0,1,1,1,0,0,0,0,0,0,0,0,0,1,0,"D",3402,13102
-0.109976852110595,0.10601839190867,0.709243589767155,0,0,1,1,1,0,0,0,0,0,0,0,0,0,1,0,"D",368,13103
-0.126239492098688,0.105940348243925,0.606479487398037,0,0,1,1,1,0,0,0,0,0,0,0,0,0,1,0,"D",1484,13104
-0.076212912996304,0.0667109199667975,1.07080675904028,0,0,1,1,1,0,0,0,0,0,0,0,0,0,1,0,"D",2487,13105
-0.100420504802365,0.0684715254368667,0.691934974626163,0,0,1,1,1,0,0,0,0,0,0,0,0,0,1,0,"D",1608,13106
-0.0924713896804609,0.0674898389893989,0.858700394777407,0,0,1,1,1,0,0,0,0,0,0,0,0,0,1,0,"D",1462,13107
-0.0753681412962931,0.0578270535974625,0.675359075684596,0,0,1,1,1,0,0,0,0,0,0,0,0,0,1,0,"D",3495,13108
-0.0766095955410987,0.0593463011627091,0.903691400742871,0,0,1,1,1,0,0,0,0,0,0,0,0,0,1,0,"D",3583,13109
-0.0740166027061399,0.0806521280417981,0.192268540723596,0,0,1,1,1,0,0,0,0,0,0,0,0,0,1,0,"D",1747,13110
-0.119532385798282,0.103017975514728,1.38319436449301,0,0,1,1,1,0,0,0,0,0,0,0,0,0,1,0,"D",344,13111
-0.0907107695378073,0.0837755785353366,1.25335779668137,0,0,1,1,1,0,0,0,0,0,0,0,0,0,1,0,"D",3343,13112
-0.137985355940756,0.0985670658211051,0.416742219356989,0,0,1,1,1,0,0,0,0,0,0,0,0,0,1,0,"D",2191,13113
-0.110124652288593,0.103418054791916,0.749557928458686,0,0,1,1,1,0,0,0,0,0,0,0,0,0,1,0,"D",2986,13114
-0.0593282918426339,0.0614149358128773,0.776909906692317,0,0,1,1,1,0,0,0,0,0,0,0,0,0,1,0,"D",3527,13115
-0.0854475495758241,0.0947555015150782,0.625321802025812,0,0,1,1,1,0,0,0,0,0,0,0,0,0,1,0,"D",3748,13116
-0.0687855231571822,0.0483218218558688,0.920717857193377,0,0,1,1,1,0,0,0,0,0,0,0,0,0,1,0,"D",930,13117
-0.0965091251685995,0.0913778037952295,1.00145778082931,0,0,1,1,1,0,0,0,0,0,0,0,0,0,1,0,"D",1560,13118
-0.0788109820606635,0.0785734348792758,0.728665130506016,0,0,1,1,1,0,0,0,0,0,0,0,0,0,1,0,"D",1549,13119
-0.109774122583588,0.079336345897358,0.870923465682475,0,0,1,1,1,0,0,0,0,0,0,0,0,0,1,0,"D",3423,13120
-0.0882122681144155,0.0886994902211464,-0.543616314577016,0,0,1,1,1,0,0,0,0,0,0,0,0,0,1,0,"D",3464,13121
-0.0978539818514695,0.0967736745383405,1.28106409519572,0,0,1,1,1,0,0,0,0,0,0,0,0,0,1,0,"D",1646,13122
-0.0895687084559642,0.0890119469775287,0.511451361626842,0,0,1,1,1,0,0,0,0,0,0,0,0,0,1,0,"D",2823,13123
-0.0820424940226507,0.0736014789221259,0.410325520059383,0,0,1,1,1,0,0,0,0,0,0,0,0,0,1,0,"D",2022,13124
-0.0546331546491778,0.0284498466762046,0.222988703622099,0,0,1,1,1,0,0,0,0,0,0,0,0,0,1,0,"D",1255,13125
-0.0857201527617615,0.0903759055927066,0.754388189227233,0,0,1,1,1,0,0,0,0,0,0,0,0,0,1,0,"D",1691,13126
-0.0936009473270373,0.0951025300200184,0.545567616272934,0,0,1,1,1,0,0,0,0,0,0,0,0,0,1,0,"D",3414,13127
-0.10914100254556,0.115757083697489,0.786150270061116,0,0,1,1,1,0,0,0,0,0,0,0,0,0,1,0,"D",1362,13128
-0.109158131112078,0.0976145193975424,0.671562085237512,0,0,1,1,1,0,0,0,0,0,0,0,0,0,1,0,"D",2845,13129
-0.104160041324292,0.0898309001806694,1.1061444933242,0,0,1,1,1,0,0,0,0,0,0,0,0,0,1,0,"D",2333,13130
-0.0986338194391192,0.0887346686714284,1.1461920425372,0,0,1,1,1,0,0,0,0,0,0,0,0,0,1,0,"D",2005,13131
-0.116659696330175,0.100327678221307,0.709478623941017,0,0,1,1,1,0,0,0,0,0,0,0,0,0,1,0,"D",2937,13132
-0.0825875457185384,0.0848368787777756,0.554078056791266,0,0,1,1,1,0,0,0,0,0,0,0,0,0,1,0,"D",1628,13133
-0.0910507083690256,0.0859424767799642,1.24496858240939,0,0,1,1,1,0,0,0,0,0,0,0,0,0,1,0,"D",3122,13134
-0.149779342041676,0.118697979691864,0.842815025970141,0,0,1,1,1,0,0,0,0,0,0,0,0,0,1,0,"D",666,13135
-0.104091756173247,0.0850567184249069,0.459645538687298,0,0,1,1,1,0,0,0,0,0,0,0,0,0,1,0,"D",1125,13136
-0.0827012047095496,0.0795581462483201,0.534787132877994,0,0,1,1,1,0,0,0,0,0,0,0,0,0,1,0,"D",33,13137
-0.0964251700079412,0.0912657628214495,0.66788719786256,0,0,1,1,1,0,0,0,0,0,0,0,0,0,1,0,"D",1671,13138
-0.0726247918984526,0.0549885731178163,0.172796340489654,0,0,1,1,1,0,0,0,0,0,0,0,0,0,1,0,"D",2714,13139
-0.0976945885069394,0.104919589811465,0.651653349772571,0,0,1,1,1,0,0,0,0,0,0,0,0,0,1,0,"D",946,13140
-0.123707464432129,0.102382312197749,0.842506542122102,0,0,1,1,1,0,0,0,0,0,0,0,0,0,1,0,"D",2718,13141
-0.104624258461589,0.0784904800513362,0.642110001106114,0,0,1,1,1,0,0,0,0,0,0,0,0,0,1,0,"D",2372,13142
-0.0765151894090399,0.0751304877288247,0.958507538570109,0,0,1,1,1,0,0,0,0,0,0,0,0,0,1,0,"D",1117,13143
-0.0824206740180468,0.051046578626675,-0.354050704046777,0,0,1,1,1,0,0,0,0,0,0,0,0,0,1,0,"D",3186,13144
-0.0902293702242905,0.0844165331103141,1.1563024269129,0,0,1,1,1,0,0,0,0,0,0,0,0,0,1,0,"D",2648,13145
-0.1089942378359,0.0703062705023197,0.722664462884614,0,0,1,1,1,0,0,0,0,0,0,0,0,0,1,0,"D",3379,13146
-0.0677977438081168,0.0756331069624702,1.03032681931021,0,0,1,1,1,0,0,0,0,0,0,0,0,0,1,0,"D",2742,13147
-0.104970593229966,0.109892866943381,0.759594975187843,0,0,1,1,1,0,0,0,0,0,0,0,0,0,1,0,"D",2336,13148
-0.112644430827199,0.117388161692544,0.765627519911785,0,0,1,1,1,0,0,0,0,0,0,0,0,0,1,0,"D",267,13149
-0.121403124277373,0.116751047892801,0.470008254477921,0,0,1,1,1,0,0,0,0,0,0,0,0,0,1,0,"D",1359,13150
-0.0978796730065345,0.0334001544148023,0.752648868357369,0,0,1,1,1,0,0,0,0,0,0,0,0,0,1,0,"D",1441,13151
-0.100400138563447,0.0984523527401709,0.742947412546142,0,0,1,1,1,0,0,0,0,0,0,0,0,0,1,0,"D",1962,13152
-0.0994874822906508,0.0742172632909859,1.02183104119054,0,0,1,1,1,0,0,0,0,0,0,0,0,0,1,0,"D",3717,13153
-0.0900670169865418,0.0841445796266741,0.992158869721439,0,0,1,1,1,0,0,0,0,0,0,0,0,0,1,0,"D",347,13154
-0.0971651079132818,0.103639344057146,0.852773120829992,0,0,1,1,1,0,0,0,0,0,0,0,0,0,1,0,"D",2090,13155
-0.0665202160233134,0.0790716980593591,1.24281736921486,0,0,1,1,1,0,0,0,0,0,0,0,0,0,1,0,"D",3406,13156
-0.131688933660587,0.103261531950897,0.664608178766622,0,0,1,1,1,0,0,0,0,0,0,0,0,0,1,0,"D",2061,13157
-0.095517328697551,0.0801310632985864,0.702298621649944,0,0,1,1,1,0,0,0,0,0,0,0,0,0,1,0,"D",3699,13158
-0.11222499624616,0.100719341457635,1.12099146056892,0,0,1,1,1,0,0,0,0,0,0,0,0,0,1,0,"D",1385,13159
-0.0713275179263723,0.072897256753608,1.8251943245003,0,0,1,1,1,0,0,0,0,0,0,0,0,0,1,0,"D",729,13160
-0.115205790806576,0.074187029117043,0.4966925159033,0,0,1,1,1,0,0,0,0,0,0,0,0,0,1,0,"D",712,13161
-0.0930673960326738,0.0630953216669529,0.965485442778403,0,0,1,1,1,0,0,0,0,0,0,0,0,0,1,0,"D",656,13162
-0.0621297049468109,0.0712435179525263,0.973051476308661,0,0,1,1,1,0,0,0,0,0,0,0,0,0,1,0,"D",1397,13163
-0.102812856223174,0.111842881075156,1.10722059048137,0,0,1,1,1,0,0,0,0,0,0,0,0,0,1,0,"D",2074,13164
-0.0750793500079148,0.0658594915687401,0.785406160686621,0,0,1,1,1,0,0,0,0,0,0,0,0,0,1,0,"D",857,13165
-0.100079379403855,0.0730214970996607,0.870012818077538,0,0,1,1,1,0,0,0,0,0,0,0,0,0,1,0,"D",2257,13166
-0.0733906775356123,0.0816682463986766,0.478369209487481,0,0,1,1,1,0,0,0,0,0,0,0,0,0,1,0,"D",1072,13167
-0.0809211623230753,0.0562244202412409,0.884559637424999,0,0,1,1,1,0,0,0,0,0,0,0,0,0,1,0,"D",1687,13168
-0.0773806324678409,0.0987490416052535,0.760296207794333,0,0,1,1,1,0,0,0,0,0,0,0,0,0,1,0,"D",2575,13169
-0.105080452554682,0.110977651124611,0.814312403857332,0,0,1,1,1,0,0,0,0,0,0,0,0,0,1,0,"D",3006,13170
-0.0874005797164254,0.0958149951196721,1.01195540741375,0,0,1,1,1,0,0,0,0,0,0,0,0,0,1,0,"D",3732,13171
-0.103662191546277,0.0999373323975972,0.805055341985872,0,0,1,1,1,0,0,0,0,0,0,0,0,0,1,0,"D",482,13172
-0.0828728578726737,0.0798404911191312,1.24578035740168,0,0,1,1,1,0,0,0,0,0,0,0,0,0,1,0,"D",1341,13173
-0.0743850087615914,0.04712830132511,0.772358241346848,0,0,1,1,1,0,0,0,0,0,0,0,0,0,1,0,"D",3204,13174
-0.0832243405074994,0.062628946915069,0.99285228555446,0,0,1,1,1,0,0,0,0,0,0,0,0,0,1,0,"D",1763,13175
-0.0765584303980054,0.084555486277845,0.440490263055576,0,0,1,1,1,0,0,0,0,0,0,0,0,0,1,0,"D",2318,13176
-0.100845469208081,0.08140717570222,1.30122158560102,0,0,1,1,1,0,0,0,0,0,0,0,0,0,1,0,"D",1059,13177
-0.0646035350714058,0.0795127814322133,0.65001099400404,0,0,1,1,1,0,0,0,0,0,0,0,0,0,1,0,"D",1290,13178
-0.100440688056542,0.0911269551245346,0.603590412709727,0,0,1,1,1,0,0,0,0,0,0,0,0,0,1,0,"D",3146,13179
-0.0942105464697636,0.0892984316120092,1.59257271510057,0,0,1,1,1,0,0,0,0,0,0,0,0,0,1,0,"D",1594,13180
-0.0846358692899742,0.0626513385407605,0.626694335916874,0,0,1,1,1,0,0,0,0,0,0,0,0,0,1,0,"D",2727,13181
-0.124024056701455,0.107999241789855,0.947048835517899,0,0,1,1,1,0,0,0,0,0,0,0,0,0,1,0,"D",2960,13182
-0.0846624570542975,0.124051196600149,0.909070704845486,0,0,1,1,1,0,0,0,0,0,0,0,0,0,1,0,"D",3738,13183
-0.0853626697619255,0.0866760161380524,0.989405339996084,0,0,1,1,1,0,0,0,0,0,0,0,0,0,1,0,"D",1567,13184
-0.0712773802284712,0.0770336598914928,1.23462953911816,0,0,1,1,1,0,0,0,0,0,0,0,0,0,1,0,"D",1930,13185
-0.0816804737215833,0.0837257564394839,0.678019140791954,0,0,1,1,1,0,0,0,0,0,0,0,0,0,1,0,"D",3714,13186
-0.076842452579978,0.0869764946307611,1.2586565187606,0,0,1,1,1,0,0,0,0,0,0,0,0,0,1,0,"D",435,13187
-0.150717191893738,0.0665531038579365,-0.346124205997229,0,0,1,1,1,0,0,0,0,0,0,0,0,0,1,0,"D",1461,13188
-0.0985668149259174,0.085948888858141,1.01891874871281,0,0,1,1,1,0,0,0,0,0,0,0,0,0,1,0,"D",2661,13189
-0.0687852699862236,0.0837434770340571,1.1652594237301,0,0,1,1,1,0,0,0,0,0,0,0,0,0,1,0,"D",1967,13190
-0.0895367543138101,0.0812073427787043,0.625878334198911,0,0,1,1,1,0,0,0,0,0,0,0,0,0,1,0,"D",2087,13191
-0.0904606888982921,0.0965344336319126,0.781398313438626,0,0,1,1,1,0,0,0,0,0,0,0,0,0,1,0,"D",2137,13192
-0.0477033918227149,0.0808131550714511,1.00729844090181,0,0,1,1,1,0,0,0,0,0,0,0,0,0,1,0,"D",2578,13193
-0.0915529481407517,0.0651216085283751,1.02718248974713,0,0,1,1,1,0,0,0,0,0,0,0,0,0,1,0,"D",899,13194
-0.103838339926656,0.0871593355248177,0.501583755313492,0,0,1,1,1,0,0,0,0,0,0,0,0,0,1,0,"D",3030,13195
-0.125713656961926,0.108002890071443,0.85179930774263,0,0,1,1,1,0,0,0,0,0,0,0,0,0,1,0,"D",2602,13196
-0.0496632308213365,0.068267447572533,1.64516968919918,0,0,1,1,1,0,0,0,0,0,0,0,0,0,1,0,"D",394,13197
-0.0845728745010819,0.0972479385909885,1.06368045041056,0,0,1,1,1,0,0,0,0,0,0,0,0,0,1,0,"D",3326,13198
-0.0852741310467224,0.0645766314702865,0.85454066310312,0,0,1,1,1,0,0,0,0,0,0,0,0,0,1,0,"D",2240,13199
-0.117694025644851,0.143131010737262,-0.324517342208828,0,0,1,1,0,0,0,0,1,0,0,0,0,0,1,0,"C",491,13200
-0.244678024629222,0.197657915351344,-1.24529034140462,0,0,1,1,0,0,0,0,1,0,0,0,0,0,1,0,"C",3721,13201
-0.139259166467875,0.138789798541444,-0.612022013099911,0,0,1,1,0,0,0,0,1,0,0,0,0,0,1,0,"C",3402,13202
-0.13928965344963,0.0948071537966381,-0.646653005540479,0,0,1,1,0,0,0,0,1,0,0,0,0,0,1,0,"C",368,13203
-0.122369831358667,0.0972879547916127,0.235366919035613,0,0,1,1,0,0,0,0,1,0,0,0,0,0,1,0,"C",1484,13204
-0.153170616324802,0.138032518000847,0.0588451944888247,0,0,1,1,0,0,0,0,1,0,0,0,0,0,1,0,"C",2487,13205
-0.133094099982775,0.136368833258303,-0.0853737780643912,0,0,1,1,0,0,0,0,1,0,0,0,0,0,1,0,"C",1608,13206
-0.112356570246582,0.100559780851154,0.679901922092219,0,0,1,1,0,0,0,0,1,0,0,0,0,0,1,0,"C",1462,13207
-0.180061953638015,0.183919890295349,-0.832995132413709,0,0,1,1,0,0,0,0,1,0,0,0,0,0,1,0,"C",3495,13208
-0.15269178431433,0.12244698456004,-0.1839159168128,0,0,1,1,0,0,0,0,1,0,0,0,0,0,1,0,"C",3583,13209
-0.241840226636005,0.122452609591093,-0.495403133301519,0,0,1,1,0,0,0,0,1,0,0,0,0,0,1,0,"C",1747,13210
-0.16566689955209,0.163985713271434,-0.501732028508762,0,0,1,1,0,0,0,0,1,0,0,0,0,0,1,0,"C",344,13211
-0.152097684442364,0.129513585772108,-0.504451423344002,0,0,1,1,0,0,0,0,1,0,0,0,0,0,1,0,"C",3343,13212
-0.154156606133367,0.117204587748028,0.0280164764572643,0,0,1,1,0,0,0,0,1,0,0,0,0,0,1,0,"C",2191,13213
-0.191163546004978,0.18942349317326,-0.615588710592833,0,0,1,1,0,0,0,0,1,0,0,0,0,0,1,0,"C",2986,13214
-0.129742948647869,0.113151417669445,-0.155365119393007,0,0,1,1,0,0,0,0,1,0,0,0,0,0,1,0,"C",3527,13215
-0.11895321137685,0.107261950770936,0.279982809836603,0,0,1,1,0,0,0,0,1,0,0,0,0,0,1,0,"C",3748,13216
-0.14491411523772,0.138644869998116,0.030678362990843,0,0,1,1,0,0,0,0,1,0,0,0,0,0,1,0,"C",930,13217
-0.152992087306467,0.116018124065667,-0.621786906327825,0,0,1,1,0,0,0,0,1,0,0,0,0,0,1,0,"C",1560,13218
-0.112124820593231,0.0986545185812748,-0.923455135693185,0,0,1,1,0,0,0,0,1,0,0,0,0,0,1,0,"C",1549,13219
-0.183253558778835,0.158879196765485,0.0406315354925444,0,0,1,1,0,0,0,0,1,0,0,0,0,0,1,0,"C",3423,13220
-0.146638544671043,0.129462808689543,-0.0348222203437081,0,0,1,1,0,0,0,0,1,0,0,0,0,0,1,0,"C",3464,13221
-0.127985214290438,0.0906334492724115,0.27358783102414,0,0,1,1,0,0,0,0,1,0,0,0,0,0,1,0,"C",1646,13222
-0.154784471394717,0.0911079804289911,-0.852058768518625,0,0,1,1,0,0,0,0,1,0,0,0,0,0,1,0,"C",2823,13223
-0.17918920904676,0.101232823537589,-0.641363194495906,0,0,1,1,0,0,0,0,1,0,0,0,0,0,1,0,"C",2022,13224
-0.185724404706779,0.138571806711973,-0.476109764121575,0,0,1,1,0,0,0,0,1,0,0,0,0,0,1,0,"C",1255,13225
-0.180693751932454,0.173330726191722,-0.107366147041325,0,0,1,1,0,0,0,0,1,0,0,0,0,0,1,0,"C",1691,13226
-0.162697246808944,0.121086405129673,0.390127051146129,0,0,1,1,0,0,0,0,1,0,0,0,0,0,1,0,"C",3414,13227
-0.168045057177561,0.145636804033972,0.182366081810318,0,0,1,1,0,0,0,0,1,0,0,0,0,0,1,0,"C",1362,13228
-0.117661435406191,0.0967290790360178,-0.0196285591134264,0,0,1,1,0,0,0,0,1,0,0,0,0,0,1,0,"C",2845,13229
-0.0953091167371962,0.123557707338098,0.803909529437008,0,0,1,1,0,0,0,0,1,0,0,0,0,0,1,0,"C",2333,13230
-0.118320585101739,0.108332333545532,-0.0741478519320038,0,0,1,1,0,0,0,0,1,0,0,0,0,0,1,0,"C",2005,13231
-0.160607021243521,0.109030361231833,-1.07782932872099,0,0,1,1,0,0,0,0,1,0,0,0,0,0,1,0,"C",2937,13232
-0.165469946601661,0.178375660294819,-0.232738053726529,0,0,1,1,0,0,0,0,1,0,0,0,0,0,1,0,"C",1628,13233
-0.162860576394428,0.0995802451219243,-0.386138091620296,0,0,1,1,0,0,0,0,1,0,0,0,0,0,1,0,"C",3122,13234
-0.172411154384621,0.164953083239862,-0.372374667344798,0,0,1,1,0,0,0,0,1,0,0,0,0,0,1,0,"C",666,13235
-0.101135797114774,0.0691688594859684,0.824131187720943,0,0,1,1,0,0,0,0,1,0,0,0,0,0,1,0,"C",1125,13236
-0.123443985304536,0.0878391341913458,0.150518005247622,0,0,1,1,0,0,0,0,1,0,0,0,0,0,1,0,"C",33,13237
-0.14260601435728,0.114207305842789,-0.354516856174872,0,0,1,1,0,0,0,0,1,0,0,0,0,0,1,0,"C",1671,13238
-0.171148058696758,0.178402532921403,-1.19408517612267,0,0,1,1,0,0,0,0,1,0,0,0,0,0,1,0,"C",2714,13239
-0.109436692296629,0.0924093432370099,-0.895677106449222,0,0,1,1,0,0,0,0,1,0,0,0,0,0,1,0,"C",946,13240
-0.0628577797582019,0.0862155814452789,1.22312605372253,0,0,1,1,0,0,0,0,1,0,0,0,0,0,1,0,"C",2718,13241
-0.181212578264727,0.145008826904344,-0.90304215193377,0,0,1,1,0,0,0,0,1,0,0,0,0,0,1,0,"C",2372,13242
-0.155060007364124,0.120543557883002,-0.357529983476013,0,0,1,1,0,0,0,0,1,0,0,0,0,0,1,0,"C",1117,13243
-0.153668854998839,0.135000053553069,-1.10213555725485,0,0,1,1,0,0,0,0,1,0,0,0,0,0,1,0,"C",3186,13244
-0.129626050851214,0.0861872605089046,-0.258342783597549,0,0,1,1,0,0,0,0,1,0,0,0,0,0,1,0,"C",2648,13245
-0.105672038843678,0.12292244051696,-1.08999118922077,0,0,1,1,0,0,0,0,1,0,0,0,0,0,1,0,"C",3379,13246
-0.108955584752229,0.115734677554594,-0.310538480330707,0,0,1,1,0,0,0,0,1,0,0,0,0,0,1,0,"C",2742,13247
-0.175761096296047,0.178158634422423,-0.630370911499044,0,0,1,1,0,0,0,0,1,0,0,0,0,0,1,0,"C",2336,13248
-0.16771990027048,0.162511127054324,-0.106377885779771,0,0,1,1,0,0,0,0,1,0,0,0,0,0,1,0,"C",267,13249
-0.140630804375137,0.124802417150898,0.354599728396728,0,0,1,1,0,0,0,0,1,0,0,0,0,0,1,0,"C",1359,13250
-0.19459203199554,0.180335555174029,-0.70723999356673,0,0,1,1,0,0,0,0,1,0,0,0,0,0,1,0,"C",1441,13251
-0.0881990027602913,0.0361880331500606,-0.426371685689444,0,0,1,1,0,0,0,0,1,0,0,0,0,0,1,0,"C",1962,13252
-0.157953522391119,0.149511279183709,-0.196959196121289,0,0,1,1,0,0,0,0,1,0,0,0,0,0,1,0,"C",3717,13253
-0.125685460679839,0.110353462591787,0.634695676337873,0,0,1,1,0,0,0,0,1,0,0,0,0,0,1,0,"C",347,13254
-0.15203122354334,0.122575659387274,0.0153555188253936,0,0,1,1,0,0,0,0,1,0,0,0,0,0,1,0,"C",2090,13255
-0.136450377969798,0.136874037127321,0.48288770682092,0,0,1,1,0,0,0,0,1,0,0,0,0,0,1,0,"C",3406,13256
-0.143547833244829,0.101225653078802,-0.136660636229379,0,0,1,1,0,0,0,0,1,0,0,0,0,0,1,0,"C",2061,13257
-0.178345273073056,0.159143949594364,-0.271723366454926,0,0,1,1,0,0,0,0,1,0,0,0,0,0,1,0,"C",3699,13258
-0.119266069245504,0.115363250094481,0.298811683299387,0,0,1,1,0,0,0,0,1,0,0,0,0,0,1,0,"C",1385,13259
-0.120186297547766,0.118621621399086,0.940168878866623,0,0,1,1,0,0,0,0,1,0,0,0,0,0,1,0,"C",729,13260
-0.164877447811814,0.146096481862515,-0.176977891093873,0,0,1,1,0,0,0,0,1,0,0,0,0,0,1,0,"C",712,13261
-0.113118349947128,0.114870766242743,0.130075820362605,0,0,1,1,0,0,0,0,1,0,0,0,0,0,1,0,"C",656,13262
-0.168219596591313,0.170763062952826,-0.518345755331457,0,0,1,1,0,0,0,0,1,0,0,0,0,0,1,0,"C",1397,13263
-0.118291846296961,0.117978482825141,-0.24107151552404,0,0,1,1,0,0,0,0,1,0,0,0,0,0,1,0,"C",2074,13264
-0.159974591816647,0.158046347355126,-0.124434215828073,0,0,1,1,0,0,0,0,1,0,0,0,0,0,1,0,"C",857,13265
-0.153779966593556,0.144059967780109,-0.727163219373552,0,0,1,1,0,0,0,0,1,0,0,0,0,0,1,0,"C",2257,13266
-0.179999503746468,0.163803069604044,-0.235807324796551,0,0,1,1,0,0,0,0,1,0,0,0,0,0,1,0,"C",1072,13267
-0.1331214101581,0.131575153239705,-0.0537281707775358,0,0,1,1,0,0,0,0,1,0,0,0,0,0,1,0,"C",1687,13268
-0.184005482452861,0.168744550435332,-0.29270690824725,0,0,1,1,0,0,0,0,1,0,0,0,0,0,1,0,"C",2575,13269
-0.159201350577163,0.181560468972522,-1.12744861811593,0,0,1,1,0,0,0,0,1,0,0,0,0,0,1,0,"C",3006,13270
-0.166838792495247,0.133637803670896,-0.254681484829256,0,0,1,1,0,0,0,0,1,0,0,0,0,0,1,0,"C",3732,13271
-0.209618301184506,0.163944987560771,-1.86736499074395,0,0,1,1,0,0,0,0,1,0,0,0,0,0,1,0,"C",482,13272
-0.102240254916131,0.111999237119092,-0.0977125558134484,0,0,1,1,0,0,0,0,1,0,0,0,0,0,1,0,"C",1341,13273
-0.179644041598389,0.146544927105385,-0.44567707412638,0,0,1,1,0,0,0,0,1,0,0,0,0,0,1,0,"C",3204,13274
-0.133611968829969,0.0900978595998372,-0.100647100085721,0,0,1,1,0,0,0,0,1,0,0,0,0,0,1,0,"C",1763,13275
-0.20771669369449,0.126481425503867,0.026239989973531,0,0,1,1,0,0,0,0,1,0,0,0,0,0,1,0,"C",2318,13276
-0.19089802186523,0.155854558948619,-0.478418390171181,0,0,1,1,0,0,0,0,1,0,0,0,0,0,1,0,"C",1059,13277
-0.132515256410812,0.118689940121084,0.328838195689834,0,0,1,1,0,0,0,0,1,0,0,0,0,0,1,0,"C",1290,13278
-0.13823102677105,0.126578414659022,0.889750528949806,0,0,1,1,0,0,0,0,1,0,0,0,0,0,1,0,"C",3146,13279
-0.109601623318076,0.0903533900368726,0.130202635702131,0,0,1,1,0,0,0,0,1,0,0,0,0,0,1,0,"C",1594,13280
-0.14356520180889,0.146394265238448,-0.0120662532038326,0,0,1,1,0,0,0,0,1,0,0,0,0,0,1,0,"C",2727,13281
-0.159787990220065,0.15730175683846,-0.823446063877436,0,0,1,1,0,0,0,0,1,0,0,0,0,0,1,0,"C",2960,13282
-0.114033528371106,0.116689712670211,0.154420839608052,0,0,1,1,0,0,0,0,1,0,0,0,0,0,1,0,"C",3738,13283
-0.215750351839477,0.196327387199617,-1.52166991880555,0,0,1,1,0,0,0,0,1,0,0,0,0,0,1,0,"C",1567,13284
-0.125515176112171,0.119879834559629,0.0108606435990843,0,0,1,1,0,0,0,0,1,0,0,0,0,0,1,0,"C",1930,13285
-0.153225438662056,0.174877427442132,-0.739172184345163,0,0,1,1,0,0,0,0,1,0,0,0,0,0,1,0,"C",3714,13286
-0.15537295102353,0.156894531372386,-0.418024929152683,0,0,1,1,0,0,0,0,1,0,0,0,0,0,1,0,"C",435,13287
-0.147302784231891,0.112661555825811,0.196115059465993,0,0,1,1,0,0,0,0,1,0,0,0,0,0,1,0,"C",1461,13288
-0.175014259441788,0.171239205744233,-1.17819267856478,0,0,1,1,0,0,0,0,1,0,0,0,0,0,1,0,"C",2661,13289
-0.163362494480109,0.150528873144092,-0.179826858741742,0,0,1,1,0,0,0,0,1,0,0,0,0,0,1,0,"C",1967,13290
-0.145563749629899,0.115426611058781,-0.194391187726079,0,0,1,1,0,0,0,0,1,0,0,0,0,0,1,0,"C",2087,13291
-0.179303267254688,0.141517713820092,0.253464991067347,0,0,1,1,0,0,0,0,1,0,0,0,0,0,1,0,"C",2137,13292
-0.118941699125716,0.134887421126061,0.415500184083883,0,0,1,1,0,0,0,0,1,0,0,0,0,0,1,0,"C",2578,13293
-0.202463440812031,0.107165803361098,-0.292511952681936,0,0,1,1,0,0,0,0,1,0,0,0,0,0,1,0,"C",899,13294
-0.149149807368746,0.164433093000599,-0.288354255332212,0,0,1,1,0,0,0,0,1,0,0,0,0,0,1,0,"C",3030,13295
-0.19069967938849,0.158203031749848,-0.435896369743657,0,0,1,1,0,0,0,0,1,0,0,0,0,0,1,0,"C",2602,13296
-0.148194508139807,0.141875607419185,-0.344660638591733,0,0,1,1,0,0,0,0,1,0,0,0,0,0,1,0,"C",394,13297
-0.170374724212448,0.158771354104488,-0.344916643570878,0,0,1,1,0,0,0,0,1,0,0,0,0,0,1,0,"C",3326,13298
-0.16936458218279,0.153938811403796,0.0750973099502213,0,0,1,1,0,0,0,0,1,0,0,0,0,0,1,0,"C",2240,13299
-0.0499917899762727,0.0180204497540728,-0.219693531445269,0,0,1,1,0,0,0,0,1,0,0,0,0,0,1,0,"D",491,13300
-0.123609177190157,0.0472624923265949,0.82584204249699,0,0,1,1,0,0,0,0,1,0,0,0,0,0,1,0,"D",3721,13301
-0.153724372514427,0.0881636068473125,0.606956936421298,0,0,1,1,0,0,0,0,1,0,0,0,0,0,1,0,"D",3402,13302
-0.141838794062175,0.0676263221487705,0.379182591353022,0,0,1,1,0,0,0,0,1,0,0,0,0,0,1,0,"D",368,13303
-0.126310516678178,0.109837675494759,1.11423408843136,0,0,1,1,0,0,0,0,1,0,0,0,0,0,1,0,"D",1484,13304
-0.106141822200029,0.017349778525926,0.489686078138568,0,0,1,1,0,0,0,0,1,0,0,0,0,0,1,0,"D",2487,13305
-0.120732874308897,0.0411187208992331,0.550720737900906,0,0,1,1,0,0,0,0,1,0,0,0,0,0,1,0,"D",1608,13306
-0.0984034597093258,0.0657664839920232,0.404593685083753,0,0,1,1,0,0,0,0,1,0,0,0,0,0,1,0,"D",1462,13307
-0.121168074924965,0.0953114148168972,1.54177887309743,0,0,1,1,0,0,0,0,1,0,0,0,0,0,1,0,"D",3495,13308
-0.108551218445233,0.0403484843575413,0.133466353720443,0,0,1,1,0,0,0,0,1,0,0,0,0,0,1,0,"D",3583,13309
-0.118685634768334,0.0707215798414574,1.17198328155493,0,0,1,1,0,0,0,0,1,0,0,0,0,0,1,0,"D",1747,13310
-0.114680760402376,0.0874756356184734,1.00923759018384,0,0,1,1,0,0,0,0,1,0,0,0,0,0,1,0,"D",344,13311
-0.115563386217494,0.0920056389549253,1.43163363209906,0,0,1,1,0,0,0,0,1,0,0,0,0,0,1,0,"D",3343,13312
-0.156809825056523,0.070769839227707,0.559938205937793,0,0,1,1,0,0,0,0,1,0,0,0,0,0,1,0,"D",2191,13313
-0.10756765765935,0.091070254506868,0.801142656523533,0,0,1,1,0,0,0,0,1,0,0,0,0,0,1,0,"D",2986,13314
-0.130362269860368,0.0583731769721024,1.42651311079621,0,0,1,1,0,0,0,0,1,0,0,0,0,0,1,0,"D",3527,13315
-0.112571270989456,0.0889455041707508,0.313614304531918,0,0,1,1,0,0,0,0,1,0,0,0,0,0,1,0,"D",3748,13316
-0.0996720112884531,0.049406127121032,0.532509044412925,0,0,1,1,0,0,0,0,1,0,0,0,0,0,1,0,"D",930,13317
-0.130645207731465,0.0972065390450529,0.481417543973155,0,0,1,1,0,0,0,0,1,0,0,0,0,0,1,0,"D",1560,13318
-0.111073791023013,0.0257504641263314,0.550048058314273,0,0,1,1,0,0,0,0,1,0,0,0,0,0,1,0,"D",1549,13319
-0.129972267165634,0.0866705975357597,1.43997075085956,0,0,1,1,0,0,0,0,1,0,0,0,0,0,1,0,"D",3423,13320
-0.121746505943517,0.0919494132098781,-0.574758294937526,0,0,1,1,0,0,0,0,1,0,0,0,0,0,1,0,"D",3464,13321
-0.0854318411860972,0.0445831206264807,1.11949757786069,0,0,1,1,0,0,0,0,1,0,0,0,0,0,1,0,"D",1646,13322
-0.130522740129736,0.100166528140232,1.38219936258032,0,0,1,1,0,0,0,0,1,0,0,0,0,0,1,0,"D",2823,13323
-0.141062465810286,0.0787767345233629,1.44158268825209,0,0,1,1,0,0,0,0,1,0,0,0,0,0,1,0,"D",2022,13324
-0.0818818226182281,0.0463902439250604,1.25354764768465,0,0,1,1,0,0,0,0,1,0,0,0,0,0,1,0,"D",1255,13325
-0.113279024405569,0.06935347444223,0.933486296797383,0,0,1,1,0,0,0,0,1,0,0,0,0,0,1,0,"D",1691,13326
-0.113032166540478,0.100929983957516,1.23926195584841,0,0,1,1,0,0,0,0,1,0,0,0,0,0,1,0,"D",3414,13327
-0.1198371904706,0.128351603254384,1.59949257193103,0,0,1,1,0,0,0,0,1,0,0,0,0,0,1,0,"D",1362,13328
-0.128406306867971,0.0838517513044812,0.301732397699722,0,0,1,1,0,0,0,0,1,0,0,0,0,0,1,0,"D",2845,13329
-0.116961488412898,0.0771616170954017,1.14801917978596,0,0,1,1,0,0,0,0,1,0,0,0,0,0,1,0,"D",2333,13330
-0.123685592537455,0.0831125702181359,1.27295926193043,0,0,1,1,0,0,0,0,1,0,0,0,0,0,1,0,"D",2005,13331
-0.132623052786981,0.132136587498528,1.90197003074872,0,0,1,1,0,0,0,0,1,0,0,0,0,0,1,0,"D",2937,13332
-0.131429867753929,0.056226602411073,1.18299213986048,0,0,1,1,0,0,0,0,1,0,0,0,0,0,1,0,"D",1628,13333
-0.0941877722551662,0.0461656053735899,1.45459251220954,0,0,1,1,0,0,0,0,1,0,0,0,0,0,1,0,"D",3122,13334
-0.128028414447463,0.110641858209729,1.20784339664544,0,0,1,1,0,0,0,0,1,0,0,0,0,0,1,0,"D",666,13335
-0.118295937137053,0.0991601490215838,0.837321854238002,0,0,1,1,0,0,0,0,1,0,0,0,0,0,1,0,"D",1125,13336
-0.109729005952488,0.0536182001336018,0.444063928736035,0,0,1,1,0,0,0,0,1,0,0,0,0,0,1,0,"D",33,13337
-0.146701917342895,0.0519389961645603,0.735229334115811,0,0,1,1,0,0,0,0,1,0,0,0,0,0,1,0,"D",1671,13338
-0.122402260056456,0.0763782720674954,1.13954196631701,0,0,1,1,0,0,0,0,1,0,0,0,0,0,1,0,"D",2714,13339
-0.0929403903242355,0.109874987521452,1.7638991050796,0,0,1,1,0,0,0,0,1,0,0,0,0,0,1,0,"D",946,13340
-0.185812039387507,0.0742588714045606,1.00536316179485,0,0,1,1,0,0,0,0,1,0,0,0,0,0,1,0,"D",2718,13341
-0.151836571823535,0.0797007629719591,1.78554866580136,0,0,1,1,0,0,0,0,1,0,0,0,0,0,1,0,"D",2372,13342
-0.130035599181035,0.0505951554950541,1.21905686486837,0,0,1,1,0,0,0,0,1,0,0,0,0,0,1,0,"D",1117,13343
-0.129614256191894,0.0719263762365331,1.70345357306152,0,0,1,1,0,0,0,0,1,0,0,0,0,0,1,0,"D",3186,13344
-0.149309390605141,0.0805639710874825,0.730879140762214,0,0,1,1,0,0,0,0,1,0,0,0,0,0,1,0,"D",2648,13345
-0.117536806585526,0.104815743513075,1.62075402912122,0,0,1,1,0,0,0,0,1,0,0,0,0,0,1,0,"D",3379,13346
-0.110266160050293,0.0864961477614488,1.63192632677884,0,0,1,1,0,0,0,0,1,0,0,0,0,0,1,0,"D",2742,13347
-0.120769230302263,0.10271779834311,1.42359909055783,0,0,1,1,0,0,0,0,1,0,0,0,0,0,1,0,"D",2336,13348
-0.134087953029417,0.101234344997999,0.379082611548963,0,0,1,1,0,0,0,0,1,0,0,0,0,0,1,0,"D",267,13349
-0.16083789155348,0.12317784104487,1.54746492339917,0,0,1,1,0,0,0,0,1,0,0,0,0,0,1,0,"D",1359,13350
-0.101882586414673,0.0535507294041938,0.727346504093372,0,0,1,1,0,0,0,0,1,0,0,0,0,0,1,0,"D",1441,13351
-0.187823133264304,0.0923094314482697,0.985482599423386,0,0,1,1,0,0,0,0,1,0,0,0,0,0,1,0,"D",1962,13352
-0.136483089044347,0.0685823095461818,0.838448260785203,0,0,1,1,0,0,0,0,1,0,0,0,0,0,1,0,"D",3717,13353
-0.120017930711362,0.0477474970872252,1.14789984385874,0,0,1,1,0,0,0,0,1,0,0,0,0,0,1,0,"D",347,13354
-0.156829337909908,0.089202227101533,0.48977140878943,0,0,1,1,0,0,0,0,1,0,0,0,0,0,1,0,"D",2090,13355
-0.0670426651434181,0.0748489593827433,0.66481513135508,0,0,1,1,0,0,0,0,1,0,0,0,0,0,1,0,"D",3406,13356
-0.101118793498661,0.075706428673377,0.158209868462634,0,0,1,1,0,0,0,0,1,0,0,0,0,0,1,0,"D",2061,13357
-0.12531212050918,0.0823286501635352,1.07144593758653,0,0,1,1,0,0,0,0,1,0,0,0,0,0,1,0,"D",3699,13358
-0.128677697588998,0.0772392504469945,1.58927025385939,0,0,1,1,0,0,0,0,1,0,0,0,0,0,1,0,"D",1385,13359
-0.0686783037599262,0.0315152371261537,0.235933393538667,0,0,1,1,0,0,0,0,1,0,0,0,0,0,1,0,"D",729,13360
-0.125487854588935,0.0900325762735362,1.51677074083942,0,0,1,1,0,0,0,0,1,0,0,0,0,0,1,0,"D",712,13361
-0.143064821344559,0.0968071526693314,1.70594786593241,0,0,1,1,0,0,0,0,1,0,0,0,0,0,1,0,"D",656,13362
-0.105665402757906,0.0569886146423466,0.557957696474874,0,0,1,1,0,0,0,0,1,0,0,0,0,0,1,0,"D",1397,13363
-0.0898141034073989,0.104401778311085,1.57687030531157,0,0,1,1,0,0,0,0,1,0,0,0,0,0,1,0,"D",2074,13364
-0.111850292409103,0.0685249112196326,0.669557190902929,0,0,1,1,0,0,0,0,1,0,0,0,0,0,1,0,"D",857,13365
-0.112539329426047,0.0641377213435573,2.16300954227553,0,0,1,1,0,0,0,0,1,0,0,0,0,0,1,0,"D",2257,13366
-0.0902764318068032,0.0610432782792917,0.646396967218799,0,0,1,1,0,0,0,0,1,0,0,0,0,0,1,0,"D",1072,13367
-0.11492754110288,0.0888344388964374,0.540976557985487,0,0,1,1,0,0,0,0,1,0,0,0,0,0,1,0,"D",1687,13368
-0.137854344731909,0.0677859788097211,1.0567168774331,0,0,1,1,0,0,0,0,1,0,0,0,0,0,1,0,"D",2575,13369
-0.112242988591543,0.0843303170342253,0.612482649081125,0,0,1,1,0,0,0,0,1,0,0,0,0,0,1,0,"D",3006,13370
-0.136877478552013,0.0917765875704488,1.35842131091993,0,0,1,1,0,0,0,0,1,0,0,0,0,0,1,0,"D",3732,13371
-0.169501072137799,0.0913853044305328,0.908064736891728,0,0,1,1,0,0,0,0,1,0,0,0,0,0,1,0,"D",482,13372
-0.0798492701215986,0.0488380649235559,1.8409066658274,0,0,1,1,0,0,0,0,1,0,0,0,0,0,1,0,"D",1341,13373
-0.0879782725844137,0.0621789267672692,0.912048005503528,0,0,1,1,0,0,0,0,1,0,0,0,0,0,1,0,"D",3204,13374
-0.103606338186377,0.0355186060135205,0.0897798515390679,0,0,1,1,0,0,0,0,1,0,0,0,0,0,1,0,"D",1763,13375
-0.117290025959733,0.0737875034677738,1.4573523763098,0,0,1,1,0,0,0,0,1,0,0,0,0,0,1,0,"D",2318,13376
-0.104441281982662,0.0592701084513221,0.76572741215555,0,0,1,1,0,0,0,0,1,0,0,0,0,0,1,0,"D",1059,13377
-0.0614412477404776,0.0300316457085692,0.0918149497554272,0,0,1,1,0,0,0,0,1,0,0,0,0,0,1,0,"D",1290,13378
-0.158442985565041,0.0826656045286752,1.29566742803771,0,0,1,1,0,0,0,0,1,0,0,0,0,0,1,0,"D",3146,13379
-0.139180134138368,0.0890255934169454,1.16594922942297,0,0,1,1,0,0,0,0,1,0,0,0,0,0,1,0,"D",1594,13380
-0.123497512359684,0.101658567192509,1.90198908074941,0,0,1,1,0,0,0,0,1,0,0,0,0,0,1,0,"D",2727,13381
-0.136771600327741,0.109971456632805,1.02023673979488,0,0,1,1,0,0,0,0,1,0,0,0,0,0,1,0,"D",2960,13382
-0.152594374135773,0.0848190753385397,0.553666078484403,0,0,1,1,0,0,0,0,1,0,0,0,0,0,1,0,"D",3738,13383
-0.124862562318922,0.0406833088309367,0.196137857482923,0,0,1,1,0,0,0,0,1,0,0,0,0,0,1,0,"D",1567,13384
-0.0947636616388317,0.0713529339502491,0.774209229827343,0,0,1,1,0,0,0,0,1,0,0,0,0,0,1,0,"D",1930,13385
-0.0812462192989505,0.0549808344301379,-0.139395856669206,0,0,1,1,0,0,0,0,1,0,0,0,0,0,1,0,"D",3714,13386
-0.0971715438313398,0.0695945214523685,1.09307061177784,0,0,1,1,0,0,0,0,1,0,0,0,0,0,1,0,"D",435,13387
-0.144506940405525,0.0745078984511835,1.14954162985857,0,0,1,1,0,0,0,0,1,0,0,0,0,0,1,0,"D",1461,13388
-0.105113757221342,0.0505350225630753,1.47864940933363,0,0,1,1,0,0,0,0,1,0,0,0,0,0,1,0,"D",2661,13389
-0.10962910129578,0.0513249793927119,0.482870392859797,0,0,1,1,0,0,0,0,1,0,0,0,0,0,1,0,"D",1967,13390
-0.143668861277949,0.089769922232442,1.52007327378473,0,0,1,1,0,0,0,0,1,0,0,0,0,0,1,0,"D",2087,13391
-0.122660130637905,0.111920077829121,0.949056269696588,0,0,1,1,0,0,0,0,1,0,0,0,0,0,1,0,"D",2137,13392
-0.0837456094218606,0.0501480861898222,0.993977498695427,0,0,1,1,0,0,0,0,1,0,0,0,0,0,1,0,"D",2578,13393
-0.0951616950558272,0.039390579637754,1.26702742678891,0,0,1,1,0,0,0,0,1,0,0,0,0,0,1,0,"D",899,13394
-0.129337783809809,0.0509358756714486,0.853380971294234,0,0,1,1,0,0,0,0,1,0,0,0,0,0,1,0,"D",3030,13395
-0.171672920661607,0.0994993608974808,1.52945808819766,0,0,1,1,0,0,0,0,1,0,0,0,0,0,1,0,"D",2602,13396
-0.0825072833563814,0.0583958909588339,2.16410082691749,0,0,1,1,0,0,0,0,1,0,0,0,0,0,1,0,"D",394,13397
-0.13547024249718,0.0185246016654906,0.449306269313062,0,0,1,1,0,0,0,0,1,0,0,0,0,0,1,0,"D",3326,13398
-0.118439214782591,0.0612828802657702,1.69039693270589,0,0,1,1,0,0,0,0,1,0,0,0,0,0,1,0,"D",2240,13399
-0.15232217778303,0.152353684939082,0.81792117001537,0,0,1,1,0,0,0,0,0,1,0,0,0,0,1,0,"C",491,13400
-0.227288211478181,0.141996456804185,-1.65053465671121,0,0,1,1,0,0,0,0,0,1,0,0,0,0,1,0,"C",3721,13401
-0.125937306488207,0.158339008095207,0.0512325835334012,0,0,1,1,0,0,0,0,0,1,0,0,0,0,1,0,"C",3402,13402
-0.198252290018688,0.10303902835647,0.105104959438024,0,0,1,1,0,0,0,0,0,1,0,0,0,0,1,0,"C",368,13403
-0.126707878998553,0.107740671816461,1.13411046023664,0,0,1,1,0,0,0,0,0,1,0,0,0,0,1,0,"C",1484,13404
-0.118607098873182,0.0857561456767569,-0.229551305563601,0,0,1,1,0,0,0,0,0,1,0,0,0,0,1,0,"C",2487,13405
-0.112229225862523,0.149243574065776,0.399949344457061,0,0,1,1,0,0,0,0,0,1,0,0,0,0,1,0,"C",1608,13406
-0.150094531660244,0.107039701004208,1.00499266130452,0,0,1,1,0,0,0,0,0,1,0,0,0,0,1,0,"C",1462,13407
-0.401635895925868,-0.00891131917008131,-1.80468504642211,0,0,1,1,0,0,0,0,0,1,0,0,0,0,1,0,"C",3495,13408
-0.179291906852183,0.16830896398688,1.14689002686197,0,0,1,1,0,0,0,0,0,1,0,0,0,0,1,0,"C",3583,13409
-0.370900900944994,-0.0477689500405003,-2.03299239911777,0,0,1,1,0,0,0,0,0,1,0,0,0,0,1,0,"C",1747,13410
-0.261773323005022,0.116522539696679,-0.175331115433309,0,0,1,1,0,0,0,0,0,1,0,0,0,0,1,0,"C",344,13411
-0.124753983819904,0.0450785441296641,-0.392805273784629,0,0,1,1,0,0,0,0,0,1,0,0,0,0,1,0,"C",3343,13412
-0.0858403000642353,0.0758058136148933,-0.793070408706256,0,0,1,1,0,0,0,0,0,1,0,0,0,0,1,0,"C",2191,13413
-0.168165292656643,0.179643812940538,-0.62305711136258,0,0,1,1,0,0,0,0,0,1,0,0,0,0,1,0,"C",2986,13414
-0.192677101809277,0.102702657339404,0.310168494035163,0,0,1,1,0,0,0,0,0,1,0,0,0,0,1,0,"C",3527,13415
-0.186668125053094,0.147678389796702,1.4385734933257,0,0,1,1,0,0,0,0,0,1,0,0,0,0,1,0,"C",3748,13416
-0.267298451142313,0.144628704319216,1.49196244409341,0,0,1,1,0,0,0,0,0,1,0,0,0,0,1,0,"C",930,13417
-0.18584804381455,0.127754765630388,-0.0359257456577764,0,0,1,1,0,0,0,0,0,1,0,0,0,0,1,0,"C",1560,13418
-0.13743300035522,0.0648399754224016,-0.239404316485581,0,0,1,1,0,0,0,0,0,1,0,0,0,0,1,0,"C",1549,13419
-0.137894737262784,0.172195124996705,0.194508409310072,0,0,1,1,0,0,0,0,0,1,0,0,0,0,1,0,"C",3423,13420
-0.192662716432576,0.0961197395811904,0.212424318992481,0,0,1,1,0,0,0,0,0,1,0,0,0,0,1,0,"C",3464,13421
-0.154984710161347,0.171101433558173,1.55099199399929,0,0,1,1,0,0,0,0,0,1,0,0,0,0,1,0,"C",1646,13422
-0.129365888445249,0.0726737741229877,-0.793262887162588,0,0,1,1,0,0,0,0,0,1,0,0,0,0,1,0,"C",2823,13423
-0.178981630336614,0.20903286110274,0.627676685801413,0,0,1,1,0,0,0,0,0,1,0,0,0,0,1,0,"C",2022,13424
-0.188680637332822,0.22652335746191,1.42996756893549,0,0,1,1,0,0,0,0,0,1,0,0,0,0,1,0,"C",1255,13425
-0.219264317892632,0.0980583827679476,0.311387760301169,0,0,1,1,0,0,0,0,0,1,0,0,0,0,1,0,"C",1691,13426
-0.146071082363133,0.146479404768977,0.765261453638939,0,0,1,1,0,0,0,0,0,1,0,0,0,0,1,0,"C",3414,13427
-0.146480027325077,0.12209989848965,0.579155509377312,0,0,1,1,0,0,0,0,0,1,0,0,0,0,1,0,"C",1362,13428
-0.133472951221811,0.100067938004264,1.24990237934272,0,0,1,1,0,0,0,0,0,1,0,0,0,0,1,0,"C",2845,13429
-0.15316124202271,0.0817449619924356,0.863942183994719,0,0,1,1,0,0,0,0,0,1,0,0,0,0,1,0,"C",2333,13430
-0.144166411929588,0.138129657641893,0.616941285056432,0,0,1,1,0,0,0,0,0,1,0,0,0,0,1,0,"C",2005,13431
-0.204243981651663,0.109190132106984,0.0502816659548862,0,0,1,1,0,0,0,0,0,1,0,0,0,0,1,0,"C",2937,13432
-0.168565483263207,0.162290965067413,0.186604738477624,0,0,1,1,0,0,0,0,0,1,0,0,0,0,1,0,"C",1628,13433
-0.126751029106209,0.124085590720213,0.574733004431094,0,0,1,1,0,0,0,0,0,1,0,0,0,0,1,0,"C",3122,13434
-0.17280752272876,0.172338297515655,-0.0511622945740908,0,0,1,1,0,0,0,0,0,1,0,0,0,0,1,0,"C",666,13435
-0.12806429723558,0.113264419770531,1.67304070650179,0,0,1,1,0,0,0,0,0,1,0,0,0,0,1,0,"C",1125,13436
-0.15322909301501,0.0975635334272722,0.986602928391079,0,0,1,1,0,0,0,0,0,1,0,0,0,0,1,0,"C",33,13437
-0.311971387081245,0.0441260444368678,-0.24591344893182,0,0,1,1,0,0,0,0,0,1,0,0,0,0,1,0,"C",1671,13438
-0.272839315572867,0.0462487253087355,-1.53569984564386,0,0,1,1,0,0,0,0,0,1,0,0,0,0,1,0,"C",2714,13439
-0.215337486137684,0.061871288039136,0.0679989648182589,0,0,1,1,0,0,0,0,0,1,0,0,0,0,1,0,"C",946,13440
-0.168169184636382,0.0382950688479139,-0.123876699524052,0,0,1,1,0,0,0,0,0,1,0,0,0,0,1,0,"C",2718,13441
-0.256691218732248,0.171503257657488,0.0684798456623269,0,0,1,1,0,0,0,0,0,1,0,0,0,0,1,0,"C",2372,13442
-0.186731881299027,0.125471198807313,0.216483535121324,0,0,1,1,0,0,0,0,0,1,0,0,0,0,1,0,"C",1117,13443
-0.144166134170281,0.0886009882827085,-0.990507845888052,0,0,1,1,0,0,0,0,0,1,0,0,0,0,1,0,"C",3186,13444
-0.0924986067783538,0.0858078456741335,-0.325107924719538,0,0,1,1,0,0,0,0,0,1,0,0,0,0,1,0,"C",2648,13445
-0.165773613364689,0.150777357634742,0.248357036597297,0,0,1,1,0,0,0,0,0,1,0,0,0,0,1,0,"C",3379,13446
-0.222998529152474,0.0705985624018932,0.644885314436814,0,0,1,1,0,0,0,0,0,1,0,0,0,0,1,0,"C",2742,13447
-0.211986735102665,0.151075841857309,-0.15981393416904,0,0,1,1,0,0,0,0,0,1,0,0,0,0,1,0,"C",2336,13448
-0.193771235154436,0.112918811087204,-0.237904487881587,0,0,1,1,0,0,0,0,0,1,0,0,0,0,1,0,"C",267,13449
-0.209294816702233,0.181762752935013,1.17192800600818,0,0,1,1,0,0,0,0,0,1,0,0,0,0,1,0,"C",1359,13450
-0.199018681480657,0.139870431633338,-0.268553633042791,0,0,1,1,0,0,0,0,0,1,0,0,0,0,1,0,"C",1441,13451
-0.227622847551125,-0.0445977515806891,-2.23786495306294,0,0,1,1,0,0,0,0,0,1,0,0,0,0,1,0,"C",1962,13452
-0.186637823546318,0.17860945910356,1.19991616911417,0,0,1,1,0,0,0,0,0,1,0,0,0,0,1,0,"C",3717,13453
-0.157542951689551,0.0950891146796496,0.602869128330577,0,0,1,1,0,0,0,0,0,1,0,0,0,0,1,0,"C",347,13454
-0.204157751043354,0.20738621124657,1.77095653067006,0,0,1,1,0,0,0,0,0,1,0,0,0,0,1,0,"C",2090,13455
-0.220765836398258,0.135982760271739,1.37414271295013,0,0,1,1,0,0,0,0,0,1,0,0,0,0,1,0,"C",3406,13456
-0.130065627623741,0.0428215206194365,-0.558700264558208,0,0,1,1,0,0,0,0,0,1,0,0,0,0,1,0,"C",2061,13457
-0.11411124928568,0.14352430251637,-0.545246533573387,0,0,1,1,0,0,0,0,0,1,0,0,0,0,1,0,"C",3699,13458
-0.145255655820183,0.0712754883941261,0.226907917099734,0,0,1,1,0,0,0,0,0,1,0,0,0,0,1,0,"C",1385,13459
-0.117046198574647,0.0802658094638739,1.90820792850101,0,0,1,1,0,0,0,0,0,1,0,0,0,0,1,0,"C",729,13460
-0.148547368687164,0.167785024860491,0.771295350204148,0,0,1,1,0,0,0,0,0,1,0,0,0,0,1,0,"C",712,13461
-0.235014498921119,0.115447977369255,1.147048995485,0,0,1,1,0,0,0,0,0,1,0,0,0,0,1,0,"C",656,13462
-0.175115798153179,0.154960588207374,-0.138114700285277,0,0,1,1,0,0,0,0,0,1,0,0,0,0,1,0,"C",1397,13463
-0.178924477086976,0.104284284765103,0.247500522647454,0,0,1,1,0,0,0,0,0,1,0,0,0,0,1,0,"C",2074,13464
-0.21419357524034,0.0852190192730292,0.147182942739156,0,0,1,1,0,0,0,0,0,1,0,0,0,0,1,0,"C",857,13465
-0.176121724892718,0.0799680759716415,-0.395381459321324,0,0,1,1,0,0,0,0,0,1,0,0,0,0,1,0,"C",2257,13466
-0.192320563245337,0.0144274500393775,-1.15560118841173,0,0,1,1,0,0,0,0,0,1,0,0,0,0,1,0,"C",1072,13467
-0.20121230162726,0.154538991871458,0.872650087787157,0,0,1,1,0,0,0,0,0,1,0,0,0,0,1,0,"C",1687,13468
-0.253861827784393,0.24323848751431,1.50349513760187,0,0,1,1,0,0,0,0,0,1,0,0,0,0,1,0,"C",2575,13469
-0.157071907069476,0.177425674488254,-0.539125355238596,0,0,1,1,0,0,0,0,0,1,0,0,0,0,1,0,"C",3006,13470
-0.222507451343982,0.0941787838176082,-0.347358304105029,0,0,1,1,0,0,0,0,0,1,0,0,0,0,1,0,"C",3732,13471
-0.145417530894406,0.183245582838171,-2.11994599315247,0,0,1,1,0,0,0,0,0,1,0,0,0,0,1,0,"C",482,13472
-0.13503815092119,0.10991565626613,1.69512498829585,0,0,1,1,0,0,0,0,0,1,0,0,0,0,1,0,"C",1341,13473
-0.245228758158619,0.0922672857047565,-0.173372004505171,0,0,1,1,0,0,0,0,0,1,0,0,0,0,1,0,"C",3204,13474
-0.0387382404409612,0.0677988744434238,-0.0239883962243813,0,0,1,1,0,0,0,0,0,1,0,0,0,0,1,0,"C",1763,13475
-0.227285767397905,0.129690243573687,1.39914613179089,0,0,1,1,0,0,0,0,0,1,0,0,0,0,1,0,"C",2318,13476
-0.146125390710591,0.0774507785284,0.0172238673022742,0,0,1,1,0,0,0,0,0,1,0,0,0,0,1,0,"C",1059,13477
-0.141664116585541,0.0643489948290263,0.424573406810403,0,0,1,1,0,0,0,0,0,1,0,0,0,0,1,0,"C",1290,13478
-0.0999833225519349,0.08855037962983,0.695503006407132,0,0,1,1,0,0,0,0,0,1,0,0,0,0,1,0,"C",3146,13479
-0.172031189305379,0.135775076011421,1.44899545301667,0,0,1,1,0,0,0,0,0,1,0,0,0,0,1,0,"C",1594,13480
-0.17566366864409,0.146639459818317,0.51628785293075,0,0,1,1,0,0,0,0,0,1,0,0,0,0,1,0,"C",2727,13481
-0.175829491001444,0.089661168243327,-0.519390496191365,0,0,1,1,0,0,0,0,0,1,0,0,0,0,1,0,"C",2960,13482
-0.284760154998346,-0.0131193781094015,-1.00304318209654,0,0,1,1,0,0,0,0,0,1,0,0,0,0,1,0,"C",3738,13483
-0.276789026294151,0.202605049717059,-0.168339094418333,0,0,1,1,0,0,0,0,0,1,0,0,0,0,1,0,"C",1567,13484
-0.42990846644627,-0.0468489888859465,-1.78699915987388,0,0,1,1,0,0,0,0,0,1,0,0,0,0,1,0,"C",1930,13485
-0.181572154737835,0.211397860092441,0.0167928243051168,0,0,1,1,0,0,0,0,0,1,0,0,0,0,1,0,"C",3714,13486
-0.28455908744947,0.067025589674279,-1.0004748904758,0,0,1,1,0,0,0,0,0,1,0,0,0,0,1,0,"C",435,13487
-0.1834202703524,0.0618048499835651,0.446322219029155,0,0,1,1,0,0,0,0,0,1,0,0,0,0,1,0,"C",1461,13488
-0.205712249576337,0.153003908300095,0.419341799222377,0,0,1,1,0,0,0,0,0,1,0,0,0,0,1,0,"C",2661,13489
-0.253918132809233,0.122302208905848,0.464298282361892,0,0,1,1,0,0,0,0,0,1,0,0,0,0,1,0,"C",1967,13490
-0.160220264120894,0.123386561989648,1.35202455764901,0,0,1,1,0,0,0,0,0,1,0,0,0,0,1,0,"C",2087,13491
-0.219301619513949,-0.0086000591430364,-1.85397242469918,0,0,1,1,0,0,0,0,0,1,0,0,0,0,1,0,"C",2137,13492
-0.130585258054015,0.0525258646069755,0.224527178655794,0,0,1,1,0,0,0,0,0,1,0,0,0,0,1,0,"C",2578,13493
-0.172175030734922,0.0491997957621463,-0.249333437507209,0,0,1,1,0,0,0,0,0,1,0,0,0,0,1,0,"C",899,13494
-0.136275144437049,0.0852901963097714,0.0455288292159381,0,0,1,1,0,0,0,0,0,1,0,0,0,0,1,0,"C",3030,13495
-0.206692850841737,0.197508962411008,0.856587327243673,0,0,1,1,0,0,0,0,0,1,0,0,0,0,1,0,"C",2602,13496
-0.225328322137423,0.0938681587438029,0.0811295085375471,0,0,1,1,0,0,0,0,0,1,0,0,0,0,1,0,"C",394,13497
-0.178495100845042,0.114366607095268,0.913103506994227,0,0,1,1,0,0,0,0,0,1,0,0,0,0,1,0,"C",3326,13498
-0.295343717939113,0.0284928917077392,-0.816722675773537,0,0,1,1,0,0,0,0,0,1,0,0,0,0,1,0,"C",2240,13499
-0.148759266734408,0.126317333157859,-0.612255799070877,0,0,1,1,0,0,0,0,0,1,0,0,0,0,1,0,"D",491,13500
-0.154643876631313,0.160981060549525,-1.28654287753803,0,0,1,1,0,0,0,0,0,1,0,0,0,0,1,0,"D",3721,13501
-0.218670452576837,0.124765457606412,-1.25770514279356,0,0,1,1,0,0,0,0,0,1,0,0,0,0,1,0,"D",3402,13502
-0.189441230399398,0.074856085647339,-0.397430503388473,0,0,1,1,0,0,0,0,0,1,0,0,0,0,1,0,"D",368,13503
-0.132683757023526,0.0812106834569812,-0.818780041765113,0,0,1,1,0,0,0,0,0,1,0,0,0,0,1,0,"D",1484,13504
-0.103040566745365,0.0999234048311811,-1.84133724692722,0,0,1,1,0,0,0,0,0,1,0,0,0,0,1,0,"D",2487,13505
-0.0827735482750038,0.0312103680968006,0.443266764390647,0,0,1,1,0,0,0,0,0,1,0,0,0,0,1,0,"D",1608,13506
-0.217954159160794,0.175100218434252,-2.27936813636818,0,0,1,1,0,0,0,0,0,1,0,0,0,0,1,0,"D",1462,13507
-0.121682449437993,0.124992129933491,-0.957890647631526,0,0,1,1,0,0,0,0,0,1,0,0,0,0,1,0,"D",3495,13508
-0.203773088588485,0.205813440737927,-1.11379681077998,0,0,1,1,0,0,0,0,0,1,0,0,0,0,1,0,"D",3583,13509
-0.0763220200938728,0.05855537502949,-1.42160849433875,0,0,1,1,0,0,0,0,0,1,0,0,0,0,1,0,"D",1747,13510
-0.251368921087817,0.244700470540903,-1.44391872475318,0,0,1,1,0,0,0,0,0,1,0,0,0,0,1,0,"D",344,13511
-0.17104631204331,0.137236800677993,-2.37654091981209,0,0,1,1,0,0,0,0,0,1,0,0,0,0,1,0,"D",3343,13512
-0.159033360914393,0.141137839219591,-0.611296716173448,0,0,1,1,0,0,0,0,0,1,0,0,0,0,1,0,"D",2191,13513
-0.266675715211786,0.247932945850987,-1.44842782907166,0,0,1,1,0,0,0,0,0,1,0,0,0,0,1,0,"D",2986,13514
-0.0943891211894354,0.0484935763251442,-1.30834648868373,0,0,1,1,0,0,0,0,0,1,0,0,0,0,1,0,"D",3527,13515
-0.185801775112473,0.146149746823006,-1.34495235973075,0,0,1,1,0,0,0,0,0,1,0,0,0,0,1,0,"D",3748,13516
-0.226421089216618,0.135058076855594,-0.390552619979076,0,0,1,1,0,0,0,0,0,1,0,0,0,0,1,0,"D",930,13517
-0.167545264777267,0.15863269045893,-0.473807824210359,0,0,1,1,0,0,0,0,0,1,0,0,0,0,1,0,"D",1560,13518
-0.140444374872849,0.124027678886994,1.3508729588544,0,0,1,1,0,0,0,0,0,1,0,0,0,0,1,0,"D",1549,13519
-0.194187817244169,0.147589240781899,-1.34564946290408,0,0,1,1,0,0,0,0,0,1,0,0,0,0,1,0,"D",3423,13520
-0.130851183528679,0.0758733138236012,-0.113296059898274,0,0,1,1,0,0,0,0,0,1,0,0,0,0,1,0,"D",3464,13521
-0.188924743128576,0.139998177601802,0.306159379154502,0,0,1,1,0,0,0,0,0,1,0,0,0,0,1,0,"D",1646,13522
-0.113371412446238,0.110748551046026,-1.55847287588655,0,0,1,1,0,0,0,0,0,1,0,0,0,0,1,0,"D",2823,13523
-0.267163265860374,0.179913522012516,-1.01002259530883,0,0,1,1,0,0,0,0,0,1,0,0,0,0,1,0,"D",2022,13524
-0.14105040912193,0.169141668693983,-1.96420226940268,0,0,1,1,0,0,0,0,0,1,0,0,0,0,1,0,"D",1255,13525
-0.176058333150773,0.158253482929372,-1.79759292639904,0,0,1,1,0,0,0,0,0,1,0,0,0,0,1,0,"D",1691,13526
-0.219043879967088,0.120446899199677,-1.34803765140381,0,0,1,1,0,0,0,0,0,1,0,0,0,0,1,0,"D",3414,13527
-0.144936014474759,0.0613546089607044,0.0529172118448393,0,0,1,1,0,0,0,0,0,1,0,0,0,0,1,0,"D",1362,13528
-0.165672092183085,0.149563291247749,-1.5025313142027,0,0,1,1,0,0,0,0,0,1,0,0,0,0,1,0,"D",2845,13529
-0.17863262322928,0.203540292844145,-1.45942992394016,0,0,1,1,0,0,0,0,0,1,0,0,0,0,1,0,"D",2333,13530
-0.145568844758192,0.136469757793715,0.280545954658194,0,0,1,1,0,0,0,0,0,1,0,0,0,0,1,0,"D",2005,13531
-0.198443967322317,0.144693719446477,-1.31570262975499,0,0,1,1,0,0,0,0,0,1,0,0,0,0,1,0,"D",2937,13532
-0.228527183088473,0.195569415197614,-1.18878092747902,0,0,1,1,0,0,0,0,0,1,0,0,0,0,1,0,"D",1628,13533
-0.156068189604283,0.12024781173828,-2.53902266953724,0,0,1,1,0,0,0,0,0,1,0,0,0,0,1,0,"D",3122,13534
-0.192809527378982,0.159086785519159,-1.31796945082676,0,0,1,1,0,0,0,0,0,1,0,0,0,0,1,0,"D",666,13535
-0.186422923353344,0.162924751563531,-0.332660185892123,0,0,1,1,0,0,0,0,0,1,0,0,0,0,1,0,"D",1125,13536
-0.202847938195559,0.0627394887356856,-1.39506067332944,0,0,1,1,0,0,0,0,0,1,0,0,0,0,1,0,"D",33,13537
-0.163814718525293,0.0795074342334924,-1.72638968009806,0,0,1,1,0,0,0,0,0,1,0,0,0,0,1,0,"D",1671,13538
-0.0724891051199273,0.0305128990765836,0.331994794662743,0,0,1,1,0,0,0,0,0,1,0,0,0,0,1,0,"D",2714,13539
-0.141923016617423,0.158436130623352,-1.60522636939666,0,0,1,1,0,0,0,0,0,1,0,0,0,0,1,0,"D",946,13540
-0.149152832325084,0.137073119692933,-1.84214098307952,0,0,1,1,0,0,0,0,0,1,0,0,0,0,1,0,"D",2718,13541
-0.140153614076774,0.118172579558712,-0.991831034374807,0,0,1,1,0,0,0,0,0,1,0,0,0,0,1,0,"D",2372,13542
-0.0979055218188537,0.0878389336128712,-1.11963556314836,0,0,1,1,0,0,0,0,0,1,0,0,0,0,1,0,"D",1117,13543
-0.1213670885347,0.121040154919255,-1.84086621493799,0,0,1,1,0,0,0,0,0,1,0,0,0,0,1,0,"D",3186,13544
-0.161449420038591,0.030866932015527,-1.16246790678347,0,0,1,1,0,0,0,0,0,1,0,0,0,0,1,0,"D",2648,13545
-0.107754319023536,0.0598141240745392,0.26294185267014,0,0,1,1,0,0,0,0,0,1,0,0,0,0,1,0,"D",3379,13546
-0.138811493244731,0.0880716387803227,-0.66933162090943,0,0,1,1,0,0,0,0,0,1,0,0,0,0,1,0,"D",2742,13547
-0.26739218280518,0.282523706458704,-1.91558079639612,0,0,1,1,0,0,0,0,0,1,0,0,0,0,1,0,"D",2336,13548
-0.206687515074348,0.151082011663168,-1.46298313404855,0,0,1,1,0,0,0,0,0,1,0,0,0,0,1,0,"D",267,13549
-0.205044808445759,0.135967490157097,0.210009485417622,0,0,1,1,0,0,0,0,0,1,0,0,0,0,1,0,"D",1359,13550
-0.109444760844237,0.0871007613995544,-1.24619846711663,0,0,1,1,0,0,0,0,0,1,0,0,0,0,1,0,"D",1441,13551
-0.159084140189088,0.161869222949281,-1.43818386631209,0,0,1,1,0,0,0,0,0,1,0,0,0,0,1,0,"D",1962,13552
-0.170996808909173,0.117849059471475,-1.49287166569088,0,0,1,1,0,0,0,0,0,1,0,0,0,0,1,0,"D",3717,13553
-0.177532135076147,0.129641000883677,-0.838965399070174,0,0,1,1,0,0,0,0,0,1,0,0,0,0,1,0,"D",347,13554
-0.213010898225954,0.139520255863246,-1.22191183596955,0,0,1,1,0,0,0,0,0,1,0,0,0,0,1,0,"D",2090,13555
-0.165309435340233,0.177902432471846,-2.06571007068363,0,0,1,1,0,0,0,0,0,1,0,0,0,0,1,0,"D",3406,13556
-0.23114764916921,0.165341853110752,-0.766877130206187,0,0,1,1,0,0,0,0,0,1,0,0,0,0,1,0,"D",2061,13557
-0.252813018003784,0.18864433174672,0.207976565115414,0,0,1,1,0,0,0,0,0,1,0,0,0,0,1,0,"D",3699,13558
-0.152771523563141,0.113392522115135,-2.23467378706243,0,0,1,1,0,0,0,0,0,1,0,0,0,0,1,0,"D",1385,13559
-0.156067251140156,0.15753500974834,-0.0853184085928636,0,0,1,1,0,0,0,0,0,1,0,0,0,0,1,0,"D",729,13560
-0.211871926099055,0.162602981841629,-0.0938948922303309,0,0,1,1,0,0,0,0,0,1,0,0,0,0,1,0,"D",712,13561
-0.178320875540773,0.122110767339535,-1.06066518203952,0,0,1,1,0,0,0,0,0,1,0,0,0,0,1,0,"D",656,13562
-0.16115100842226,0.179920441256825,-1.36499333970981,0,0,1,1,0,0,0,0,0,1,0,0,0,0,1,0,"D",1397,13563
-0.162822804881739,0.120605225472605,-1.11239407416994,0,0,1,1,0,0,0,0,0,1,0,0,0,0,1,0,"D",2074,13564
-0.116846517477394,0.115785480080547,-0.699274724591119,0,0,1,1,0,0,0,0,0,1,0,0,0,0,1,0,"D",857,13565
-0.178008790744728,0.12288082111047,-0.151215844385754,0,0,1,1,0,0,0,0,0,1,0,0,0,0,1,0,"D",2257,13566
-0.133327505062774,0.153872944749172,-2.33919954255438,0,0,1,1,0,0,0,0,0,1,0,0,0,0,1,0,"D",1072,13567
-0.187674345358659,0.166757743755409,-1.51703580110704,0,0,1,1,0,0,0,0,0,1,0,0,0,0,1,0,"D",1687,13568
-0.132271281480715,0.122390886243505,-0.953674894265582,0,0,1,1,0,0,0,0,0,1,0,0,0,0,1,0,"D",2575,13569
-0.243527945151601,0.183405209371786,-1.25152204926522,0,0,1,1,0,0,0,0,0,1,0,0,0,0,1,0,"D",3006,13570
-0.184116897805717,0.165099795351838,-1.87038322740786,0,0,1,1,0,0,0,0,0,1,0,0,0,0,1,0,"D",3732,13571
-0.121093538375682,0.14189483809508,-1.01948071113882,0,0,1,1,0,0,0,0,0,1,0,0,0,0,1,0,"D",482,13572
-0.185064868598042,0.186283292320346,-1.6570630980283,0,0,1,1,0,0,0,0,0,1,0,0,0,0,1,0,"D",1341,13573
-0.140833954135122,0.104477153974654,-0.485864355286527,0,0,1,1,0,0,0,0,0,1,0,0,0,0,1,0,"D",3204,13574
-0.230612494292598,0.174340803979876,-2.27313435975819,0,0,1,1,0,0,0,0,0,1,0,0,0,0,1,0,"D",1763,13575
-0.142059274853714,0.12086484915403,-0.422345861107848,0,0,1,1,0,0,0,0,0,1,0,0,0,0,1,0,"D",2318,13576
-0.114143803060927,0.120980558385446,-0.85839053032023,0,0,1,1,0,0,0,0,0,1,0,0,0,0,1,0,"D",1059,13577
-0.191896457293235,0.173766533283314,-0.896568964616626,0,0,1,1,0,0,0,0,0,1,0,0,0,0,1,0,"D",1290,13578
-0.161094169356701,0.135123596285277,-0.438811587855907,0,0,1,1,0,0,0,0,0,1,0,0,0,0,1,0,"D",3146,13579
-0.174435777245553,0.167638872392264,-2.10021900548741,0,0,1,1,0,0,0,0,0,1,0,0,0,0,1,0,"D",1594,13580
-0.252890243386929,0.237312738763013,-2.37777539345597,0,0,1,1,0,0,0,0,0,1,0,0,0,0,1,0,"D",2727,13581
-0.194183951929151,0.140485863110309,-1.85078786809137,0,0,1,1,0,0,0,0,0,1,0,0,0,0,1,0,"D",2960,13582
-0.148056253476081,0.11292499792502,-0.602559290631157,0,0,1,1,0,0,0,0,0,1,0,0,0,0,1,0,"D",3738,13583
-0.260008641085016,0.203347047967695,1.65691161105489,0,0,1,1,0,0,0,0,0,1,0,0,0,0,1,0,"D",1567,13584
-0.0871338241946769,0.080464239063494,-0.278203153487879,0,0,1,1,0,0,0,0,0,1,0,0,0,0,1,0,"D",1930,13585
-0.106338755900288,0.0686778966952178,-0.41790237202321,0,0,1,1,0,0,0,0,0,1,0,0,0,0,1,0,"D",3714,13586
-0.119377032694684,0.13113718577969,-0.785093039633068,0,0,1,1,0,0,0,0,0,1,0,0,0,0,1,0,"D",435,13587
-0.157325693347337,0.131121812125114,-1.67487929437068,0,0,1,1,0,0,0,0,0,1,0,0,0,0,1,0,"D",1461,13588
-0.203721990163982,0.104425721597548,-0.797965566553985,0,0,1,1,0,0,0,0,0,1,0,0,0,0,1,0,"D",2661,13589
-0.121714648906878,0.11468683373383,-1.30839597119105,0,0,1,1,0,0,0,0,0,1,0,0,0,0,1,0,"D",1967,13590
-0.188450929858477,0.144365468544316,-0.768046035519654,0,0,1,1,0,0,0,0,0,1,0,0,0,0,1,0,"D",2087,13591
-0.143327336380196,0.167833027321738,-0.581806927603145,0,0,1,1,0,0,0,0,0,1,0,0,0,0,1,0,"D",2137,13592
-0.258637163424416,0.278870353248347,-0.466360687133203,0,0,1,1,0,0,0,0,0,1,0,0,0,0,1,0,"D",2578,13593
-0.176353907831555,0.15072398120782,-1.56631953281034,0,0,1,1,0,0,0,0,0,1,0,0,0,0,1,0,"D",899,13594
-0.275042192293506,0.221333280347077,-2.11340942721445,0,0,1,1,0,0,0,0,0,1,0,0,0,0,1,0,"D",3030,13595
-0.249137121855431,0.262488116427603,1.14744679636234,0,0,1,1,0,0,0,0,0,1,0,0,0,0,1,0,"D",2602,13596
-0.116425627754018,0.104117145350207,-1.70968939293254,0,0,1,1,0,0,0,0,0,1,0,0,0,0,1,0,"D",394,13597
-0.220771473082888,0.231544435957051,-2.29505900761609,0,0,1,1,0,0,0,0,0,1,0,0,0,0,1,0,"D",3326,13598
-0.240403834164911,0.103263217317779,-1.3465495156146,0,0,1,1,0,0,0,0,0,1,0,0,0,0,1,0,"D",2240,13599
-0.118770083358469,0.117165081229988,0.0453215438293784,0,0,1,1,0,0,0,0,0,0,0,0,1,0,1,0,"C",491,13600
-0.227251142718752,0.18472461017861,-1.44139581208872,0,0,1,1,0,0,0,0,0,0,0,0,1,0,1,0,"C",3721,13601
-0.161469296202783,0.128269653643979,0.289129038883938,0,0,1,1,0,0,0,0,0,0,0,0,1,0,1,0,"C",3402,13602
-0.124298908952449,0.0843405924881985,-1.29935047466964,0,0,1,1,0,0,0,0,0,0,0,0,1,0,1,0,"C",368,13603
-0.133720195834874,0.129267162332591,0.56612836141031,0,0,1,1,0,0,0,0,0,0,0,0,1,0,1,0,"C",1484,13604
-0.172856000123087,0.158763292831048,1.02645850174205,0,0,1,1,0,0,0,0,0,0,0,0,1,0,1,0,"C",2487,13605
-0.171807432867394,0.137545966842743,0.129204907582661,0,0,1,1,0,0,0,0,0,0,0,0,1,0,1,0,"C",1608,13606
-0.0942852926148333,0.0949460498222306,0.736427923653452,0,0,1,1,0,0,0,0,0,0,0,0,1,0,1,0,"C",1462,13607
-0.218723482005572,0.156587236473732,-0.7816343207503,0,0,1,1,0,0,0,0,0,0,0,0,1,0,1,0,"C",3495,13608
-0.178186507946855,0.157024900898496,0.765018781956549,0,0,1,1,0,0,0,0,0,0,0,0,1,0,1,0,"C",3583,13609
-0.208710069264198,0.164197725803039,-0.689410462842831,0,0,1,1,0,0,0,0,0,0,0,0,1,0,1,0,"C",1747,13610
-0.195414075404446,0.160477696902031,-0.293161721731848,0,0,1,1,0,0,0,0,0,0,0,0,1,0,1,0,"C",344,13611
-0.173853340495431,0.184372902995023,0.804616200541713,0,0,1,1,0,0,0,0,0,0,0,0,1,0,1,0,"C",3343,13612
-0.0862492472383675,0.0580736524089664,-1.66365942339155,0,0,1,1,0,0,0,0,0,0,0,0,1,0,1,0,"C",2191,13613
-0.204493654052537,0.175383906833383,0.258758518606794,0,0,1,1,0,0,0,0,0,0,0,0,1,0,1,0,"C",2986,13614
-0.0878438371109517,0.0675776461350299,-0.328426730303753,0,0,1,1,0,0,0,0,0,0,0,0,1,0,1,0,"C",3527,13615
-0.161956194099882,0.143789354339515,0.539465025839919,0,0,1,1,0,0,0,0,0,0,0,0,1,0,1,0,"C",3748,13616
-0.17696024379921,0.198545853085517,0.71233876209346,0,0,1,1,0,0,0,0,0,0,0,0,1,0,1,0,"C",930,13617
-0.140977943426778,0.132862455615491,-0.474119642569404,0,0,1,1,0,0,0,0,0,0,0,0,1,0,1,0,"C",1560,13618
-0.166704122861226,0.117868515531215,0.795871841200004,0,0,1,1,0,0,0,0,0,0,0,0,1,0,1,0,"C",1549,13619
-0.126016869854142,0.11089076695107,-0.376948048557652,0,0,1,1,0,0,0,0,0,0,0,0,1,0,1,0,"C",3423,13620
-0.152081113081963,0.139988569713445,0.293856063460721,0,0,1,1,0,0,0,0,0,0,0,0,1,0,1,0,"C",3464,13621
-0.0671646381462342,0.0568785892868161,-0.0581914286576473,0,0,1,1,0,0,0,0,0,0,0,0,1,0,1,0,"C",1646,13622
-0.172155841874007,0.145367228740095,-0.0537546456474339,0,0,1,1,0,0,0,0,0,0,0,0,1,0,1,0,"C",2823,13623
-0.121546067540844,0.116752468867961,-0.903793860799611,0,0,1,1,0,0,0,0,0,0,0,0,1,0,1,0,"C",2022,13624
-0.238095862598832,0.229007726861669,0.446754483884393,0,0,1,1,0,0,0,0,0,0,0,0,1,0,1,0,"C",1255,13625
-0.17853146273189,0.167966979675677,0.64664663708846,0,0,1,1,0,0,0,0,0,0,0,0,1,0,1,0,"C",1691,13626
-0.126288085692288,0.0886060444971642,0.412320005169147,0,0,1,1,0,0,0,0,0,0,0,0,1,0,1,0,"C",3414,13627
-0.17428469003175,0.180669979840068,1.38714597427666,0,0,1,1,0,0,0,0,0,0,0,0,1,0,1,0,"C",1362,13628
-0.14338790182812,0.110992869723831,1.22164559023542,0,0,1,1,0,0,0,0,0,0,0,0,1,0,1,0,"C",2845,13629
-0.147847437535041,0.16529292391189,0.801222392804505,0,0,1,1,0,0,0,0,0,0,0,0,1,0,1,0,"C",2333,13630
-0.163721379352439,0.112294223486142,1.06722590162798,0,0,1,1,0,0,0,0,0,0,0,0,1,0,1,0,"C",2005,13631
-0.158362914803711,0.0969657173372571,-0.808156068236107,0,0,1,1,0,0,0,0,0,0,0,0,1,0,1,0,"C",2937,13632
-0.164745900452985,0.0919331033491167,-0.560500578843436,0,0,1,1,0,0,0,0,0,0,0,0,1,0,1,0,"C",1628,13633
-0.156157665269732,0.121867820823217,0.524266796516626,0,0,1,1,0,0,0,0,0,0,0,0,1,0,1,0,"C",3122,13634
-0.127541410651875,0.142191627355547,-0.468900996566245,0,0,1,1,0,0,0,0,0,0,0,0,1,0,1,0,"C",666,13635
-0.169464826603451,0.148685691382432,1.57695993913676,0,0,1,1,0,0,0,0,0,0,0,0,1,0,1,0,"C",1125,13636
-0.0947236914850882,0.0834383187441422,1.3544859267829,0,0,1,1,0,0,0,0,0,0,0,0,1,0,1,0,"C",33,13637
-0.191148593781255,0.164631603132697,0.403213062936353,0,0,1,1,0,0,0,0,0,0,0,0,1,0,1,0,"C",1671,13638
-0.147417591433432,0.125607428386186,-1.50813193084009,0,0,1,1,0,0,0,0,0,0,0,0,1,0,1,0,"C",2714,13639
-0.20021641664601,0.172641377003979,1.00255509500067,0,0,1,1,0,0,0,0,0,0,0,0,1,0,1,0,"C",946,13640
-0.0871712239046395,0.0847903947910989,0.985325035611451,0,0,1,1,0,0,0,0,0,0,0,0,1,0,1,0,"C",2718,13641
-0.184138202793385,0.147379898290293,-1.05756568460875,0,0,1,1,0,0,0,0,0,0,0,0,1,0,1,0,"C",2372,13642
-0.116085385804618,0.106825760267722,-0.850550763476855,0,0,1,1,0,0,0,0,0,0,0,0,1,0,1,0,"C",1117,13643
-0.173284635721218,0.156293276881054,0.747777682307306,0,0,1,1,0,0,0,0,0,0,0,0,1,0,1,0,"C",3186,13644
-0.118110647472573,0.0452556074332186,0.322149517350641,0,0,1,1,0,0,0,0,0,0,0,0,1,0,1,0,"C",2648,13645
-0.188495034715686,0.142817694309407,-0.293454404349027,0,0,1,1,0,0,0,0,0,0,0,0,1,0,1,0,"C",3379,13646
-0.184623626693409,0.105569177255972,1.07714204807271,0,0,1,1,0,0,0,0,0,0,0,0,1,0,1,0,"C",2742,13647
-0.192444501097787,0.177535972327589,-0.2859052863843,0,0,1,1,0,0,0,0,0,0,0,0,1,0,1,0,"C",2336,13648
-0.201585193649406,0.189042197981561,0.358676029267369,0,0,1,1,0,0,0,0,0,0,0,0,1,0,1,0,"C",267,13649
-0.194225968183066,0.166680851413801,0.863667877817641,0,0,1,1,0,0,0,0,0,0,0,0,1,0,1,0,"C",1359,13650
-0.256801742347154,0.198784531735211,-0.0467567588574333,0,0,1,1,0,0,0,0,0,0,0,0,1,0,1,0,"C",1441,13651
-0.166304561433029,0.134177158568543,1.82342492003158,0,0,1,1,0,0,0,0,0,0,0,0,1,0,1,0,"C",1962,13652
-0.180657780272589,0.150000625900554,-0.240716625843652,0,0,1,1,0,0,0,0,0,0,0,0,1,0,1,0,"C",3717,13653
-0.096720681124449,0.0702683150767131,0.473720088340386,0,0,1,1,0,0,0,0,0,0,0,0,1,0,1,0,"C",347,13654
-0.207518185749265,0.152686843589723,1.78054816289595,0,0,1,1,0,0,0,0,0,0,0,0,1,0,1,0,"C",2090,13655
-0.156337066711066,0.132235821505744,1.39022087091478,0,0,1,1,0,0,0,0,0,0,0,0,1,0,1,0,"C",3406,13656
-0.172190339991801,0.131269354057413,0.526479686579894,0,0,1,1,0,0,0,0,0,0,0,0,1,0,1,0,"C",2061,13657
-0.21093266431358,0.156041884617206,-0.193679376341424,0,0,1,1,0,0,0,0,0,0,0,0,1,0,1,0,"C",3699,13658
-0.152376106042979,0.0942786346006779,0.996390658785634,0,0,1,1,0,0,0,0,0,0,0,0,1,0,1,0,"C",1385,13659
-0.120792720260658,0.0823270987800582,0.832696662851109,0,0,1,1,0,0,0,0,0,0,0,0,1,0,1,0,"C",729,13660
-0.181814423148643,0.147007830402197,-0.309851938649208,0,0,1,1,0,0,0,0,0,0,0,0,1,0,1,0,"C",712,13661
-0.174487809909293,0.112909487902135,0.364270986902071,0,0,1,1,0,0,0,0,0,0,0,0,1,0,1,0,"C",656,13662
-0.198933403564095,0.199213925687278,0.926105568771542,0,0,1,1,0,0,0,0,0,0,0,0,1,0,1,0,"C",1397,13663
-0.155146723893162,0.139531156045094,0.548842313899072,0,0,1,1,0,0,0,0,0,0,0,0,1,0,1,0,"C",2074,13664
-0.175134994407586,0.151933963630229,0.908177622450312,0,0,1,1,0,0,0,0,0,0,0,0,1,0,1,0,"C",857,13665
-0.117249111101409,0.0724913184142569,-1.84585198532081,0,0,1,1,0,0,0,0,0,0,0,0,1,0,1,0,"C",2257,13666
-0.119037917942434,0.0817793020592052,-1.51220724930335,0,0,1,1,0,0,0,0,0,0,0,0,1,0,1,0,"C",1072,13667
-0.179072742282238,0.124815816294542,0.424142958158023,0,0,1,1,0,0,0,0,0,0,0,0,1,0,1,0,"C",1687,13668
-0.123558991522171,0.102262019104642,-1.05034095030753,0,0,1,1,0,0,0,0,0,0,0,0,1,0,1,0,"C",2575,13669
-0.205723000824074,0.140422141245955,-0.213925295473059,0,0,1,1,0,0,0,0,0,0,0,0,1,0,1,0,"C",3006,13670
-0.217295182729496,0.157083714293266,1.054829509725,0,0,1,1,0,0,0,0,0,0,0,0,1,0,1,0,"C",3732,13671
-0.228977526636627,0.171627459923141,-1.98960584319848,0,0,1,1,0,0,0,0,0,0,0,0,1,0,1,0,"C",482,13672
-0.168673513498145,0.136137972616932,1.60288130302364,0,0,1,1,0,0,0,0,0,0,0,0,1,0,1,0,"C",1341,13673
-0.150540232242237,0.136574660954827,-1.02932953020037,0,0,1,1,0,0,0,0,0,0,0,0,1,0,1,0,"C",3204,13674
-0.153378103615917,0.149080794545347,0.824286175075622,0,0,1,1,0,0,0,0,0,0,0,0,1,0,1,0,"C",1763,13675
-0.116835721429272,0.0937650099426677,-1.18456109631848,0,0,1,1,0,0,0,0,0,0,0,0,1,0,1,0,"C",2318,13676
-0.17798875303181,0.0894192149196802,-0.0254456848419964,0,0,1,1,0,0,0,0,0,0,0,0,1,0,1,0,"C",1059,13677
-0.165666199157913,0.116880141397934,1.49849149338892,0,0,1,1,0,0,0,0,0,0,0,0,1,0,1,0,"C",1290,13678
-0.139956332652168,0.147761946550998,1.31905327998176,0,0,1,1,0,0,0,0,0,0,0,0,1,0,1,0,"C",3146,13679
-0.140412655292846,0.137107318416721,2.27704772211657,0,0,1,1,0,0,0,0,0,0,0,0,1,0,1,0,"C",1594,13680
-0.170568298067496,0.115042714868072,0.505071636741772,0,0,1,1,0,0,0,0,0,0,0,0,1,0,1,0,"C",2727,13681
-0.210605754893237,0.1852846608016,0.180592111356585,0,0,1,1,0,0,0,0,0,0,0,0,1,0,1,0,"C",2960,13682
-0.101522513240183,0.109255362367062,1.43976236852733,0,0,1,1,0,0,0,0,0,0,0,0,1,0,1,0,"C",3738,13683
-0.294275289896426,0.272395429251651,-0.151409363840431,0,0,1,1,0,0,0,0,0,0,0,0,1,0,1,0,"C",1567,13684
-0.179936944210385,0.106896667678889,0.752798958468851,0,0,1,1,0,0,0,0,0,0,0,0,1,0,1,0,"C",1930,13685
-0.161298958370497,0.101518831868808,-0.663765513115536,0,0,1,1,0,0,0,0,0,0,0,0,1,0,1,0,"C",3714,13686
-0.153424000177201,0.13702394293679,0.2748461867822,0,0,1,1,0,0,0,0,0,0,0,0,1,0,1,0,"C",435,13687
-0.147844782324889,0.127803465508139,1.69405189463216,0,0,1,1,0,0,0,0,0,0,0,0,1,0,1,0,"C",1461,13688
-0.189867765397559,0.141470238807362,-0.474102384740603,0,0,1,1,0,0,0,0,0,0,0,0,1,0,1,0,"C",2661,13689
-0.15790796950552,0.12831591558526,-0.108705421990662,0,0,1,1,0,0,0,0,0,0,0,0,1,0,1,0,"C",1967,13690
-0.128690974901929,0.110615823040182,0.432369647167524,0,0,1,1,0,0,0,0,0,0,0,0,1,0,1,0,"C",2087,13691
-0.100226361336807,0.0935142626749954,-0.845567956764334,0,0,1,1,0,0,0,0,0,0,0,0,1,0,1,0,"C",2137,13692
-0.139444750813599,0.134735883059378,1.13702156053005,0,0,1,1,0,0,0,0,0,0,0,0,1,0,1,0,"C",2578,13693
-0.1649318482326,0.134809966021166,0.692526427296126,0,0,1,1,0,0,0,0,0,0,0,0,1,0,1,0,"C",899,13694
-0.224382618813716,0.206636375702122,1.21374270685772,0,0,1,1,0,0,0,0,0,0,0,0,1,0,1,0,"C",3030,13695
-0.201475726620038,0.223310291629011,1.75324721996923,0,0,1,1,0,0,0,0,0,0,0,0,1,0,1,0,"C",2602,13696
-0.13730416349717,0.0943576932128123,-0.592179964785674,0,0,1,1,0,0,0,0,0,0,0,0,1,0,1,0,"C",394,13697
-0.113847512990179,0.0918203651560924,-0.892736823344469,0,0,1,1,0,0,0,0,0,0,0,0,1,0,1,0,"C",3326,13698
-0.166419451142701,0.166642009585074,0.570228006722781,0,0,1,1,0,0,0,0,0,0,0,0,1,0,1,0,"C",2240,13699
-0.0429177206279948,0.106090669157207,0.957814855934588,0,0,1,1,0,0,0,0,0,0,0,0,1,0,1,0,"D",491,13700
-0.0263973582028137,0.124118184126283,-0.0199684609051832,0,0,1,1,0,0,0,0,0,0,0,0,1,0,1,0,"D",3721,13701
-0.238148465095614,0.296777678609087,-1.7246835740933,0,0,1,1,0,0,0,0,0,0,0,0,1,0,1,0,"D",3402,13702
-0.0803029379746333,0.188276877935164,1.19530866946876,0,0,1,1,0,0,0,0,0,0,0,0,1,0,1,0,"D",368,13703
-0.0758614503560393,0.198290979332304,-0.922027126485196,0,0,1,1,0,0,0,0,0,0,0,0,1,0,1,0,"D",1484,13704
-0.0220046017568986,0.0741607111321516,-1.12914437058805,0,0,1,1,0,0,0,0,0,0,0,0,1,0,1,0,"D",2487,13705
-0.128412597081593,0.190583798328468,1.26313829318241,0,0,1,1,0,0,0,0,0,0,0,0,1,0,1,0,"D",1608,13706
0.0506899703953046,0.0407159755160679,0.379127330362016,0,0,1,1,0,0,0,0,0,0,0,0,1,0,1,0,"D",1462,13707
-0.0830697749380451,0.1334423848076,1.84001923229269,0,0,1,1,0,0,0,0,0,0,0,0,1,0,1,0,"D",3495,13708
-0.121879671339044,0.177963729058934,2.03301609759791,0,0,1,1,0,0,0,0,0,0,0,0,1,0,1,0,"D",3583,13709
-0.155743723901978,0.254350654653817,-1.84149842229532,0,0,1,1,0,0,0,0,0,0,0,0,1,0,1,0,"D",1747,13710
-0.107634108762939,0.132974259632894,-0.530500652624461,0,0,1,1,0,0,0,0,0,0,0,0,1,0,1,0,"D",344,13711
-0.0356357340645473,0.0921888676484599,0.919348516752557,0,0,1,1,0,0,0,0,0,0,0,0,1,0,1,0,"D",3343,13712
-0.0260425164690266,0.0796253897512153,0.667156652103881,0,0,1,1,0,0,0,0,0,0,0,0,1,0,1,0,"D",2191,13713
-0.160195112528416,0.191084222815207,-1.41187515968616,0,0,1,1,0,0,0,0,0,0,0,0,1,0,1,0,"D",2986,13714
-0.115533191328412,0.150527725875692,0.673244689885725,0,0,1,1,0,0,0,0,0,0,0,0,1,0,1,0,"D",3527,13715
-0.134449053571533,0.165034930913789,1.77390290885291,0,0,1,1,0,0,0,0,0,0,0,0,1,0,1,0,"D",3748,13716
-0.172195198067706,0.238503705098555,-2.67863623865945,0,0,1,1,0,0,0,0,0,0,0,0,1,0,1,0,"D",930,13717
-0.0435564074626074,0.160231822236066,0.680968154834019,0,0,1,1,0,0,0,0,0,0,0,0,1,0,1,0,"D",1560,13718
-0.0230932300606257,0.0897449490153793,-0.55923441465813,0,0,1,1,0,0,0,0,0,0,0,0,1,0,1,0,"D",1549,13719
-0.109696440681486,0.203386518140495,1.18234066042074,0,0,1,1,0,0,0,0,0,0,0,0,1,0,1,0,"D",3423,13720
-0.0182283493652172,0.0917503854114823,0.217913012427879,0,0,1,1,0,0,0,0,0,0,0,0,1,0,1,0,"D",3464,13721
-0.0679587034483135,0.108506850672336,1.80258269923629,0,0,1,1,0,0,0,0,0,0,0,0,1,0,1,0,"D",1646,13722
-0.149082041308204,0.235283009589551,-0.839724504139259,0,0,1,1,0,0,0,0,0,0,0,0,1,0,1,0,"D",2823,13723
-0.16719053444395,0.202520638843305,1.44065865581584,0,0,1,1,0,0,0,0,0,0,0,0,1,0,1,0,"D",2022,13724
-0.0180057520275131,0.128257854837617,1.7858920539828,0,0,1,1,0,0,0,0,0,0,0,0,1,0,1,0,"D",1255,13725
-0.0345250308587921,0.149865673351411,1.1247604932058,0,0,1,1,0,0,0,0,0,0,0,0,1,0,1,0,"D",1691,13726
-0.068973748569847,0.137526907325146,2.09736086181161,0,0,1,1,0,0,0,0,0,0,0,0,1,0,1,0,"D",3414,13727
-0.159327909238803,0.244470753367569,-2.02233403985465,0,0,1,1,0,0,0,0,0,0,0,0,1,0,1,0,"D",1362,13728
-0.0105527079627163,0.0534311736191919,0.614673349755386,0,0,1,1,0,0,0,0,0,0,0,0,1,0,1,0,"D",2845,13729
0.0417178451340456,0.0961891543975338,-1.09080879224834,0,0,1,1,0,0,0,0,0,0,0,0,1,0,1,0,"D",2333,13730
-0.0462983285326203,0.106937488673468,1.65594341963634,0,0,1,1,0,0,0,0,0,0,0,0,1,0,1,0,"D",2005,13731
-0.118749376496955,0.1934434758083,2.46953266379443,0,0,1,1,0,0,0,0,0,0,0,0,1,0,1,0,"D",2937,13732
-0.0994420291034713,0.167297929802018,-0.291124721516239,0,0,1,1,0,0,0,0,0,0,0,0,1,0,1,0,"D",1628,13733
-0.0550334548598646,0.115131873266825,2.63612834973548,0,0,1,1,0,0,0,0,0,0,0,0,1,0,1,0,"D",3122,13734
-0.0866454578254501,0.136333118013555,0.827612303079848,0,0,1,1,0,0,0,0,0,0,0,0,1,0,1,0,"D",666,13735
-0.0236350304608223,0.0986681570256204,-0.876665624556836,0,0,1,1,0,0,0,0,0,0,0,0,1,0,1,0,"D",1125,13736
-0.0734305491689848,0.167240524319098,-0.854322627969256,0,0,1,1,0,0,0,0,0,0,0,0,1,0,1,0,"D",33,13737
-0.143814146258048,0.227551522721462,-2.42660452213259,0,0,1,1,0,0,0,0,0,0,0,0,1,0,1,0,"D",1671,13738
-0.0539938420949705,0.127675788262464,2.36000128209319,0,0,1,1,0,0,0,0,0,0,0,0,1,0,1,0,"D",2714,13739
-0.0644650843453171,0.167697693800075,1.16369125673532,0,0,1,1,0,0,0,0,0,0,0,0,1,0,1,0,"D",946,13740
-0.00579801314034427,0.116771057442416,-1.45743279617383,0,0,1,1,0,0,0,0,0,0,0,0,1,0,1,0,"D",2718,13741
-0.161679424170829,0.229864649754287,1.49136847400117,0,0,1,1,0,0,0,0,0,0,0,0,1,0,1,0,"D",2372,13742
0.0213033900145917,0.0875208866557001,1.10813621170089,0,0,1,1,0,0,0,0,0,0,0,0,1,0,1,0,"D",1117,13743
-0.200069756234711,0.220268093140616,1.85660068769344,0,0,1,1,0,0,0,0,0,0,0,0,1,0,1,0,"D",3186,13744
-0.0893940406637837,0.131969932911609,-2.06396099409241,0,0,1,1,0,0,0,0,0,0,0,0,1,0,1,0,"D",2648,13745
-0.0901429978158448,0.172470650222017,1.48523909711446,0,0,1,1,0,0,0,0,0,0,0,0,1,0,1,0,"D",3379,13746
-0.0639093798009726,0.103298276228797,-1.92760746873238,0,0,1,1,0,0,0,0,0,0,0,0,1,0,1,0,"D",2742,13747
-0.0177289167441812,0.101712589402882,0.772540240994809,0,0,1,1,0,0,0,0,0,0,0,0,1,0,1,0,"D",2336,13748
-0.180458501308168,0.240340063680832,-1.74791866852456,0,0,1,1,0,0,0,0,0,0,0,0,1,0,1,0,"D",267,13749
-0.144955211713041,0.231366342691265,0.446752672553304,0,0,1,1,0,0,0,0,0,0,0,0,1,0,1,0,"D",1359,13750
0.0118538018579134,0.034264128586079,-0.0984347699051777,0,0,1,1,0,0,0,0,0,0,0,0,1,0,1,0,"D",1441,13751
-0.122803769275927,0.222400952699756,1.60660597088141,0,0,1,1,0,0,0,0,0,0,0,0,1,0,1,0,"D",1962,13752
-0.0422695296841048,0.103038906925211,-0.723560170617519,0,0,1,1,0,0,0,0,0,0,0,0,1,0,1,0,"D",3717,13753
-0.0719147893958749,0.117991138085541,2.31853770925069,0,0,1,1,0,0,0,0,0,0,0,0,1,0,1,0,"D",347,13754
-0.125055778952591,0.222504552557194,1.23298152344634,0,0,1,1,0,0,0,0,0,0,0,0,1,0,1,0,"D",2090,13755
-0.0672780651019281,0.10868823055229,-0.147030975978846,0,0,1,1,0,0,0,0,0,0,0,0,1,0,1,0,"D",3406,13756
-0.0176231258120748,0.137662239243369,0.276854232892548,0,0,1,1,0,0,0,0,0,0,0,0,1,0,1,0,"D",2061,13757
-0.222233339425193,0.310888830182547,-1.84250464830288,0,0,1,1,0,0,0,0,0,0,0,0,1,0,1,0,"D",3699,13758
-0.0949193892646855,0.123739237873439,-2.40896021026561,0,0,1,1,0,0,0,0,0,0,0,0,1,0,1,0,"D",1385,13759
-0.0453543932146883,0.118925365036603,-2.61541343042426,0,0,1,1,0,0,0,0,0,0,0,0,1,0,1,0,"D",729,13760
-0.120321389402035,0.165945985577153,1.10699829259169,0,0,1,1,0,0,0,0,0,0,0,0,1,0,1,0,"D",712,13761
-0.0560698801667525,0.115204121226323,1.59151320480487,0,0,1,1,0,0,0,0,0,0,0,0,1,0,1,0,"D",656,13762
-0.115291920075505,0.184615961428566,1.34134514709019,0,0,1,1,0,0,0,0,0,0,0,0,1,0,1,0,"D",1397,13763
-0.178395313668117,0.231701369255292,-1.70517487066279,0,0,1,1,0,0,0,0,0,0,0,0,1,0,1,0,"D",2074,13764
0.00619542969069896,0.134182186013825,1.97724161193663,0,0,1,1,0,0,0,0,0,0,0,0,1,0,1,0,"D",857,13765
-0.0843652624336168,0.117809063645165,-1.44885759220536,0,0,1,1,0,0,0,0,0,0,0,0,1,0,1,0,"D",2257,13766
-0.118386273394476,0.150580357514625,-1.12607753591533,0,0,1,1,0,0,0,0,0,0,0,0,1,0,1,0,"D",1072,13767
-0.154476626907427,0.161921268190404,-0.793037783896956,0,0,1,1,0,0,0,0,0,0,0,0,1,0,1,0,"D",1687,13768
-0.0582525430995304,0.105845134341845,0.673090659792049,0,0,1,1,0,0,0,0,0,0,0,0,1,0,1,0,"D",2575,13769
-0.127899840446491,0.238663248920232,-1.93935857826074,0,0,1,1,0,0,0,0,0,0,0,0,1,0,1,0,"D",3006,13770
-0.114613006259818,0.163451960311361,-2.53556504218904,0,0,1,1,0,0,0,0,0,0,0,0,1,0,1,0,"D",3732,13771
-0.147459503611218,0.196638842764981,0.672074461818684,0,0,1,1,0,0,0,0,0,0,0,0,1,0,1,0,"D",482,13772
-0.0984868471326473,0.132906820264205,-2.81369147820875,0,0,1,1,0,0,0,0,0,0,0,0,1,0,1,0,"D",1341,13773
-0.12318632074076,0.170749821343279,1.65809240593534,0,0,1,1,0,0,0,0,0,0,0,0,1,0,1,0,"D",3204,13774
-0.0709328267151805,0.111218799722581,0.787292242811963,0,0,1,1,0,0,0,0,0,0,0,0,1,0,1,0,"D",1763,13775
-0.112093139817633,0.193983074683131,-0.920875368313243,0,0,1,1,0,0,0,0,0,0,0,0,1,0,1,0,"D",2318,13776
-0.199306695080922,0.260221191980448,-1.61151095352096,0,0,1,1,0,0,0,0,0,0,0,0,1,0,1,0,"D",1059,13777
-0.0513687522474955,0.0950252912535774,1.01979706456009,0,0,1,1,0,0,0,0,0,0,0,0,1,0,1,0,"D",1290,13778
-0.0442748977374579,0.118748902739147,1.41261878765731,0,0,1,1,0,0,0,0,0,0,0,0,1,0,1,0,"D",3146,13779
-0.0679769486422423,0.116121421205989,0.916360520507541,0,0,1,1,0,0,0,0,0,0,0,0,1,0,1,0,"D",1594,13780
-0.0338568899039371,0.137077377582585,-2.35658817239479,0,0,1,1,0,0,0,0,0,0,0,0,1,0,1,0,"D",2727,13781
-0.103324382613818,0.210649052498949,0.684767015952218,0,0,1,1,0,0,0,0,0,0,0,0,1,0,1,0,"D",2960,13782
-0.12322541229592,0.176796851195482,1.76182793684159,0,0,1,1,0,0,0,0,0,0,0,0,1,0,1,0,"D",3738,13783
-0.120151897620898,0.200933275978956,-2.10854816356095,0,0,1,1,0,0,0,0,0,0,0,0,1,0,1,0,"D",1567,13784
-0.00733037872056055,0.0831381038254031,1.56977382373394,0,0,1,1,0,0,0,0,0,0,0,0,1,0,1,0,"D",1930,13785
-0.0805179932560882,0.160854626396171,0.151474654141079,0,0,1,1,0,0,0,0,0,0,0,0,1,0,1,0,"D",3714,13786
-0.121986622280953,0.145652476776395,1.3682479075417,0,0,1,1,0,0,0,0,0,0,0,0,1,0,1,0,"D",435,13787
-0.210439380539928,0.269742663839395,-1.14692618022178,0,0,1,1,0,0,0,0,0,0,0,0,1,0,1,0,"D",1461,13788
-0.200882040398737,0.308124516245602,-1.72427776653456,0,0,1,1,0,0,0,0,0,0,0,0,1,0,1,0,"D",2661,13789
-0.0768402344799108,0.151252090255858,0.470551013524859,0,0,1,1,0,0,0,0,0,0,0,0,1,0,1,0,"D",1967,13790
-0.0630923040785618,0.0800423274633784,0.467173929130381,0,0,1,1,0,0,0,0,0,0,0,0,1,0,1,0,"D",2087,13791
-0.130462549845239,0.204035131489108,1.18185097190426,0,0,1,1,0,0,0,0,0,0,0,0,1,0,1,0,"D",2137,13792
-0.138034069543093,0.182241689438578,-1.44767073901284,0,0,1,1,0,0,0,0,0,0,0,0,1,0,1,0,"D",2578,13793
-0.00983148612652318,0.0672025692927379,-0.536734184368708,0,0,1,1,0,0,0,0,0,0,0,0,1,0,1,0,"D",899,13794
-0.0600442001529325,0.125430195452097,-0.7630032600699,0,0,1,1,0,0,0,0,0,0,0,0,1,0,1,0,"D",3030,13795
-0.0451991049398757,0.0818198116330453,1.06692565488158,0,0,1,1,0,0,0,0,0,0,0,0,1,0,1,0,"D",2602,13796
-0.0333473562209489,0.0857977180786268,1.47817401253289,0,0,1,1,0,0,0,0,0,0,0,0,1,0,1,0,"D",394,13797
-0.0469815880350939,0.115657716391489,1.21179096063842,0,0,1,1,0,0,0,0,0,0,0,0,1,0,1,0,"D",3326,13798
-0.13785881011913,0.163177346338443,2.27144916657705,0,0,1,1,0,0,0,0,0,0,0,0,1,0,1,0,"D",2240,13799
-0.106422610584634,0.0602574683899695,0.177033550102555,0,0,1,1,0,0,0,0,0,0,0,0,0,0,1,1,"C",491,13800
-0.14164363371813,0.153190717278165,-2.24932918521509,0,0,1,1,0,0,0,0,0,0,0,0,0,0,1,1,"C",3721,13801
-0.102319002367986,0.0969287346493029,-0.60753781700754,0,0,1,1,0,0,0,0,0,0,0,0,0,0,1,1,"C",3402,13802
-0.0900347826911781,0.0685606754561092,-1.31848344800479,0,0,1,1,0,0,0,0,0,0,0,0,0,0,1,1,"C",368,13803
-0.0659665904782275,0.054973835622612,-1.65948075539661,0,0,1,1,0,0,0,0,0,0,0,0,0,0,1,1,"C",1484,13804
-0.108014706640143,0.0855547891749345,-0.0877742898840064,0,0,1,1,0,0,0,0,0,0,0,0,0,0,1,1,"C",2487,13805
-0.115918320355576,0.0856832545795731,0.438786176907749,0,0,1,1,0,0,0,0,0,0,0,0,0,0,1,1,"C",1608,13806
-0.0423943328693983,0.0349862777393943,0.391636560745732,0,0,1,1,0,0,0,0,0,0,0,0,0,0,1,1,"C",1462,13807
-0.145259939444274,0.120480535134112,-1.16819919097198,0,0,1,1,0,0,0,0,0,0,0,0,0,0,1,1,"C",3495,13808
-0.0653462433248971,0.0669737387655661,-1.77297649672297,0,0,1,1,0,0,0,0,0,0,0,0,0,0,1,1,"C",3583,13809
-0.139831260592575,0.126666144609614,-0.803120412349135,0,0,1,1,0,0,0,0,0,0,0,0,0,0,1,1,"C",1747,13810
-0.139604798192425,0.0803467435146205,-0.297763326909786,0,0,1,1,0,0,0,0,0,0,0,0,0,0,1,1,"C",344,13811
-0.112438710839575,0.0363056361780304,-0.936753652069673,0,0,1,1,0,0,0,0,0,0,0,0,0,0,1,1,"C",3343,13812
-0.0878062548836907,0.0755569635663546,-1.19933722336817,0,0,1,1,0,0,0,0,0,0,0,0,0,0,1,1,"C",2191,13813
-0.128634108570763,0.113197318915178,-1.63220188081064,0,0,1,1,0,0,0,0,0,0,0,0,0,0,1,1,"C",2986,13814
-0.0852205007187239,0.0563164589746514,-0.202130704737949,0,0,1,1,0,0,0,0,0,0,0,0,0,0,1,1,"C",3527,13815
-0.0808649019573044,0.0753685645755308,0.434227411559409,0,0,1,1,0,0,0,0,0,0,0,0,0,0,1,1,"C",3748,13816
-0.0691025256915759,0.0742134925798826,-0.632148823347419,0,0,1,1,0,0,0,0,0,0,0,0,0,0,1,1,"C",930,13817
-0.108630830186323,0.095053395505415,-0.712694715113223,0,0,1,1,0,0,0,0,0,0,0,0,0,0,1,1,"C",1560,13818
-0.0581477773989079,0.037734976241385,-2.09827249917107,0,0,1,1,0,0,0,0,0,0,0,0,0,0,1,1,"C",1549,13819
-0.11502664239094,0.104357668663293,0.185437638440473,0,0,1,1,0,0,0,0,0,0,0,0,0,0,1,1,"C",3423,13820
-0.0881403538146789,0.079572495364192,-0.630518781561405,0,0,1,1,0,0,0,0,0,0,0,0,0,0,1,1,"C",3464,13821
-0.0847920340992438,0.0682829939536169,-0.182904592078274,0,0,1,1,0,0,0,0,0,0,0,0,0,0,1,1,"C",1646,13822
-0.0792426673313739,0.0695652889797575,-1.36168351717621,0,0,1,1,0,0,0,0,0,0,0,0,0,0,1,1,"C",2823,13823
-0.106855991922647,0.101300379838557,-0.758903357958113,0,0,1,1,0,0,0,0,0,0,0,0,0,0,1,1,"C",2022,13824
-0.122731629970723,0.0981382146758973,-0.32566012147553,0,0,1,1,0,0,0,0,0,0,0,0,0,0,1,1,"C",1255,13825
-0.118052796198784,0.129716871219856,0.127218770127725,0,0,1,1,0,0,0,0,0,0,0,0,0,0,1,1,"C",1691,13826
-0.0856582228386345,0.0781827974030642,0.939469223728437,0,0,1,1,0,0,0,0,0,0,0,0,0,0,1,1,"C",3414,13827
-0.108793881044044,0.0883401493526376,0.351020593236101,0,0,1,1,0,0,0,0,0,0,0,0,0,0,1,1,"C",1362,13828
-0.0910086865772349,0.0499684678625221,-0.656388126101069,0,0,1,1,0,0,0,0,0,0,0,0,0,0,1,1,"C",2845,13829
-0.0818275313136349,0.0908494914225657,0.343298039401305,0,0,1,1,0,0,0,0,0,0,0,0,0,0,1,1,"C",2333,13830
-0.0832214104202764,0.0521047401822008,-0.259729372619707,0,0,1,1,0,0,0,0,0,0,0,0,0,0,1,1,"C",2005,13831
-0.107942828844964,0.105839174950295,-2.13157406074457,0,0,1,1,0,0,0,0,0,0,0,0,0,0,1,1,"C",2937,13832
-0.0998177622440804,0.118513137191205,-0.949875281266753,0,0,1,1,0,0,0,0,0,0,0,0,0,0,1,1,"C",1628,13833
-0.0958557791397019,0.0639313854673417,-0.521927525460837,0,0,1,1,0,0,0,0,0,0,0,0,0,0,1,1,"C",3122,13834
-0.110813644777431,0.103362562795584,-0.847107819515432,0,0,1,1,0,0,0,0,0,0,0,0,0,0,1,1,"C",666,13835
-0.0390077432755007,0.023686031549139,0.0814380039562692,0,0,1,1,0,0,0,0,0,0,0,0,0,0,1,1,"C",1125,13836
-0.0831184822068198,0.0548965584323991,0.425660738235797,0,0,1,1,0,0,0,0,0,0,0,0,0,0,1,1,"C",33,13837
-0.133539873377452,0.10621834209584,0.0880440320330284,0,0,1,1,0,0,0,0,0,0,0,0,0,0,1,1,"C",1671,13838
-0.133024430049638,0.117677505561743,-1.72345184369958,0,0,1,1,0,0,0,0,0,0,0,0,0,0,1,1,"C",2714,13839
-0.11825303708501,0.0620502991169875,-0.389481702953303,0,0,1,1,0,0,0,0,0,0,0,0,0,0,1,1,"C",946,13840
-0.017233588441591,0.0303204019098692,-1.32971435260642,0,0,1,1,0,0,0,0,0,0,0,0,0,0,1,1,"C",2718,13841
-0.107631236864979,0.0859383977823706,-1.32149660803401,0,0,1,1,0,0,0,0,0,0,0,0,0,0,1,1,"C",2372,13842
-0.101345692613147,0.105096658463812,-0.675478338997746,0,0,1,1,0,0,0,0,0,0,0,0,0,0,1,1,"C",1117,13843
-0.113744335976118,0.112669403904694,-1.55765304380596,0,0,1,1,0,0,0,0,0,0,0,0,0,0,1,1,"C",3186,13844
-0.0802701177281717,0.0856493499793119,-0.413959696171234,0,0,1,1,0,0,0,0,0,0,0,0,0,0,1,1,"C",2648,13845
-0.0876461283369423,0.0795857796783461,-1.714174610827,0,0,1,1,0,0,0,0,0,0,0,0,0,0,1,1,"C",3379,13846
-0.0766943914760505,0.0713050967181491,-0.713544621256187,0,0,1,1,0,0,0,0,0,0,0,0,0,0,1,1,"C",2742,13847
-0.139619842317204,0.0854038107510126,-0.825348848962049,0,0,1,1,0,0,0,0,0,0,0,0,0,0,1,1,"C",2336,13848
-0.105020783538781,0.0805721827297872,-0.98886992847788,0,0,1,1,0,0,0,0,0,0,0,0,0,0,1,1,"C",267,13849
-0.0636418927708681,0.0866199858787439,-0.698971610018164,0,0,1,1,0,0,0,0,0,0,0,0,0,0,1,1,"C",1359,13850
-0.134148974380381,0.137762593846802,-0.744166769235713,0,0,1,1,0,0,0,0,0,0,0,0,0,0,1,1,"C",1441,13851
-0.0774031010241077,-0.0197993503275521,-1.30347068231855,0,0,1,1,0,0,0,0,0,0,0,0,0,0,1,1,"C",1962,13852
-0.128588769861467,0.0982276821771641,-0.0505362043274591,0,0,1,1,0,0,0,0,0,0,0,0,0,0,1,1,"C",3717,13853
-0.0456638183102058,0.0433384484497012,-0.342063596637898,0,0,1,1,0,0,0,0,0,0,0,0,0,0,1,1,"C",347,13854
-0.0883678117552451,0.0618490606470193,0.20535778672825,0,0,1,1,0,0,0,0,0,0,0,0,0,0,1,1,"C",2090,13855
-0.0752052314425655,0.0758716308724352,0.703912910782178,0,0,1,1,0,0,0,0,0,0,0,0,0,0,1,1,"C",3406,13856
-0.0935565836223238,0.0790469902811827,-0.158355255632196,0,0,1,1,0,0,0,0,0,0,0,0,0,0,1,1,"C",2061,13857
-0.115745918880645,0.109574661287149,-0.311208622085375,0,0,1,1,0,0,0,0,0,0,0,0,0,0,1,1,"C",3699,13858
-0.0659255510594597,0.0497425800642048,-0.964648886055395,0,0,1,1,0,0,0,0,0,0,0,0,0,0,1,1,"C",1385,13859
-0.0590365628871785,0.0140931212924947,0.140600620695072,0,0,1,1,0,0,0,0,0,0,0,0,0,0,1,1,"C",729,13860
-0.0939005813339115,0.0934527143886828,-1.03176728149412,0,0,1,1,0,0,0,0,0,0,0,0,0,0,1,1,"C",712,13861
-0.103135907577416,0.0760922879112833,-0.185063708311103,0,0,1,1,0,0,0,0,0,0,0,0,0,0,1,1,"C",656,13862
-0.145506581245295,0.0873520440337415,-0.704451808607294,0,0,1,1,0,0,0,0,0,0,0,0,0,0,1,1,"C",1397,13863
-0.082726076980275,0.0579053284414833,-0.755107337589485,0,0,1,1,0,0,0,0,0,0,0,0,0,0,1,1,"C",2074,13864
-0.130966410625636,0.0933943880737769,-0.577001189268449,0,0,1,1,0,0,0,0,0,0,0,0,0,0,1,1,"C",857,13865
-0.108838282885583,0.0805051998053759,-1.29856950384938,0,0,1,1,0,0,0,0,0,0,0,0,0,0,1,1,"C",2257,13866
-0.0893582431988399,0.0819262068401128,-1.92390785830076,0,0,1,1,0,0,0,0,0,0,0,0,0,0,1,1,"C",1072,13867
-0.0764740547112068,0.0678024451557737,-0.850141753673035,0,0,1,1,0,0,0,0,0,0,0,0,0,0,1,1,"C",1687,13868
-0.115449253991295,0.110014811551652,-0.51858282957291,0,0,1,1,0,0,0,0,0,0,0,0,0,0,1,1,"C",2575,13869
-0.117034154911956,0.118067150773355,-1.89438973381045,0,0,1,1,0,0,0,0,0,0,0,0,0,0,1,1,"C",3006,13870
-0.119335229943762,0.1078099158878,-1.02614470769583,0,0,1,1,0,0,0,0,0,0,0,0,0,0,1,1,"C",3732,13871
-0.179096153640405,0.162553943483385,-2.06474421364832,0,0,1,1,0,0,0,0,0,0,0,0,0,0,1,1,"C",482,13872
-0.0713603150206998,0.0365232958332674,-0.767975304426374,0,0,1,1,0,0,0,0,0,0,0,0,0,0,1,1,"C",1341,13873
-0.100088938554875,0.0970935278696058,-1.29917258651897,0,0,1,1,0,0,0,0,0,0,0,0,0,0,1,1,"C",3204,13874
-0.0755126077488215,0.0534926269188676,0.167038975933865,0,0,1,1,0,0,0,0,0,0,0,0,0,0,1,1,"C",1763,13875
-0.122467555745123,0.101426218642394,-0.260282622254772,0,0,1,1,0,0,0,0,0,0,0,0,0,0,1,1,"C",2318,13876
-0.139224631743921,0.0979469886007827,-0.675347608755527,0,0,1,1,0,0,0,0,0,0,0,0,0,0,1,1,"C",1059,13877
-0.0728173792166273,0.0687809452894949,-0.116603909688445,0,0,1,1,0,0,0,0,0,0,0,0,0,0,1,1,"C",1290,13878
-0.0727523077755636,0.0442890854237969,0.507210919470492,0,0,1,1,0,0,0,0,0,0,0,0,0,0,1,1,"C",3146,13879
-0.05343080147097,0.0547824480087048,-0.252868636625077,0,0,1,1,0,0,0,0,0,0,0,0,0,0,1,1,"C",1594,13880
-0.101858770230222,0.0886534377584637,0.254329911337996,0,0,1,1,0,0,0,0,0,0,0,0,0,0,1,1,"C",2727,13881
-0.13679064457862,0.131984413044519,-1.09177532464198,0,0,1,1,0,0,0,0,0,0,0,0,0,0,1,1,"C",2960,13882
-0.0841687876358797,0.0485350909710864,-0.66223581671169,0,0,1,1,0,0,0,0,0,0,0,0,0,0,1,1,"C",3738,13883
-0.139972822183284,0.128650976771547,-1.99878200465104,0,0,1,1,0,0,0,0,0,0,0,0,0,0,1,1,"C",1567,13884
-0.0752018574068431,0.0437631746303287,-1.0259002890988,0,0,1,1,0,0,0,0,0,0,0,0,0,0,1,1,"C",1930,13885
-0.105398640965844,0.10288160257686,-0.857265258467472,0,0,1,1,0,0,0,0,0,0,0,0,0,0,1,1,"C",3714,13886
-0.0837067646588124,0.102940311418292,-1.02475437611226,0,0,1,1,0,0,0,0,0,0,0,0,0,0,1,1,"C",435,13887
-0.0896937139112891,0.0569667454884386,0.321063287211469,0,0,1,1,0,0,0,0,0,0,0,0,0,0,1,1,"C",1461,13888
-0.13239480701841,0.135238689716176,-1.54664267465372,0,0,1,1,0,0,0,0,0,0,0,0,0,0,1,1,"C",2661,13889
-0.113661461363608,0.0733272337926483,0.00442562764407658,0,0,1,1,0,0,0,0,0,0,0,0,0,0,1,1,"C",1967,13890
-0.0997496729776964,0.0856586604682325,0.0603684872381765,0,0,1,1,0,0,0,0,0,0,0,0,0,0,1,1,"C",2087,13891
-0.0942566181987899,0.0656176436153314,-0.684788597983138,0,0,1,1,0,0,0,0,0,0,0,0,0,0,1,1,"C",2137,13892
-0.048023157270242,0.0540115236891414,-0.881356030139472,0,0,1,1,0,0,0,0,0,0,0,0,0,0,1,1,"C",2578,13893
-0.0955198736014931,0.0589715362501955,1.14507659436504,0,0,1,1,0,0,0,0,0,0,0,0,0,0,1,1,"C",899,13894
-0.116532765505128,0.0931756224707725,-0.636943806314475,0,0,1,1,0,0,0,0,0,0,0,0,0,0,1,1,"C",3030,13895
-0.107642468591543,0.117012384035824,-0.856706512923776,0,0,1,1,0,0,0,0,0,0,0,0,0,0,1,1,"C",2602,13896
-0.0858941291562399,0.0790590885863595,-1.13956342620271,0,0,1,1,0,0,0,0,0,0,0,0,0,0,1,1,"C",394,13897
-0.100584029999936,0.0817044243755613,-1.37146085170552,0,0,1,1,0,0,0,0,0,0,0,0,0,0,1,1,"C",3326,13898
-0.125820828670215,0.08757648862255,-0.167113008875177,0,0,1,1,0,0,0,0,0,0,0,0,0,0,1,1,"C",2240,13899
-0.10710677062524,0.0665384410819103,2.24990360370703,0,0,1,1,0,0,0,0,0,0,0,0,0,0,1,1,"D",491,13900
-0.0733997382750789,0.048027224313008,0.913322340374276,0,0,1,1,0,0,0,0,0,0,0,0,0,0,1,1,"D",3721,13901
-0.14237406181098,0.126162209880282,1.37661425697228,0,0,1,1,0,0,0,0,0,0,0,0,0,0,1,1,"D",3402,13902
-0.156036830625683,0.141881890235047,1.49638768714243,0,0,1,1,0,0,0,0,0,0,0,0,0,0,1,1,"D",368,13903
-0.125601908927758,0.0769888726121337,0.669856878483892,0,0,1,1,0,0,0,0,0,0,0,0,0,0,1,1,"D",1484,13904
-0.149593458443785,0.129763394569316,-0.44581861485058,0,0,1,1,0,0,0,0,0,0,0,0,0,0,1,1,"D",2487,13905
-0.131060984812391,0.0899402406653686,1.28010025704222,0,0,1,1,0,0,0,0,0,0,0,0,0,0,1,1,"D",1608,13906
-0.0877346957418622,0.0584969919270433,0.630944669858777,0,0,1,1,0,0,0,0,0,0,0,0,0,0,1,1,"D",1462,13907
-0.107600201313108,0.0731236704445463,0.831507857001909,0,0,1,1,0,0,0,0,0,0,0,0,0,0,1,1,"D",3495,13908
-0.0773652104323331,0.0532323147109548,0.106961326282358,0,0,1,1,0,0,0,0,0,0,0,0,0,0,1,1,"D",3583,13909
-0.0875237265071871,0.0475431301357479,-0.755975850542945,0,0,1,1,0,0,0,0,0,0,0,0,0,0,1,1,"D",1747,13910
-0.107731485575243,0.0795210610834419,1.53665455039053,0,0,1,1,0,0,0,0,0,0,0,0,0,0,1,1,"D",344,13911
-0.0959086792648688,0.0679182069699148,1.37587007426,0,0,1,1,0,0,0,0,0,0,0,0,0,0,1,1,"D",3343,13912
-0.115625725699555,0.100494109498571,0.544762433996721,0,0,1,1,0,0,0,0,0,0,0,0,0,0,1,1,"D",2191,13913
-0.119177063826681,0.101191029542939,0.835879497977542,0,0,1,1,0,0,0,0,0,0,0,0,0,0,1,1,"D",2986,13914
-0.14743785077404,0.113839640969597,0.640317440809115,0,0,1,1,0,0,0,0,0,0,0,0,0,0,1,1,"D",3527,13915
-0.0692729394097485,0.0632250246802875,0.589069956713827,0,0,1,1,0,0,0,0,0,0,0,0,0,0,1,1,"D",3748,13916
-0.103781659269904,0.0811940076740185,1.28267254300734,0,0,1,1,0,0,0,0,0,0,0,0,0,0,1,1,"D",930,13917
-0.103221603804685,0.0797010003555356,1.15295425205646,0,0,1,1,0,0,0,0,0,0,0,0,0,0,1,1,"D",1560,13918
-0.110276204070941,0.070861173766655,0.296606637414521,0,0,1,1,0,0,0,0,0,0,0,0,0,0,1,1,"D",1549,13919
-0.147253014330029,0.0976654266747964,0.0617201816824703,0,0,1,1,0,0,0,0,0,0,0,0,0,0,1,1,"D",3423,13920
-0.0918129102367589,0.0895276918176391,0.619302085454604,0,0,1,1,0,0,0,0,0,0,0,0,0,0,1,1,"D",3464,13921
-0.143114035292542,0.127167500646488,0.154995685399921,0,0,1,1,0,0,0,0,0,0,0,0,0,0,1,1,"D",1646,13922
-0.126499465153061,0.103336499145219,0.243362643644685,0,0,1,1,0,0,0,0,0,0,0,0,0,0,1,1,"D",2823,13923
-0.0923822134760435,0.0708049121683053,0.479467470751063,0,0,1,1,0,0,0,0,0,0,0,0,0,0,1,1,"D",2022,13924
-0.0644634540474543,0.0236540623238895,-0.975571002919858,0,0,1,1,0,0,0,0,0,0,0,0,0,0,1,1,"D",1255,13925
-0.133238426995143,0.107404410075251,1.70266785027593,0,0,1,1,0,0,0,0,0,0,0,0,0,0,1,1,"D",1691,13926
-0.109630849107415,0.0932678635351017,0.320186070768558,0,0,1,1,0,0,0,0,0,0,0,0,0,0,1,1,"D",3414,13927
-0.109409645161995,0.0802005959376165,-0.347797392603168,0,0,1,1,0,0,0,0,0,0,0,0,0,0,1,1,"D",1362,13928
-0.0918110362092999,0.0864558913450187,0.975929208718191,0,0,1,1,0,0,0,0,0,0,0,0,0,0,1,1,"D",2845,13929
-0.101351628354291,0.0742935664451716,1.47394427460444,0,0,1,1,0,0,0,0,0,0,0,0,0,0,1,1,"D",2333,13930
-0.143083226092135,0.0910900519897051,1.19558390837588,0,0,1,1,0,0,0,0,0,0,0,0,0,0,1,1,"D",2005,13931
-0.0843279695357673,0.0629009868502667,1.03559668474737,0,0,1,1,0,0,0,0,0,0,0,0,0,0,1,1,"D",2937,13932
-0.122778211028768,0.0949007039761684,0.9490384968658,0,0,1,1,0,0,0,0,0,0,0,0,0,0,1,1,"D",1628,13933
-0.114029324969551,0.0854436750651063,0.112644987587619,0,0,1,1,0,0,0,0,0,0,0,0,0,0,1,1,"D",3122,13934
-0.118536456968675,0.0889081818143994,0.809561173535482,0,0,1,1,0,0,0,0,0,0,0,0,0,0,1,1,"D",666,13935
-0.102003367701337,0.092485016938085,0.175934081515186,0,0,1,1,0,0,0,0,0,0,0,0,0,0,1,1,"D",1125,13936
-0.0981668445029246,0.0677379761307924,0.710830706802858,0,0,1,1,0,0,0,0,0,0,0,0,0,0,1,1,"D",33,13937
-0.122226308605444,0.0768580539366874,0.626475197652046,0,0,1,1,0,0,0,0,0,0,0,0,0,0,1,1,"D",1671,13938
-0.130857498707166,0.0962120068688104,2.00910252370815,0,0,1,1,0,0,0,0,0,0,0,0,0,0,1,1,"D",2714,13939
-0.0986299783208458,0.0819632339123064,1.15278699617527,0,0,1,1,0,0,0,0,0,0,0,0,0,0,1,1,"D",946,13940
-0.118734543638076,0.0812144185870541,1.11975166141546,0,0,1,1,0,0,0,0,0,0,0,0,0,0,1,1,"D",2718,13941
-0.102023431779354,0.0552534041870693,0.54382938320046,0,0,1,1,0,0,0,0,0,0,0,0,0,0,1,1,"D",2372,13942
-0.0831397152012215,0.069134782149684,1.74566657293636,0,0,1,1,0,0,0,0,0,0,0,0,0,0,1,1,"D",1117,13943
-0.0939210443243213,0.0940662913122555,-1.42289157723258,0,0,1,1,0,0,0,0,0,0,0,0,0,0,1,1,"D",3186,13944
-0.125615045766894,0.106547033846049,0.717363472663317,0,0,1,1,0,0,0,0,0,0,0,0,0,0,1,1,"D",2648,13945
-0.124793726033347,0.0993504334231502,1.05236670379469,0,0,1,1,0,0,0,0,0,0,0,0,0,0,1,1,"D",3379,13946
-0.0722767632900009,0.0406508648455383,1.31604394320185,0,0,1,1,0,0,0,0,0,0,0,0,0,0,1,1,"D",2742,13947
-0.0764836585812024,0.0641182834671601,0.914607997732017,0,0,1,1,0,0,0,0,0,0,0,0,0,0,1,1,"D",2336,13948
-0.113367594946345,0.0867107604146307,-0.18448338954498,0,0,1,1,0,0,0,0,0,0,0,0,0,0,1,1,"D",267,13949
-0.129977791612183,0.108268374651054,0.715575248493959,0,0,1,1,0,0,0,0,0,0,0,0,0,0,1,1,"D",1359,13950
-0.109354703545656,0.0720891208440165,0.468272759110418,0,0,1,1,0,0,0,0,0,0,0,0,0,0,1,1,"D",1441,13951
-0.119967849416037,0.072628628369738,0.935170430887846,0,0,1,1,0,0,0,0,0,0,0,0,0,0,1,1,"D",1962,13952
-0.101392062307367,0.0698776729802933,0.806398018976657,0,0,1,1,0,0,0,0,0,0,0,0,0,0,1,1,"D",3717,13953
-0.0810741819907809,0.0632325217431251,0.861983965650457,0,0,1,1,0,0,0,0,0,0,0,0,0,0,1,1,"D",347,13954
-0.144451127361816,0.115524222646727,0.108093622897427,0,0,1,1,0,0,0,0,0,0,0,0,0,0,1,1,"D",2090,13955
-0.0970673619644879,0.0635020190635882,0.844930306437832,0,0,1,1,0,0,0,0,0,0,0,0,0,0,1,1,"D",3406,13956
-0.157006872330572,0.141076377373653,0.725484954134905,0,0,1,1,0,0,0,0,0,0,0,0,0,0,1,1,"D",2061,13957
-0.103052181626827,0.0799491206086884,1.10346856132548,0,0,1,1,0,0,0,0,0,0,0,0,0,0,1,1,"D",3699,13958
-0.0890329100590946,0.0715650566241206,0.712955891928177,0,0,1,1,0,0,0,0,0,0,0,0,0,0,1,1,"D",1385,13959
-0.0738387838202234,0.051460387396717,-0.0573000251612245,0,0,1,1,0,0,0,0,0,0,0,0,0,0,1,1,"D",729,13960
-0.0961872353919342,0.0771343483206469,1.13386733359998,0,0,1,1,0,0,0,0,0,0,0,0,0,0,1,1,"D",712,13961
-0.109243749110806,0.0871490915827433,1.18672733626937,0,0,1,1,0,0,0,0,0,0,0,0,0,0,1,1,"D",656,13962
-0.108828686555774,0.0925418092138987,1.40034840956481,0,0,1,1,0,0,0,0,0,0,0,0,0,0,1,1,"D",1397,13963
-0.13929003556625,0.126069237268113,1.4936258460382,0,0,1,1,0,0,0,0,0,0,0,0,0,0,1,1,"D",2074,13964
-0.101133406111631,0.0869429886541463,1.26798417766214,0,0,1,1,0,0,0,0,0,0,0,0,0,0,1,1,"D",857,13965
-0.1285070535586,0.109672567278958,1.99322702781966,0,0,1,1,0,0,0,0,0,0,0,0,0,0,1,1,"D",2257,13966
-0.0839663149885621,0.0499802093871633,-0.140476355306437,0,0,1,1,0,0,0,0,0,0,0,0,0,0,1,1,"D",1072,13967
-0.0899367914920936,0.0783074903978878,1.32823784441358,0,0,1,1,0,0,0,0,0,0,0,0,0,0,1,1,"D",1687,13968
-0.110463891408517,0.0944781427374778,1.50128798061743,0,0,1,1,0,0,0,0,0,0,0,0,0,0,1,1,"D",2575,13969
-0.124592007599077,0.112766687963775,0.110273983147578,0,0,1,1,0,0,0,0,0,0,0,0,0,0,1,1,"D",3006,13970
-0.0815903809937241,0.0748034198246014,1.11901932773083,0,0,1,1,0,0,0,0,0,0,0,0,0,0,1,1,"D",3732,13971
-0.138901806717503,0.101838962553027,0.0472203987402937,0,0,1,1,0,0,0,0,0,0,0,0,0,0,1,1,"D",482,13972
-0.0882463635717364,0.0571734087458277,1.13550707453939,0,0,1,1,0,0,0,0,0,0,0,0,0,0,1,1,"D",1341,13973
-0.100661045628219,0.0795133137300868,1.27463046088676,0,0,1,1,0,0,0,0,0,0,0,0,0,0,1,1,"D",3204,13974
-0.111854636842199,0.0826380038043567,0.0592985737512515,0,0,1,1,0,0,0,0,0,0,0,0,0,0,1,1,"D",1763,13975
-0.0656446300688856,0.0492098476112735,-0.0210997146117851,0,0,1,1,0,0,0,0,0,0,0,0,0,0,1,1,"D",2318,13976
-0.0891748562939635,0.0678641359765438,0.453367152531063,0,0,1,1,0,0,0,0,0,0,0,0,0,0,1,1,"D",1059,13977
-0.136920255746538,0.0946984916850223,1.49426421980002,0,0,1,1,0,0,0,0,0,0,0,0,0,0,1,1,"D",1290,13978
-0.0947509627530517,0.088975081691813,1.03842248584544,0,0,1,1,0,0,0,0,0,0,0,0,0,0,1,1,"D",3146,13979
-0.123615031471933,0.070076661281553,1.35193050767318,0,0,1,1,0,0,0,0,0,0,0,0,0,0,1,1,"D",1594,13980
-0.111680250019651,0.101690089903737,-0.324811229018858,0,0,1,1,0,0,0,0,0,0,0,0,0,0,1,1,"D",2727,13981
-0.162673146920653,0.152038433507771,0.540539552366706,0,0,1,1,0,0,0,0,0,0,0,0,0,0,1,1,"D",2960,13982
-0.133825039395442,0.106351678097532,0.459056804306775,0,0,1,1,0,0,0,0,0,0,0,0,0,0,1,1,"D",3738,13983
-0.0707144721578445,0.053910748053366,-0.0897706031877869,0,0,1,1,0,0,0,0,0,0,0,0,0,0,1,1,"D",1567,13984
-0.114293650326607,0.0824121344321136,-0.056431381894034,0,0,1,1,0,0,0,0,0,0,0,0,0,0,1,1,"D",1930,13985
-0.112437842931807,0.0733695540149064,0.391306397239809,0,0,1,1,0,0,0,0,0,0,0,0,0,0,1,1,"D",3714,13986
-0.101276358335672,0.0971589779272864,1.40233138425644,0,0,1,1,0,0,0,0,0,0,0,0,0,0,1,1,"D",435,13987
-0.105372234146549,0.0930547141363741,1.44303263557321,0,0,1,1,0,0,0,0,0,0,0,0,0,0,1,1,"D",1461,13988
-0.113542599629716,0.0928689333897242,2.49691121072794,0,0,1,1,0,0,0,0,0,0,0,0,0,0,1,1,"D",2661,13989
-0.117994377060448,0.0864993444858999,0.940502558418071,0,0,1,1,0,0,0,0,0,0,0,0,0,0,1,1,"D",1967,13990
-0.100739385180202,0.063324200216447,-0.0148636319874615,0,0,1,1,0,0,0,0,0,0,0,0,0,0,1,1,"D",2087,13991
-0.0932772159594641,0.0748649359161397,1.09371463249484,0,0,1,1,0,0,0,0,0,0,0,0,0,0,1,1,"D",2137,13992
-0.10248507823963,0.0790918843262507,2.21189914288637,0,0,1,1,0,0,0,0,0,0,0,0,0,0,1,1,"D",2578,13993
-0.0990263284075399,0.0617765969391421,-0.182359626540884,0,0,1,1,0,0,0,0,0,0,0,0,0,0,1,1,"D",899,13994
-0.130845309247876,0.0951841662242954,0.506924036393404,0,0,1,1,0,0,0,0,0,0,0,0,0,0,1,1,"D",3030,13995
-0.110461578312825,0.112869903250592,1.23707204356458,0,0,1,1,0,0,0,0,0,0,0,0,0,0,1,1,"D",2602,13996
-0.0882820781534693,0.0775636167983715,-0.165490205657569,0,0,1,1,0,0,0,0,0,0,0,0,0,0,1,1,"D",394,13997
-0.0787289307941356,0.0736110993865304,1.56909900215821,0,0,1,1,0,0,0,0,0,0,0,0,0,0,1,1,"D",3326,13998
-0.0943381578380083,0.0730240277405546,1.29302834257744,0,0,1,1,0,0,0,0,0,0,0,0,0,0,1,1,"D",2240,13999
NA,NA,NA,1,1,1,1,0,0,0,0,0,0,0,0,0,0,0,0,"C",491,14000
NA,NA,NA,1,1,1,1,0,0,0,0,0,0,0,0,0,0,0,0,"C",3721,14001
NA,NA,NA,1,1,1,1,0,0,0,0,0,0,0,0,0,0,0,0,"C",3402,14002
NA,NA,NA,1,1,1,1,0,0,0,0,0,0,0,0,0,0,0,0,"C",368,14003
NA,NA,NA,1,1,1,1,0,0,0,0,0,0,0,0,0,0,0,0,"C",1484,14004
NA,NA,NA,1,1,1,1,0,0,0,0,0,0,0,0,0,0,0,0,"C",2487,14005
NA,NA,NA,1,1,1,1,0,0,0,0,0,0,0,0,0,0,0,0,"C",1608,14006
NA,NA,NA,1,1,1,1,0,0,0,0,0,0,0,0,0,0,0,0,"C",1462,14007
NA,NA,NA,1,1,1,1,0,0,0,0,0,0,0,0,0,0,0,0,"C",3495,14008
NA,NA,NA,1,1,1,1,0,0,0,0,0,0,0,0,0,0,0,0,"C",3583,14009
NA,NA,NA,1,1,1,1,0,0,0,0,0,0,0,0,0,0,0,0,"C",1747,14010
NA,NA,NA,1,1,1,1,0,0,0,0,0,0,0,0,0,0,0,0,"C",344,14011
NA,NA,NA,1,1,1,1,0,0,0,0,0,0,0,0,0,0,0,0,"C",3343,14012
NA,NA,NA,1,1,1,1,0,0,0,0,0,0,0,0,0,0,0,0,"C",2191,14013
NA,NA,NA,1,1,1,1,0,0,0,0,0,0,0,0,0,0,0,0,"C",2986,14014
NA,NA,NA,1,1,1,1,0,0,0,0,0,0,0,0,0,0,0,0,"C",3527,14015
NA,NA,NA,1,1,1,1,0,0,0,0,0,0,0,0,0,0,0,0,"C",3748,14016
NA,NA,NA,1,1,1,1,0,0,0,0,0,0,0,0,0,0,0,0,"C",930,14017
NA,NA,NA,1,1,1,1,0,0,0,0,0,0,0,0,0,0,0,0,"C",1560,14018
NA,NA,NA,1,1,1,1,0,0,0,0,0,0,0,0,0,0,0,0,"C",1549,14019
NA,NA,NA,1,1,1,1,0,0,0,0,0,0,0,0,0,0,0,0,"C",3423,14020
NA,NA,NA,1,1,1,1,0,0,0,0,0,0,0,0,0,0,0,0,"C",3464,14021
NA,NA,NA,1,1,1,1,0,0,0,0,0,0,0,0,0,0,0,0,"C",1646,14022
NA,NA,NA,1,1,1,1,0,0,0,0,0,0,0,0,0,0,0,0,"C",2823,14023
NA,NA,NA,1,1,1,1,0,0,0,0,0,0,0,0,0,0,0,0,"C",2022,14024
NA,NA,NA,1,1,1,1,0,0,0,0,0,0,0,0,0,0,0,0,"C",1255,14025
NA,NA,NA,1,1,1,1,0,0,0,0,0,0,0,0,0,0,0,0,"C",1691,14026
NA,NA,NA,1,1,1,1,0,0,0,0,0,0,0,0,0,0,0,0,"C",3414,14027
NA,NA,NA,1,1,1,1,0,0,0,0,0,0,0,0,0,0,0,0,"C",1362,14028
NA,NA,NA,1,1,1,1,0,0,0,0,0,0,0,0,0,0,0,0,"C",2845,14029
NA,NA,NA,1,1,1,1,0,0,0,0,0,0,0,0,0,0,0,0,"C",2333,14030
NA,NA,NA,1,1,1,1,0,0,0,0,0,0,0,0,0,0,0,0,"C",2005,14031
NA,NA,NA,1,1,1,1,0,0,0,0,0,0,0,0,0,0,0,0,"C",2937,14032
NA,NA,NA,1,1,1,1,0,0,0,0,0,0,0,0,0,0,0,0,"C",1628,14033
NA,NA,NA,1,1,1,1,0,0,0,0,0,0,0,0,0,0,0,0,"C",3122,14034
NA,NA,NA,1,1,1,1,0,0,0,0,0,0,0,0,0,0,0,0,"C",666,14035
NA,NA,NA,1,1,1,1,0,0,0,0,0,0,0,0,0,0,0,0,"C",1125,14036
NA,NA,NA,1,1,1,1,0,0,0,0,0,0,0,0,0,0,0,0,"C",33,14037
NA,NA,NA,1,1,1,1,0,0,0,0,0,0,0,0,0,0,0,0,"C",1671,14038
NA,NA,NA,1,1,1,1,0,0,0,0,0,0,0,0,0,0,0,0,"C",2714,14039
NA,NA,NA,1,1,1,1,0,0,0,0,0,0,0,0,0,0,0,0,"C",946,14040
NA,NA,NA,1,1,1,1,0,0,0,0,0,0,0,0,0,0,0,0,"C",2718,14041
NA,NA,NA,1,1,1,1,0,0,0,0,0,0,0,0,0,0,0,0,"C",2372,14042
NA,NA,NA,1,1,1,1,0,0,0,0,0,0,0,0,0,0,0,0,"C",1117,14043
NA,NA,NA,1,1,1,1,0,0,0,0,0,0,0,0,0,0,0,0,"C",3186,14044
NA,NA,NA,1,1,1,1,0,0,0,0,0,0,0,0,0,0,0,0,"C",2648,14045
NA,NA,NA,1,1,1,1,0,0,0,0,0,0,0,0,0,0,0,0,"C",3379,14046
NA,NA,NA,1,1,1,1,0,0,0,0,0,0,0,0,0,0,0,0,"C",2742,14047
NA,NA,NA,1,1,1,1,0,0,0,0,0,0,0,0,0,0,0,0,"C",2336,14048
NA,NA,NA,1,1,1,1,0,0,0,0,0,0,0,0,0,0,0,0,"C",267,14049
NA,NA,NA,1,1,1,1,0,0,0,0,0,0,0,0,0,0,0,0,"C",1359,14050
NA,NA,NA,1,1,1,1,0,0,0,0,0,0,0,0,0,0,0,0,"C",1441,14051
NA,NA,NA,1,1,1,1,0,0,0,0,0,0,0,0,0,0,0,0,"C",1962,14052
NA,NA,NA,1,1,1,1,0,0,0,0,0,0,0,0,0,0,0,0,"C",3717,14053
NA,NA,NA,1,1,1,1,0,0,0,0,0,0,0,0,0,0,0,0,"C",347,14054
NA,NA,NA,1,1,1,1,0,0,0,0,0,0,0,0,0,0,0,0,"C",2090,14055
NA,NA,NA,1,1,1,1,0,0,0,0,0,0,0,0,0,0,0,0,"C",3406,14056
NA,NA,NA,1,1,1,1,0,0,0,0,0,0,0,0,0,0,0,0,"C",2061,14057
NA,NA,NA,1,1,1,1,0,0,0,0,0,0,0,0,0,0,0,0,"C",3699,14058
NA,NA,NA,1,1,1,1,0,0,0,0,0,0,0,0,0,0,0,0,"C",1385,14059
NA,NA,NA,1,1,1,1,0,0,0,0,0,0,0,0,0,0,0,0,"C",729,14060
NA,NA,NA,1,1,1,1,0,0,0,0,0,0,0,0,0,0,0,0,"C",712,14061
NA,NA,NA,1,1,1,1,0,0,0,0,0,0,0,0,0,0,0,0,"C",656,14062
NA,NA,NA,1,1,1,1,0,0,0,0,0,0,0,0,0,0,0,0,"C",1397,14063
NA,NA,NA,1,1,1,1,0,0,0,0,0,0,0,0,0,0,0,0,"C",2074,14064
NA,NA,NA,1,1,1,1,0,0,0,0,0,0,0,0,0,0,0,0,"C",857,14065
NA,NA,NA,1,1,1,1,0,0,0,0,0,0,0,0,0,0,0,0,"C",2257,14066
NA,NA,NA,1,1,1,1,0,0,0,0,0,0,0,0,0,0,0,0,"C",1072,14067
NA,NA,NA,1,1,1,1,0,0,0,0,0,0,0,0,0,0,0,0,"C",1687,14068
NA,NA,NA,1,1,1,1,0,0,0,0,0,0,0,0,0,0,0,0,"C",2575,14069
NA,NA,NA,1,1,1,1,0,0,0,0,0,0,0,0,0,0,0,0,"C",3006,14070
NA,NA,NA,1,1,1,1,0,0,0,0,0,0,0,0,0,0,0,0,"C",3732,14071
NA,NA,NA,1,1,1,1,0,0,0,0,0,0,0,0,0,0,0,0,"C",482,14072
NA,NA,NA,1,1,1,1,0,0,0,0,0,0,0,0,0,0,0,0,"C",1341,14073
NA,NA,NA,1,1,1,1,0,0,0,0,0,0,0,0,0,0,0,0,"C",3204,14074
NA,NA,NA,1,1,1,1,0,0,0,0,0,0,0,0,0,0,0,0,"C",1763,14075
NA,NA,NA,1,1,1,1,0,0,0,0,0,0,0,0,0,0,0,0,"C",2318,14076
NA,NA,NA,1,1,1,1,0,0,0,0,0,0,0,0,0,0,0,0,"C",1059,14077
NA,NA,NA,1,1,1,1,0,0,0,0,0,0,0,0,0,0,0,0,"C",1290,14078
NA,NA,NA,1,1,1,1,0,0,0,0,0,0,0,0,0,0,0,0,"C",3146,14079
NA,NA,NA,1,1,1,1,0,0,0,0,0,0,0,0,0,0,0,0,"C",1594,14080
NA,NA,NA,1,1,1,1,0,0,0,0,0,0,0,0,0,0,0,0,"C",2727,14081
NA,NA,NA,1,1,1,1,0,0,0,0,0,0,0,0,0,0,0,0,"C",2960,14082
NA,NA,NA,1,1,1,1,0,0,0,0,0,0,0,0,0,0,0,0,"C",3738,14083
NA,NA,NA,1,1,1,1,0,0,0,0,0,0,0,0,0,0,0,0,"C",1567,14084
NA,NA,NA,1,1,1,1,0,0,0,0,0,0,0,0,0,0,0,0,"C",1930,14085
NA,NA,NA,1,1,1,1,0,0,0,0,0,0,0,0,0,0,0,0,"C",3714,14086
NA,NA,NA,1,1,1,1,0,0,0,0,0,0,0,0,0,0,0,0,"C",435,14087
NA,NA,NA,1,1,1,1,0,0,0,0,0,0,0,0,0,0,0,0,"C",1461,14088
NA,NA,NA,1,1,1,1,0,0,0,0,0,0,0,0,0,0,0,0,"C",2661,14089
NA,NA,NA,1,1,1,1,0,0,0,0,0,0,0,0,0,0,0,0,"C",1967,14090
NA,NA,NA,1,1,1,1,0,0,0,0,0,0,0,0,0,0,0,0,"C",2087,14091
NA,NA,NA,1,1,1,1,0,0,0,0,0,0,0,0,0,0,0,0,"C",2137,14092
NA,NA,NA,1,1,1,1,0,0,0,0,0,0,0,0,0,0,0,0,"C",2578,14093
NA,NA,NA,1,1,1,1,0,0,0,0,0,0,0,0,0,0,0,0,"C",899,14094
NA,NA,NA,1,1,1,1,0,0,0,0,0,0,0,0,0,0,0,0,"C",3030,14095
NA,NA,NA,1,1,1,1,0,0,0,0,0,0,0,0,0,0,0,0,"C",2602,14096
NA,NA,NA,1,1,1,1,0,0,0,0,0,0,0,0,0,0,0,0,"C",394,14097
NA,NA,NA,1,1,1,1,0,0,0,0,0,0,0,0,0,0,0,0,"C",3326,14098
NA,NA,NA,1,1,1,1,0,0,0,0,0,0,0,0,0,0,0,0,"C",2240,14099
NA,NA,NA,1,1,1,1,0,0,0,0,0,0,0,0,0,0,0,0,"D",491,14100
NA,NA,NA,1,1,1,1,0,0,0,0,0,0,0,0,0,0,0,0,"D",3721,14101
NA,NA,NA,1,1,1,1,0,0,0,0,0,0,0,0,0,0,0,0,"D",3402,14102
NA,NA,NA,1,1,1,1,0,0,0,0,0,0,0,0,0,0,0,0,"D",368,14103
NA,NA,NA,1,1,1,1,0,0,0,0,0,0,0,0,0,0,0,0,"D",1484,14104
NA,NA,NA,1,1,1,1,0,0,0,0,0,0,0,0,0,0,0,0,"D",2487,14105
NA,NA,NA,1,1,1,1,0,0,0,0,0,0,0,0,0,0,0,0,"D",1608,14106
NA,NA,NA,1,1,1,1,0,0,0,0,0,0,0,0,0,0,0,0,"D",1462,14107
NA,NA,NA,1,1,1,1,0,0,0,0,0,0,0,0,0,0,0,0,"D",3495,14108
NA,NA,NA,1,1,1,1,0,0,0,0,0,0,0,0,0,0,0,0,"D",3583,14109
NA,NA,NA,1,1,1,1,0,0,0,0,0,0,0,0,0,0,0,0,"D",1747,14110
NA,NA,NA,1,1,1,1,0,0,0,0,0,0,0,0,0,0,0,0,"D",344,14111
NA,NA,NA,1,1,1,1,0,0,0,0,0,0,0,0,0,0,0,0,"D",3343,14112
NA,NA,NA,1,1,1,1,0,0,0,0,0,0,0,0,0,0,0,0,"D",2191,14113
NA,NA,NA,1,1,1,1,0,0,0,0,0,0,0,0,0,0,0,0,"D",2986,14114
NA,NA,NA,1,1,1,1,0,0,0,0,0,0,0,0,0,0,0,0,"D",3527,14115
NA,NA,NA,1,1,1,1,0,0,0,0,0,0,0,0,0,0,0,0,"D",3748,14116
NA,NA,NA,1,1,1,1,0,0,0,0,0,0,0,0,0,0,0,0,"D",930,14117
NA,NA,NA,1,1,1,1,0,0,0,0,0,0,0,0,0,0,0,0,"D",1560,14118
NA,NA,NA,1,1,1,1,0,0,0,0,0,0,0,0,0,0,0,0,"D",1549,14119
NA,NA,NA,1,1,1,1,0,0,0,0,0,0,0,0,0,0,0,0,"D",3423,14120
NA,NA,NA,1,1,1,1,0,0,0,0,0,0,0,0,0,0,0,0,"D",3464,14121
NA,NA,NA,1,1,1,1,0,0,0,0,0,0,0,0,0,0,0,0,"D",1646,14122
NA,NA,NA,1,1,1,1,0,0,0,0,0,0,0,0,0,0,0,0,"D",2823,14123
NA,NA,NA,1,1,1,1,0,0,0,0,0,0,0,0,0,0,0,0,"D",2022,14124
NA,NA,NA,1,1,1,1,0,0,0,0,0,0,0,0,0,0,0,0,"D",1255,14125
NA,NA,NA,1,1,1,1,0,0,0,0,0,0,0,0,0,0,0,0,"D",1691,14126
NA,NA,NA,1,1,1,1,0,0,0,0,0,0,0,0,0,0,0,0,"D",3414,14127
NA,NA,NA,1,1,1,1,0,0,0,0,0,0,0,0,0,0,0,0,"D",1362,14128
NA,NA,NA,1,1,1,1,0,0,0,0,0,0,0,0,0,0,0,0,"D",2845,14129
NA,NA,NA,1,1,1,1,0,0,0,0,0,0,0,0,0,0,0,0,"D",2333,14130
NA,NA,NA,1,1,1,1,0,0,0,0,0,0,0,0,0,0,0,0,"D",2005,14131
NA,NA,NA,1,1,1,1,0,0,0,0,0,0,0,0,0,0,0,0,"D",2937,14132
NA,NA,NA,1,1,1,1,0,0,0,0,0,0,0,0,0,0,0,0,"D",1628,14133
NA,NA,NA,1,1,1,1,0,0,0,0,0,0,0,0,0,0,0,0,"D",3122,14134
NA,NA,NA,1,1,1,1,0,0,0,0,0,0,0,0,0,0,0,0,"D",666,14135
NA,NA,NA,1,1,1,1,0,0,0,0,0,0,0,0,0,0,0,0,"D",1125,14136
NA,NA,NA,1,1,1,1,0,0,0,0,0,0,0,0,0,0,0,0,"D",33,14137
NA,NA,NA,1,1,1,1,0,0,0,0,0,0,0,0,0,0,0,0,"D",1671,14138
NA,NA,NA,1,1,1,1,0,0,0,0,0,0,0,0,0,0,0,0,"D",2714,14139
NA,NA,NA,1,1,1,1,0,0,0,0,0,0,0,0,0,0,0,0,"D",946,14140
NA,NA,NA,1,1,1,1,0,0,0,0,0,0,0,0,0,0,0,0,"D",2718,14141
NA,NA,NA,1,1,1,1,0,0,0,0,0,0,0,0,0,0,0,0,"D",2372,14142
NA,NA,NA,1,1,1,1,0,0,0,0,0,0,0,0,0,0,0,0,"D",1117,14143
NA,NA,NA,1,1,1,1,0,0,0,0,0,0,0,0,0,0,0,0,"D",3186,14144
NA,NA,NA,1,1,1,1,0,0,0,0,0,0,0,0,0,0,0,0,"D",2648,14145
NA,NA,NA,1,1,1,1,0,0,0,0,0,0,0,0,0,0,0,0,"D",3379,14146
NA,NA,NA,1,1,1,1,0,0,0,0,0,0,0,0,0,0,0,0,"D",2742,14147
NA,NA,NA,1,1,1,1,0,0,0,0,0,0,0,0,0,0,0,0,"D",2336,14148
NA,NA,NA,1,1,1,1,0,0,0,0,0,0,0,0,0,0,0,0,"D",267,14149
NA,NA,NA,1,1,1,1,0,0,0,0,0,0,0,0,0,0,0,0,"D",1359,14150
NA,NA,NA,1,1,1,1,0,0,0,0,0,0,0,0,0,0,0,0,"D",1441,14151
NA,NA,NA,1,1,1,1,0,0,0,0,0,0,0,0,0,0,0,0,"D",1962,14152
NA,NA,NA,1,1,1,1,0,0,0,0,0,0,0,0,0,0,0,0,"D",3717,14153
NA,NA,NA,1,1,1,1,0,0,0,0,0,0,0,0,0,0,0,0,"D",347,14154
NA,NA,NA,1,1,1,1,0,0,0,0,0,0,0,0,0,0,0,0,"D",2090,14155
NA,NA,NA,1,1,1,1,0,0,0,0,0,0,0,0,0,0,0,0,"D",3406,14156
NA,NA,NA,1,1,1,1,0,0,0,0,0,0,0,0,0,0,0,0,"D",2061,14157
NA,NA,NA,1,1,1,1,0,0,0,0,0,0,0,0,0,0,0,0,"D",3699,14158
NA,NA,NA,1,1,1,1,0,0,0,0,0,0,0,0,0,0,0,0,"D",1385,14159
NA,NA,NA,1,1,1,1,0,0,0,0,0,0,0,0,0,0,0,0,"D",729,14160
NA,NA,NA,1,1,1,1,0,0,0,0,0,0,0,0,0,0,0,0,"D",712,14161
NA,NA,NA,1,1,1,1,0,0,0,0,0,0,0,0,0,0,0,0,"D",656,14162
NA,NA,NA,1,1,1,1,0,0,0,0,0,0,0,0,0,0,0,0,"D",1397,14163
NA,NA,NA,1,1,1,1,0,0,0,0,0,0,0,0,0,0,0,0,"D",2074,14164
NA,NA,NA,1,1,1,1,0,0,0,0,0,0,0,0,0,0,0,0,"D",857,14165
NA,NA,NA,1,1,1,1,0,0,0,0,0,0,0,0,0,0,0,0,"D",2257,14166
NA,NA,NA,1,1,1,1,0,0,0,0,0,0,0,0,0,0,0,0,"D",1072,14167
NA,NA,NA,1,1,1,1,0,0,0,0,0,0,0,0,0,0,0,0,"D",1687,14168
NA,NA,NA,1,1,1,1,0,0,0,0,0,0,0,0,0,0,0,0,"D",2575,14169
NA,NA,NA,1,1,1,1,0,0,0,0,0,0,0,0,0,0,0,0,"D",3006,14170
NA,NA,NA,1,1,1,1,0,0,0,0,0,0,0,0,0,0,0,0,"D",3732,14171
NA,NA,NA,1,1,1,1,0,0,0,0,0,0,0,0,0,0,0,0,"D",482,14172
NA,NA,NA,1,1,1,1,0,0,0,0,0,0,0,0,0,0,0,0,"D",1341,14173
NA,NA,NA,1,1,1,1,0,0,0,0,0,0,0,0,0,0,0,0,"D",3204,14174
NA,NA,NA,1,1,1,1,0,0,0,0,0,0,0,0,0,0,0,0,"D",1763,14175
NA,NA,NA,1,1,1,1,0,0,0,0,0,0,0,0,0,0,0,0,"D",2318,14176
NA,NA,NA,1,1,1,1,0,0,0,0,0,0,0,0,0,0,0,0,"D",1059,14177
NA,NA,NA,1,1,1,1,0,0,0,0,0,0,0,0,0,0,0,0,"D",1290,14178
NA,NA,NA,1,1,1,1,0,0,0,0,0,0,0,0,0,0,0,0,"D",3146,14179
NA,NA,NA,1,1,1,1,0,0,0,0,0,0,0,0,0,0,0,0,"D",1594,14180
NA,NA,NA,1,1,1,1,0,0,0,0,0,0,0,0,0,0,0,0,"D",2727,14181
NA,NA,NA,1,1,1,1,0,0,0,0,0,0,0,0,0,0,0,0,"D",2960,14182
NA,NA,NA,1,1,1,1,0,0,0,0,0,0,0,0,0,0,0,0,"D",3738,14183
NA,NA,NA,1,1,1,1,0,0,0,0,0,0,0,0,0,0,0,0,"D",1567,14184
NA,NA,NA,1,1,1,1,0,0,0,0,0,0,0,0,0,0,0,0,"D",1930,14185
NA,NA,NA,1,1,1,1,0,0,0,0,0,0,0,0,0,0,0,0,"D",3714,14186
NA,NA,NA,1,1,1,1,0,0,0,0,0,0,0,0,0,0,0,0,"D",435,14187
NA,NA,NA,1,1,1,1,0,0,0,0,0,0,0,0,0,0,0,0,"D",1461,14188
NA,NA,NA,1,1,1,1,0,0,0,0,0,0,0,0,0,0,0,0,"D",2661,14189
NA,NA,NA,1,1,1,1,0,0,0,0,0,0,0,0,0,0,0,0,"D",1967,14190
NA,NA,NA,1,1,1,1,0,0,0,0,0,0,0,0,0,0,0,0,"D",2087,14191
NA,NA,NA,1,1,1,1,0,0,0,0,0,0,0,0,0,0,0,0,"D",2137,14192
NA,NA,NA,1,1,1,1,0,0,0,0,0,0,0,0,0,0,0,0,"D",2578,14193
NA,NA,NA,1,1,1,1,0,0,0,0,0,0,0,0,0,0,0,0,"D",899,14194
NA,NA,NA,1,1,1,1,0,0,0,0,0,0,0,0,0,0,0,0,"D",3030,14195
NA,NA,NA,1,1,1,1,0,0,0,0,0,0,0,0,0,0,0,0,"D",2602,14196
NA,NA,NA,1,1,1,1,0,0,0,0,0,0,0,0,0,0,0,0,"D",394,14197
NA,NA,NA,1,1,1,1,0,0,0,0,0,0,0,0,0,0,0,0,"D",3326,14198
NA,NA,NA,1,1,1,1,0,0,0,0,0,0,0,0,0,0,0,0,"D",2240,14199
-0.0726869645678349,0.127352319360165,-1.01257729959196,1,0,1,1,1,0,0,0,0,0,0,0,0,0,0,0,"C",491,14200
-0.0843161845474945,0.0852589812814428,-2.27817058390188,1,0,1,1,1,0,0,0,0,0,0,0,0,0,0,0,"C",3721,14201
-0.0674216746172419,0.0808376612213687,-0.155651429367809,1,0,1,1,1,0,0,0,0,0,0,0,0,0,0,0,"C",3402,14202
-0.0417172611473983,0.0711101097805268,-0.528220872628486,1,0,1,1,1,0,0,0,0,0,0,0,0,0,0,0,"C",368,14203
-0.095560144726191,0.0935387061735636,-1.88800900415674,1,0,1,1,1,0,0,0,0,0,0,0,0,0,0,0,"C",1484,14204
-0.0805111070342269,0.0946799515565182,-0.727631036605028,1,0,1,1,1,0,0,0,0,0,0,0,0,0,0,0,"C",2487,14205
-0.042382834306058,0.0358249995207446,0.972739323152526,1,0,1,1,1,0,0,0,0,0,0,0,0,0,0,0,"C",1608,14206
-0.111878927231578,0.0797204909339561,-1.37715071087167,1,0,1,1,1,0,0,0,0,0,0,0,0,0,0,0,"C",1462,14207
-0.0895387394582341,0.0887713761256586,-1.9865445695041,1,0,1,1,1,0,0,0,0,0,0,0,0,0,0,0,"C",3495,14208
-0.0861271823526902,0.119252489525162,-1.46122323093637,1,0,1,1,1,0,0,0,0,0,0,0,0,0,0,0,"C",3583,14209
-0.0806152560704185,0.0901290724703638,-0.666032039913225,1,0,1,1,1,0,0,0,0,0,0,0,0,0,0,0,"C",1747,14210
-0.113859238505817,0.120594860758756,-2.26249008600237,1,0,1,1,1,0,0,0,0,0,0,0,0,0,0,0,"C",344,14211
-0.0673411213596675,0.0732479603501827,-1.5117750010752,1,0,1,1,1,0,0,0,0,0,0,0,0,0,0,0,"C",3343,14212
0.0170636734562721,0.0120701309762552,0.734479439966674,1,0,1,1,1,0,0,0,0,0,0,0,0,0,0,0,"C",2191,14213
-0.0737460723002206,0.117667331637118,-0.950395165545291,1,0,1,1,1,0,0,0,0,0,0,0,0,0,0,0,"C",2986,14214
-0.0451332911932075,0.0874589845538301,0.827029175360124,1,0,1,1,1,0,0,0,0,0,0,0,0,0,0,0,"C",3527,14215
-0.107692520262538,0.0316687469586102,-0.248836825630173,1,0,1,1,1,0,0,0,0,0,0,0,0,0,0,0,"C",3748,14216
-0.0177428762660307,0.0417455595702353,-0.314388846052077,1,0,1,1,1,0,0,0,0,0,0,0,0,0,0,0,"C",930,14217
0.0215333067048342,0.0129197307818378,0.178724548240233,1,0,1,1,1,0,0,0,0,0,0,0,0,0,0,0,"C",1560,14218
-0.0436348470477194,0.0987518596140628,-2.45733322113816,1,0,1,1,1,0,0,0,0,0,0,0,0,0,0,0,"C",1549,14219
-0.128049332731085,0.1409161025619,-1.83045854617204,1,0,1,1,1,0,0,0,0,0,0,0,0,0,0,0,"C",3423,14220
-0.0706542617388135,0.0937456665039053,-1.8186057840336,1,0,1,1,1,0,0,0,0,0,0,0,0,0,0,0,"C",3464,14221
-0.0827509696764152,0.0849540377449876,-1.04870141653813,1,0,1,1,1,0,0,0,0,0,0,0,0,0,0,0,"C",1646,14222
0.000533988521736733,0.0666756779659644,-1.20409177697731,1,0,1,1,1,0,0,0,0,0,0,0,0,0,0,0,"C",2823,14223
-0.0762214898576669,0.0550769174693256,0.00713770737321344,1,0,1,1,1,0,0,0,0,0,0,0,0,0,0,0,"C",2022,14224
-0.137071881958014,0.182589595266715,-2.3189518769638,1,0,1,1,1,0,0,0,0,0,0,0,0,0,0,0,"C",1255,14225
-0.129885638791131,0.0938909577013791,-1.62613920397801,1,0,1,1,1,0,0,0,0,0,0,0,0,0,0,0,"C",1691,14226
-0.0954243885084927,0.0631454643632029,-0.526739069796763,1,0,1,1,1,0,0,0,0,0,0,0,0,0,0,0,"C",3414,14227
-0.168305606501677,0.164976692727212,-1.71777032892277,1,0,1,1,1,0,0,0,0,0,0,0,0,0,0,0,"C",1362,14228
-0.113409483035794,0.0685074382137917,-0.475106206676173,1,0,1,1,1,0,0,0,0,0,0,0,0,0,0,0,"C",2845,14229
-0.115250913381054,0.149550154671426,-1.6592632597966,1,0,1,1,1,0,0,0,0,0,0,0,0,0,0,0,"C",2333,14230
-0.0849738803124016,0.11051320873212,-1.2342871518135,1,0,1,1,1,0,0,0,0,0,0,0,0,0,0,0,"C",2005,14231
-0.117389709947459,0.151707220160703,-2.55118985984347,1,0,1,1,1,0,0,0,0,0,0,0,0,0,0,0,"C",2937,14232
0.000360459695537173,0.00303798074275652,-0.846479605363598,1,0,1,1,1,0,0,0,0,0,0,0,0,0,0,0,"C",1628,14233
-0.0725194231557148,0.0537845055084172,-0.245096386232113,1,0,1,1,1,0,0,0,0,0,0,0,0,0,0,0,"C",3122,14234
-0.162822916203384,0.224979665743421,-1.78318316961545,1,0,1,1,1,0,0,0,0,0,0,0,0,0,0,0,"C",666,14235
-0.0568691853887629,0.059129101047057,-1.19517548867224,1,0,1,1,1,0,0,0,0,0,0,0,0,0,0,0,"C",1125,14236
0.0038248153548461,0.0953494271411063,-1.23969892727258,1,0,1,1,1,0,0,0,0,0,0,0,0,0,0,0,"C",33,14237
-0.122587160792153,0.155741083826313,-1.55219013375422,1,0,1,1,1,0,0,0,0,0,0,0,0,0,0,0,"C",1671,14238
0.0156217191101251,0.0636687381844627,-0.0423116145829197,1,0,1,1,1,0,0,0,0,0,0,0,0,0,0,0,"C",2714,14239
-0.0584992578985015,0.0793241928416086,-2.00452828510124,1,0,1,1,1,0,0,0,0,0,0,0,0,0,0,0,"C",946,14240
-0.0572253144601644,0.0732157106851379,-0.312035097605067,1,0,1,1,1,0,0,0,0,0,0,0,0,0,0,0,"C",2718,14241
-0.0612571282289166,0.104923433590059,0.977144106512042,1,0,1,1,1,0,0,0,0,0,0,0,0,0,0,0,"C",2372,14242
-0.108862366751704,0.103330715812492,-1.47657301632006,1,0,1,1,1,0,0,0,0,0,0,0,0,0,0,0,"C",1117,14243
-0.119068333404238,0.167172483895546,-2.40900637236716,1,0,1,1,1,0,0,0,0,0,0,0,0,0,0,0,"C",3186,14244
-0.0290613570283742,0.0696857210775175,-2.42538045969167,1,0,1,1,1,0,0,0,0,0,0,0,0,0,0,0,"C",2648,14245
-0.102427108472355,0.153197895371855,-1.61369842713037,1,0,1,1,1,0,0,0,0,0,0,0,0,0,0,0,"C",3379,14246
-0.0164777604488992,0.00432277615309712,-0.879738696879598,1,0,1,1,1,0,0,0,0,0,0,0,0,0,0,0,"C",2742,14247
-0.0957957737349673,0.108705048450188,-0.749288671648529,1,0,1,1,1,0,0,0,0,0,0,0,0,0,0,0,"C",2336,14248
-0.121546011362465,0.159027507604638,-1.62786348486822,1,0,1,1,1,0,0,0,0,0,0,0,0,0,0,0,"C",267,14249
-0.0656661781044394,0.136034894304683,-2.38315828619343,1,0,1,1,1,0,0,0,0,0,0,0,0,0,0,0,"C",1359,14250
-0.0937820581640155,0.0977689301649294,-0.15403997268798,1,0,1,1,1,0,0,0,0,0,0,0,0,0,0,0,"C",1441,14251
-0.0577302311214129,0.0900167224171081,-2.04671461703357,1,0,1,1,1,0,0,0,0,0,0,0,0,0,0,0,"C",1962,14252
-0.0371157709224412,0.114584772645026,-0.730531990740714,1,0,1,1,1,0,0,0,0,0,0,0,0,0,0,0,"C",3717,14253
-0.0579713788003312,0.0726537894717401,-0.572336238577476,1,0,1,1,1,0,0,0,0,0,0,0,0,0,0,0,"C",347,14254
-0.0645872540346914,0.0820921671821067,-0.183802264136116,1,0,1,1,1,0,0,0,0,0,0,0,0,0,0,0,"C",2090,14255
-0.012604454208465,0.0495977918717922,0.915160387157964,1,0,1,1,1,0,0,0,0,0,0,0,0,0,0,0,"C",3406,14256
-0.0497439326501733,0.0332552748945566,-0.208181775993011,1,0,1,1,1,0,0,0,0,0,0,0,0,0,0,0,"C",2061,14257
-0.165669221541353,0.171104472995684,-1.27280357843297,1,0,1,1,1,0,0,0,0,0,0,0,0,0,0,0,"C",3699,14258
-0.0262412359351462,0.00598450885653983,-0.930499009762834,1,0,1,1,1,0,0,0,0,0,0,0,0,0,0,0,"C",1385,14259
-0.0180397940864931,0.0442534875048752,-0.143118072265312,1,0,1,1,1,0,0,0,0,0,0,0,0,0,0,0,"C",729,14260
0.0170240679562901,0.0628098049135715,-0.883492583102719,1,0,1,1,1,0,0,0,0,0,0,0,0,0,0,0,"C",712,14261
-0.080408982918859,0.10607221502684,-1.86701982336377,1,0,1,1,1,0,0,0,0,0,0,0,0,0,0,0,"C",656,14262
-0.0355497309336866,0.0600011716825774,0.148668001280935,1,0,1,1,1,0,0,0,0,0,0,0,0,0,0,0,"C",1397,14263
-0.103456313677116,0.0900262459485369,-2.01064363753592,1,0,1,1,1,0,0,0,0,0,0,0,0,0,0,0,"C",2074,14264
-0.0873405566005807,0.101451629875727,-0.076935319879916,1,0,1,1,1,0,0,0,0,0,0,0,0,0,0,0,"C",857,14265
-0.0257084224931216,0.0619128379921107,-0.165612926443554,1,0,1,1,1,0,0,0,0,0,0,0,0,0,0,0,"C",2257,14266
-0.0566008481226889,0.0878604051933413,-1.38703370557734,1,0,1,1,1,0,0,0,0,0,0,0,0,0,0,0,"C",1072,14267
-0.0660529749587354,0.125812680177681,-1.89431151703337,1,0,1,1,1,0,0,0,0,0,0,0,0,0,0,0,"C",1687,14268
-0.0920396912892629,0.0875758665403732,-1.96884365660079,1,0,1,1,1,0,0,0,0,0,0,0,0,0,0,0,"C",2575,14269
-0.0947358007781687,0.109056015488926,-1.00804219092016,1,0,1,1,1,0,0,0,0,0,0,0,0,0,0,0,"C",3006,14270
-0.0681148422302459,0.13097717633812,-2.30537467340082,1,0,1,1,1,0,0,0,0,0,0,0,0,0,0,0,"C",3732,14271
-0.0278051604547516,0.0988300526384251,-1.99425917068569,1,0,1,1,1,0,0,0,0,0,0,0,0,0,0,0,"C",482,14272
0.00973275932622457,0.0138308303895232,-0.115877018257818,1,0,1,1,1,0,0,0,0,0,0,0,0,0,0,0,"C",1341,14273
-0.0881896345372104,0.092112895332902,-0.720736530083945,1,0,1,1,1,0,0,0,0,0,0,0,0,0,0,0,"C",3204,14274
-0.0279942752400892,0.0972069239630871,-1.29043543160098,1,0,1,1,1,0,0,0,0,0,0,0,0,0,0,0,"C",1763,14275
-0.0070651528400788,0.0681853692784874,-0.388844082453445,1,0,1,1,1,0,0,0,0,0,0,0,0,0,0,0,"C",2318,14276
-0.100343745547921,0.0805348186715019,-1.13048561956127,1,0,1,1,1,0,0,0,0,0,0,0,0,0,0,0,"C",1059,14277
-0.0983423423464803,0.119510388713956,-2.36300591062357,1,0,1,1,1,0,0,0,0,0,0,0,0,0,0,0,"C",1290,14278
-0.0208544385561777,0.0784008426176798,-1.84610245427576,1,0,1,1,1,0,0,0,0,0,0,0,0,0,0,0,"C",3146,14279
-0.133631050177075,0.141389523563829,-1.44657886551317,1,0,1,1,1,0,0,0,0,0,0,0,0,0,0,0,"C",1594,14280
-0.0630317689242825,0.130409413009815,-1.52888884553858,1,0,1,1,1,0,0,0,0,0,0,0,0,0,0,0,"C",2727,14281
-0.0832205657709046,0.0867482234931411,-1.36156574553764,1,0,1,1,1,0,0,0,0,0,0,0,0,0,0,0,"C",2960,14282
-0.00922255043562829,0.0677342115433063,-2.04107474848768,1,0,1,1,1,0,0,0,0,0,0,0,0,0,0,0,"C",3738,14283
-0.0548126980678968,0.0482056117310188,-1.23616373240361,1,0,1,1,1,0,0,0,0,0,0,0,0,0,0,0,"C",1567,14284
-0.0226051794912941,0.0281388185779779,0.0298480483749488,1,0,1,1,1,0,0,0,0,0,0,0,0,0,0,0,"C",1930,14285
-0.0720088239918548,0.116383758395785,-0.957389893448944,1,0,1,1,1,0,0,0,0,0,0,0,0,0,0,0,"C",3714,14286
-0.0423934906957947,0.0549374840005377,-0.0943105873325162,1,0,1,1,1,0,0,0,0,0,0,0,0,0,0,0,"C",435,14287
-0.00651254737077413,0.0641688079112037,-0.856692420469104,1,0,1,1,1,0,0,0,0,0,0,0,0,0,0,0,"C",1461,14288
-0.0505707488048066,0.0579112606440885,-0.966736227370912,1,0,1,1,1,0,0,0,0,0,0,0,0,0,0,0,"C",2661,14289
-0.0798612232530655,0.11532594631455,-1.64836984270341,1,0,1,1,1,0,0,0,0,0,0,0,0,0,0,0,"C",1967,14290
-0.0835617303759913,0.0576283112708221,-1.68544126377689,1,0,1,1,1,0,0,0,0,0,0,0,0,0,0,0,"C",2087,14291
-0.0613179989857873,0.116258499654849,-1.59236237492259,1,0,1,1,1,0,0,0,0,0,0,0,0,0,0,0,"C",2137,14292
-0.106844146987038,0.0127081516787814,-1.65420785917137,1,0,1,1,1,0,0,0,0,0,0,0,0,0,0,0,"C",2578,14293
-0.0957553434650581,0.058973081346204,-1.20624849898767,1,0,1,1,1,0,0,0,0,0,0,0,0,0,0,0,"C",899,14294
-0.0915768163165184,0.0649128723831547,-1.25954099681617,1,0,1,1,1,0,0,0,0,0,0,0,0,0,0,0,"C",3030,14295
-0.0809063451163655,0.111914021503842,-1.11619790413654,1,0,1,1,1,0,0,0,0,0,0,0,0,0,0,0,"C",2602,14296
-0.0288466292010935,0.0245737101846937,-1.1399963834269,1,0,1,1,1,0,0,0,0,0,0,0,0,0,0,0,"C",394,14297
-0.080979633600458,0.128360178817731,-1.93989169987307,1,0,1,1,1,0,0,0,0,0,0,0,0,0,0,0,"C",3326,14298
-0.0901905045976524,0.126339506346328,-0.98097554347088,1,0,1,1,1,0,0,0,0,0,0,0,0,0,0,0,"C",2240,14299
-0.232737692312029,0.0867905172942187,-0.719456758275639,1,0,1,1,1,0,0,0,0,0,0,0,0,0,0,0,"D",491,14300
-0.211717595526377,0.052900369118348,-1.60748564086495,1,0,1,1,1,0,0,0,0,0,0,0,0,0,0,0,"D",3721,14301
-0.495068165340128,0.0590754167857026,-1.2724585490124,1,0,1,1,1,0,0,0,0,0,0,0,0,0,0,0,"D",3402,14302
-0.40492431897907,-0.112828281729365,-2.58215713101355,1,0,1,1,1,0,0,0,0,0,0,0,0,0,0,0,"D",368,14303
-0.329813627705714,0.0441111999201656,-1.19575761618587,1,0,1,1,1,0,0,0,0,0,0,0,0,0,0,0,"D",1484,14304
-0.294003831004744,0.128529982909071,0.062499078926649,1,0,1,1,1,0,0,0,0,0,0,0,0,0,0,0,"D",2487,14305
-0.31995709979276,0.1576513505444,0.625257629344671,1,0,1,1,1,0,0,0,0,0,0,0,0,0,0,0,"D",1608,14306
-0.321709548235025,0.148952841134815,-0.219816458155504,1,0,1,1,1,0,0,0,0,0,0,0,0,0,0,0,"D",1462,14307
-0.386746462774248,0.0222080049282387,-1.46617283714685,1,0,1,1,1,0,0,0,0,0,0,0,0,0,0,0,"D",3495,14308
-0.202630990896859,0.0405293466958019,-1.36102920383697,1,0,1,1,1,0,0,0,0,0,0,0,0,0,0,0,"D",3583,14309
-0.0567819042723992,-0.00371876158569191,-2.07157349874329,1,0,1,1,1,0,0,0,0,0,0,0,0,0,0,0,"D",1747,14310
-0.273236576474451,0.0368236882075822,-1.53634620911261,1,0,1,1,1,0,0,0,0,0,0,0,0,0,0,0,"D",344,14311
-0.436678268632375,-0.0240746826929134,-1.76712444192503,1,0,1,1,1,0,0,0,0,0,0,0,0,0,0,0,"D",3343,14312
-0.246388912912989,0.0672403671747442,-1.45639071882643,1,0,1,1,1,0,0,0,0,0,0,0,0,0,0,0,"D",2191,14313
-0.302843233464612,0.0170730600316401,-1.49193934815951,1,0,1,1,1,0,0,0,0,0,0,0,0,0,0,0,"D",2986,14314
-0.220200216537468,-0.010995729585092,-1.93836746560111,1,0,1,1,1,0,0,0,0,0,0,0,0,0,0,0,"D",3527,14315
-0.463097810728282,-0.205171446811585,-2.69202869506715,1,0,1,1,1,0,0,0,0,0,0,0,0,0,0,0,"D",3748,14316
-0.120128827552995,0.171218353724738,-0.19713315547723,1,0,1,1,1,0,0,0,0,0,0,0,0,0,0,0,"D",930,14317
-0.495844175485174,0.114062638045773,-0.959940748358172,1,0,1,1,1,0,0,0,0,0,0,0,0,0,0,0,"D",1560,14318
-0.283472428738451,-0.0335472872510936,-2.08891343578886,1,0,1,1,1,0,0,0,0,0,0,0,0,0,0,0,"D",1549,14319
-0.350167833608236,-0.00907702374908401,-1.99292574977387,1,0,1,1,1,0,0,0,0,0,0,0,0,0,0,0,"D",3423,14320
-0.24273309976531,0.0331473975711166,-1.41589832702846,1,0,1,1,1,0,0,0,0,0,0,0,0,0,0,0,"D",3464,14321
-0.223723980699705,0.176730893077725,1.07086937553611,1,0,1,1,1,0,0,0,0,0,0,0,0,0,0,0,"D",1646,14322
-0.23038200121865,0.0831747280449866,-1.0120121403856,1,0,1,1,1,0,0,0,0,0,0,0,0,0,0,0,"D",2823,14323
-0.223439708597774,0.175059776799772,0.653501014744558,1,0,1,1,1,0,0,0,0,0,0,0,0,0,0,0,"D",2022,14324
-0.240681113119591,0.188816865309273,-0.387314311966929,1,0,1,1,1,0,0,0,0,0,0,0,0,0,0,0,"D",1255,14325
-0.0375717247767878,0.082901153152007,-0.0345116293975608,1,0,1,1,1,0,0,0,0,0,0,0,0,0,0,0,"D",1691,14326
-0.339257887745918,0.00139702367837613,-1.96957443080514,1,0,1,1,1,0,0,0,0,0,0,0,0,0,0,0,"D",3414,14327
-0.393080914070408,0.233038411776133,1.3855295087791,1,0,1,1,1,0,0,0,0,0,0,0,0,0,0,0,"D",1362,14328
-0.153651462469971,-0.0423305844796785,-2.24775235455132,1,0,1,1,1,0,0,0,0,0,0,0,0,0,0,0,"D",2845,14329
-0.278334346293352,0.121649455895475,-1.0696599273675,1,0,1,1,1,0,0,0,0,0,0,0,0,0,0,0,"D",2333,14330
-0.338158967434635,-0.0328092436758933,-2.3645360196037,1,0,1,1,1,0,0,0,0,0,0,0,0,0,0,0,"D",2005,14331
-0.529074991524244,0.145646981029647,-0.000167957431301481,1,0,1,1,1,0,0,0,0,0,0,0,0,0,0,0,"D",2937,14332
-0.301085805385113,0.100342571968399,-0.80666206237097,1,0,1,1,1,0,0,0,0,0,0,0,0,0,0,0,"D",1628,14333
-0.344381851529981,0.0718598222647961,-0.984179741983787,1,0,1,1,1,0,0,0,0,0,0,0,0,0,0,0,"D",3122,14334
-0.284335897711434,-0.0320927091233919,-2.08997874430092,1,0,1,1,1,0,0,0,0,0,0,0,0,0,0,0,"D",666,14335
-0.318761435662787,-0.129671572587875,-2.70362098827591,1,0,1,1,1,0,0,0,0,0,0,0,0,0,0,0,"D",1125,14336
-0.21398859461051,0.100420884988937,-0.318060744549351,1,0,1,1,1,0,0,0,0,0,0,0,0,0,0,0,"D",33,14337
-0.470914205415607,0.0842253513590646,-0.497066616452807,1,0,1,1,1,0,0,0,0,0,0,0,0,0,0,0,"D",1671,14338
-0.207986529777335,0.155106163503229,0.31960348837296,1,0,1,1,1,0,0,0,0,0,0,0,0,0,0,0,"D",2714,14339
-0.351649643213553,0.147580973766389,0.375836983330552,1,0,1,1,1,0,0,0,0,0,0,0,0,0,0,0,"D",946,14340
-0.294720875502521,0.0643693267356593,-1.25855466784698,1,0,1,1,1,0,0,0,0,0,0,0,0,0,0,0,"D",2718,14341
-0.26121219184537,0.108229686993088,0.304353728233262,1,0,1,1,1,0,0,0,0,0,0,0,0,0,0,0,"D",2372,14342
-0.155514141586575,0.0224123167463862,-1.99813059726877,1,0,1,1,1,0,0,0,0,0,0,0,0,0,0,0,"D",1117,14343
-0.391894140799717,-0.0363840313275643,-1.64405367544149,1,0,1,1,1,0,0,0,0,0,0,0,0,0,0,0,"D",3186,14344
-0.416559599393025,0.127179185900209,-0.985539466525993,1,0,1,1,1,0,0,0,0,0,0,0,0,0,0,0,"D",2648,14345
-0.298675633206337,0.0902236826694847,-0.734307168617369,1,0,1,1,1,0,0,0,0,0,0,0,0,0,0,0,"D",3379,14346
-0.199796349569811,0.0232488336897146,-1.54770049838927,1,0,1,1,1,0,0,0,0,0,0,0,0,0,0,0,"D",2742,14347
-0.365931579016779,0.160013981624925,-0.446693660197131,1,0,1,1,1,0,0,0,0,0,0,0,0,0,0,0,"D",2336,14348
-0.313212996781172,0.0052983569922006,-2.07828165058388,1,0,1,1,1,0,0,0,0,0,0,0,0,0,0,0,"D",267,14349
-0.407125188433687,0.0261133689466115,-1.75391931467289,1,0,1,1,1,0,0,0,0,0,0,0,0,0,0,0,"D",1359,14350
-0.338060299932636,0.0377114690476432,-1.68740986409742,1,0,1,1,1,0,0,0,0,0,0,0,0,0,0,0,"D",1441,14351
-0.251124725665277,-0.0915153934450183,-2.71614410006332,1,0,1,1,1,0,0,0,0,0,0,0,0,0,0,0,"D",1962,14352
-0.374897125944096,0.0401965311862854,-0.791585716242642,1,0,1,1,1,0,0,0,0,0,0,0,0,0,0,0,"D",3717,14353
-0.230943464975963,0.0666808614027013,-0.912317700898251,1,0,1,1,1,0,0,0,0,0,0,0,0,0,0,0,"D",347,14354
-0.408432579332145,0.0706316860403178,-0.5872399450454,1,0,1,1,1,0,0,0,0,0,0,0,0,0,0,0,"D",2090,14355
-0.384279754736216,0.147372925556751,-1.15191485887314,1,0,1,1,1,0,0,0,0,0,0,0,0,0,0,0,"D",3406,14356
-0.295528865878115,-0.0474663428589747,-2.12766981294032,1,0,1,1,1,0,0,0,0,0,0,0,0,0,0,0,"D",2061,14357
-0.341103888453714,-0.125082136117204,-2.63209600543698,1,0,1,1,1,0,0,0,0,0,0,0,0,0,0,0,"D",3699,14358
-0.531257320784587,0.0596521634277543,-1.62192351817012,1,0,1,1,1,0,0,0,0,0,0,0,0,0,0,0,"D",1385,14359
-0.561717599328731,0.00223736321561357,-1.6988847916871,1,0,1,1,1,0,0,0,0,0,0,0,0,0,0,0,"D",729,14360
-0.325862560515896,0.170044619394934,0.769766886466874,1,0,1,1,1,0,0,0,0,0,0,0,0,0,0,0,"D",712,14361
-0.365522038598188,0.18695109894401,0.892710741650549,1,0,1,1,1,0,0,0,0,0,0,0,0,0,0,0,"D",656,14362
-0.300209289030058,-0.0714484304977618,-2.35446878708215,1,0,1,1,1,0,0,0,0,0,0,0,0,0,0,0,"D",1397,14363
-0.147935800827429,0.191800715691037,0.0521853907408797,1,0,1,1,1,0,0,0,0,0,0,0,0,0,0,0,"D",2074,14364
-0.18743664275417,0.150856631841947,1.15200575182254,1,0,1,1,1,0,0,0,0,0,0,0,0,0,0,0,"D",857,14365
-0.379258740690693,0.0140898541580654,-1.89314998886454,1,0,1,1,1,0,0,0,0,0,0,0,0,0,0,0,"D",2257,14366
-0.295805913089846,0.10316601810119,-0.649076065697185,1,0,1,1,1,0,0,0,0,0,0,0,0,0,0,0,"D",1072,14367
-0.332474284453557,0.0783095365247197,-1.19799719032587,1,0,1,1,1,0,0,0,0,0,0,0,0,0,0,0,"D",1687,14368
-0.29595914874618,0.0456706362710802,-1.16501086352225,1,0,1,1,1,0,0,0,0,0,0,0,0,0,0,0,"D",2575,14369
-0.452844446384419,0.0349137964334171,-1.60569428652001,1,0,1,1,1,0,0,0,0,0,0,0,0,0,0,0,"D",3006,14370
-0.485802933355668,-0.0689376580024633,-2.1255124330787,1,0,1,1,1,0,0,0,0,0,0,0,0,0,0,0,"D",3732,14371
-0.290924778519091,0.117676584106825,0.649053514452199,1,0,1,1,1,0,0,0,0,0,0,0,0,0,0,0,"D",482,14372
-0.29507516968697,0.0132022402023541,-1.87544980326225,1,0,1,1,1,0,0,0,0,0,0,0,0,0,0,0,"D",1341,14373
-0.22722592937729,0.0954247598226697,0.25608236521902,1,0,1,1,1,0,0,0,0,0,0,0,0,0,0,0,"D",3204,14374
-0.316163961324731,0.121816403653077,0.5349875056933,1,0,1,1,1,0,0,0,0,0,0,0,0,0,0,0,"D",1763,14375
-0.416309452473213,0.117561790153326,-0.911642369157564,1,0,1,1,1,0,0,0,0,0,0,0,0,0,0,0,"D",2318,14376
-0.351213721053952,-0.0473135934657724,-2.06426804631404,1,0,1,1,1,0,0,0,0,0,0,0,0,0,0,0,"D",1059,14377
-0.315720012557538,0.1041789170191,-0.864917812448521,1,0,1,1,1,0,0,0,0,0,0,0,0,0,0,0,"D",1290,14378
-0.40764160164359,0.0595780315414683,-1.16566001983578,1,0,1,1,1,0,0,0,0,0,0,0,0,0,0,0,"D",3146,14379
-0.0907514425058511,0.0565852637454557,-0.713527277772439,1,0,1,1,1,0,0,0,0,0,0,0,0,0,0,0,"D",1594,14380
-0.238918952248051,0.110303594654979,-0.765369272430873,1,0,1,1,1,0,0,0,0,0,0,0,0,0,0,0,"D",2727,14381
-0.430354671721959,0.0680415285220223,-0.842112556216802,1,0,1,1,1,0,0,0,0,0,0,0,0,0,0,0,"D",2960,14382
-0.317387288886967,0.0287803671322282,-1.83778448848447,1,0,1,1,1,0,0,0,0,0,0,0,0,0,0,0,"D",3738,14383
-0.341290635536466,0.00787340123883251,-1.95231541300098,1,0,1,1,1,0,0,0,0,0,0,0,0,0,0,0,"D",1567,14384
-0.208012198588359,0.0195430441578099,-1.42873488421539,1,0,1,1,1,0,0,0,0,0,0,0,0,0,0,0,"D",1930,14385
-0.276055409788372,0.00536339906838712,-1.92535163349002,1,0,1,1,1,0,0,0,0,0,0,0,0,0,0,0,"D",3714,14386
-0.192455430932478,0.137677075987831,-0.214457810704454,1,0,1,1,1,0,0,0,0,0,0,0,0,0,0,0,"D",435,14387
-0.376237884914105,0.11257367445221,-0.296149862365018,1,0,1,1,1,0,0,0,0,0,0,0,0,0,0,0,"D",1461,14388
-0.153937716717439,0.021156024936039,-1.43109266861056,1,0,1,1,1,0,0,0,0,0,0,0,0,0,0,0,"D",2661,14389
-0.214759866613993,-0.0629342766503177,-2.51462288459453,1,0,1,1,1,0,0,0,0,0,0,0,0,0,0,0,"D",1967,14390
-0.178826602925363,0.0316417085077435,-1.36206292112648,1,0,1,1,1,0,0,0,0,0,0,0,0,0,0,0,"D",2087,14391
-0.251182479924121,0.0183749728628649,-1.66915012824188,1,0,1,1,1,0,0,0,0,0,0,0,0,0,0,0,"D",2137,14392
-0.380287474130475,-0.00448878202038994,-1.81131446620455,1,0,1,1,1,0,0,0,0,0,0,0,0,0,0,0,"D",2578,14393
-0.425966153875888,0.107574348199823,-0.000208287843888354,1,0,1,1,1,0,0,0,0,0,0,0,0,0,0,0,"D",899,14394
-0.250523469669045,0.148666941532778,0.750815698586192,1,0,1,1,1,0,0,0,0,0,0,0,0,0,0,0,"D",3030,14395
-0.218193774892346,0.0124745928776555,-1.61782845345044,1,0,1,1,1,0,0,0,0,0,0,0,0,0,0,0,"D",2602,14396
-0.413168707774903,0.0720692686652616,-1.40272185202854,1,0,1,1,1,0,0,0,0,0,0,0,0,0,0,0,"D",394,14397
-0.324556019308908,0.0878358813261347,-0.70926233753426,1,0,1,1,1,0,0,0,0,0,0,0,0,0,0,0,"D",3326,14398
-0.200525580749369,0.0524104639629676,-1.10991852781076,1,0,1,1,1,0,0,0,0,0,0,0,0,0,0,0,"D",2240,14399
-0.0829508039987276,0.175443745910838,-0.850761936673487,1,0,1,1,0,0,0,0,1,0,0,0,0,0,0,0,"C",491,14400
-0.151926724458137,0.126131784041803,-1.27904653027804,1,0,1,1,0,0,0,0,1,0,0,0,0,0,0,0,"C",3721,14401
-0.0773860990302644,0.108897756409562,-0.110201347189859,1,0,1,1,0,0,0,0,1,0,0,0,0,0,0,0,"C",3402,14402
-0.0925663665057294,0.0923304004628242,-0.261605393300659,1,0,1,1,0,0,0,0,1,0,0,0,0,0,0,0,"C",368,14403
-0.156687298584999,0.122791698466396,-0.88328319548681,1,0,1,1,0,0,0,0,1,0,0,0,0,0,0,0,"C",1484,14404
-0.134048824540763,0.16420863642602,-0.161101820300673,1,0,1,1,0,0,0,0,1,0,0,0,0,0,0,0,"C",2487,14405
-0.0819035438176666,0.0690424088947733,0.614835642506554,1,0,1,1,0,0,0,0,1,0,0,0,0,0,0,0,"C",1608,14406
-0.218923334343173,0.134913371995907,-0.684930415459922,1,0,1,1,0,0,0,0,1,0,0,0,0,0,0,0,"C",1462,14407
-0.16374179231613,0.0900160348459358,-0.816048989062818,1,0,1,1,0,0,0,0,1,0,0,0,0,0,0,0,"C",3495,14408
-0.187204771313221,0.157494967441493,-0.312097160895645,1,0,1,1,0,0,0,0,1,0,0,0,0,0,0,0,"C",3583,14409
-0.114493793059174,0.1199688822697,-0.1903334319213,1,0,1,1,0,0,0,0,1,0,0,0,0,0,0,0,"C",1747,14410
-0.185352738737596,0.177526790118078,-1.27013230766506,1,0,1,1,0,0,0,0,1,0,0,0,0,0,0,0,"C",344,14411
-0.146061050060579,0.126224612648798,-0.00611335788182224,1,0,1,1,0,0,0,0,1,0,0,0,0,0,0,0,"C",3343,14412
-0.0853669502751447,0.0372409845405879,-1.04093953222892,1,0,1,1,0,0,0,0,1,0,0,0,0,0,0,0,"C",2191,14413
-0.190855286957436,0.196217374265669,-0.121990578650499,1,0,1,1,0,0,0,0,1,0,0,0,0,0,0,0,"C",2986,14414
-0.11839538985326,0.103814051390659,0.105832465719682,1,0,1,1,0,0,0,0,1,0,0,0,0,0,0,0,"C",3527,14415
-0.15351366851224,0.0585340329034997,0.0443429140837849,1,0,1,1,0,0,0,0,1,0,0,0,0,0,0,0,"C",3748,14416
-0.0989996345377606,0.0612286923250211,0.0951900698409229,1,0,1,1,0,0,0,0,1,0,0,0,0,0,0,0,"C",930,14417
-0.0320844730386887,0.0338644195397224,0.583830950544419,1,0,1,1,0,0,0,0,1,0,0,0,0,0,0,0,"C",1560,14418
-0.112853526292771,0.0985941437633333,-1.62678137076613,1,0,1,1,0,0,0,0,1,0,0,0,0,0,0,0,"C",1549,14419
-0.251056347980702,0.141243399895732,-0.903612058375237,1,0,1,1,0,0,0,0,1,0,0,0,0,0,0,0,"C",3423,14420
-0.137697295864003,0.154388551662085,-0.655305262123541,1,0,1,1,0,0,0,0,1,0,0,0,0,0,0,0,"C",3464,14421
-0.107370006230362,0.114568507881369,-0.387056036604382,1,0,1,1,0,0,0,0,1,0,0,0,0,0,0,0,"C",1646,14422
-0.102298253220416,0.0736437661337964,-0.00184736242461494,1,0,1,1,0,0,0,0,1,0,0,0,0,0,0,0,"C",2823,14423
-0.145297968623271,0.0985480089383084,-0.00981750666542169,1,0,1,1,0,0,0,0,1,0,0,0,0,0,0,0,"C",2022,14424
-0.20056502760877,0.226596793554665,-1.57550813659779,1,0,1,1,0,0,0,0,1,0,0,0,0,0,0,0,"C",1255,14425
-0.175738671071767,0.15142465882036,-1.26599009677259,1,0,1,1,0,0,0,0,1,0,0,0,0,0,0,0,"C",1691,14426
-0.213205641549964,0.137908004462121,-0.413073564788249,1,0,1,1,0,0,0,0,1,0,0,0,0,0,0,0,"C",3414,14427
-0.259497670357961,0.175644708708399,-0.895598213133996,1,0,1,1,0,0,0,0,1,0,0,0,0,0,0,0,"C",1362,14428
-0.118073467394916,0.132782095382216,-0.696910941920435,1,0,1,1,0,0,0,0,1,0,0,0,0,0,0,0,"C",2845,14429
-0.198563779417946,0.221079008789536,-0.776890127764626,1,0,1,1,0,0,0,0,1,0,0,0,0,0,0,0,"C",2333,14430
-0.1842124338817,0.137849800888464,-0.401431305105309,1,0,1,1,0,0,0,0,1,0,0,0,0,0,0,0,"C",2005,14431
-0.139906374953068,0.146205426951114,-2.05494419652811,1,0,1,1,0,0,0,0,1,0,0,0,0,0,0,0,"C",2937,14432
-0.0584014198194717,0.0753057210576442,0.97651547586614,1,0,1,1,0,0,0,0,1,0,0,0,0,0,0,0,"C",1628,14433
-0.135415672649906,0.0442246199835496,0.739215084980186,1,0,1,1,0,0,0,0,1,0,0,0,0,0,0,0,"C",3122,14434
-0.284363136540322,0.27214294197926,-1.13212896913893,1,0,1,1,0,0,0,0,1,0,0,0,0,0,0,0,"C",666,14435
-0.132565022551595,0.0923813227288192,-0.0273328915423026,1,0,1,1,0,0,0,0,1,0,0,0,0,0,0,0,"C",1125,14436
-0.0285249860428826,0.127168995245644,-0.0776902318251667,1,0,1,1,0,0,0,0,1,0,0,0,0,0,0,0,"C",33,14437
-0.137682449356901,0.186843235927753,-1.44407628435675,1,0,1,1,0,0,0,0,1,0,0,0,0,0,0,0,"C",1671,14438
-0.0571131842802097,0.105987096449414,0.0381413672138265,1,0,1,1,0,0,0,0,1,0,0,0,0,0,0,0,"C",2714,14439
-0.118795561900068,0.0857634520835883,-1.08669571180171,1,0,1,1,0,0,0,0,1,0,0,0,0,0,0,0,"C",946,14440
-0.141178804729031,0.123253426867943,0.0166233018148324,1,0,1,1,0,0,0,0,1,0,0,0,0,0,0,0,"C",2718,14441
-0.127614064037363,0.116512915083413,0.159769768203174,1,0,1,1,0,0,0,0,1,0,0,0,0,0,0,0,"C",2372,14442
-0.179795696879901,0.0973917348632072,-0.838379809435805,1,0,1,1,0,0,0,0,1,0,0,0,0,0,0,0,"C",1117,14443
-0.17872521673127,0.156822543288879,-1.89620882322368,1,0,1,1,0,0,0,0,1,0,0,0,0,0,0,0,"C",3186,14444
-0.0745250006286202,0.0889006523028348,-0.785633297955098,1,0,1,1,0,0,0,0,1,0,0,0,0,0,0,0,"C",2648,14445
-0.146996109589124,0.174181762396995,-1.37397876128583,1,0,1,1,0,0,0,0,1,0,0,0,0,0,0,0,"C",3379,14446
-0.0728284128564733,0.114034188061306,-0.728246445782074,1,0,1,1,0,0,0,0,1,0,0,0,0,0,0,0,"C",2742,14447
-0.159419578870842,0.153551165117966,-0.442327912713851,1,0,1,1,0,0,0,0,1,0,0,0,0,0,0,0,"C",2336,14448
-0.152741166025305,0.20712076442316,-1.12647514252586,1,0,1,1,0,0,0,0,1,0,0,0,0,0,0,0,"C",267,14449
-0.187524415591431,0.136818726100271,-0.86043127024257,1,0,1,1,0,0,0,0,1,0,0,0,0,0,0,0,"C",1359,14450
-0.164052743121665,0.12730179110471,-0.295691931317808,1,0,1,1,0,0,0,0,1,0,0,0,0,0,0,0,"C",1441,14451
-0.110474851664745,0.0791109043153699,-1.74611839602294,1,0,1,1,0,0,0,0,1,0,0,0,0,0,0,0,"C",1962,14452
-0.0868940880995853,0.16037284739059,-0.415043390646058,1,0,1,1,0,0,0,0,1,0,0,0,0,0,0,0,"C",3717,14453
-0.202856786366384,0.121966538370013,-0.364517365425218,1,0,1,1,0,0,0,0,1,0,0,0,0,0,0,0,"C",347,14454
-0.13916187485288,0.10596278477926,-0.114876234025805,1,0,1,1,0,0,0,0,1,0,0,0,0,0,0,0,"C",2090,14455
-0.121384422441015,0.115751723802221,-0.00190349596920035,1,0,1,1,0,0,0,0,1,0,0,0,0,0,0,0,"C",3406,14456
-0.132800151227448,0.0870489069928566,-0.538388674017273,1,0,1,1,0,0,0,0,1,0,0,0,0,0,0,0,"C",2061,14457
-0.204678737176172,0.190004561628728,-0.868038077126627,1,0,1,1,0,0,0,0,1,0,0,0,0,0,0,0,"C",3699,14458
-0.0774028253074397,0.0681230545028347,0.491710769164444,1,0,1,1,0,0,0,0,1,0,0,0,0,0,0,0,"C",1385,14459
-0.110286736589534,0.0531567522163195,0.835401493314332,1,0,1,1,0,0,0,0,1,0,0,0,0,0,0,0,"C",729,14460
-0.0803188865050629,0.124234847474934,-0.252312822616655,1,0,1,1,0,0,0,0,1,0,0,0,0,0,0,0,"C",712,14461
-0.156579103206525,0.152796232206649,-0.618294711914366,1,0,1,1,0,0,0,0,1,0,0,0,0,0,0,0,"C",656,14462
-0.129371383492106,0.0713972118263777,0.374889051493901,1,0,1,1,0,0,0,0,1,0,0,0,0,0,0,0,"C",1397,14463
-0.180814811685579,0.094356204057383,-1.37253923047811,1,0,1,1,0,0,0,0,1,0,0,0,0,0,0,0,"C",2074,14464
-0.14028212816502,0.159604138646821,-0.390202632912412,1,0,1,1,0,0,0,0,1,0,0,0,0,0,0,0,"C",857,14465
-0.133826253399236,0.0605269827201831,0.44543871803007,1,0,1,1,0,0,0,0,1,0,0,0,0,0,0,0,"C",2257,14466
-0.193105759964001,0.15898583956513,-0.0306559926496181,1,0,1,1,0,0,0,0,1,0,0,0,0,0,0,0,"C",1072,14467
-0.124833382405195,0.204712521802043,-1.21303212821319,1,0,1,1,0,0,0,0,1,0,0,0,0,0,0,0,"C",1687,14468
-0.163279871344724,0.167045331281181,-0.929244495271775,1,0,1,1,0,0,0,0,1,0,0,0,0,0,0,0,"C",2575,14469
-0.130377980665554,0.143945825501679,-0.379614409764091,1,0,1,1,0,0,0,0,1,0,0,0,0,0,0,0,"C",3006,14470
-0.154896433673466,0.139036655935136,-1.30248005939783,1,0,1,1,0,0,0,0,1,0,0,0,0,0,0,0,"C",3732,14471
-0.0806239864628666,0.116153508633511,-1.48709305148605,1,0,1,1,0,0,0,0,1,0,0,0,0,0,0,0,"C",482,14472
-0.0357983697828564,0.0649752495845129,0.545257088013787,1,0,1,1,0,0,0,0,1,0,0,0,0,0,0,0,"C",1341,14473
-0.156633114832931,0.113024238299603,-0.301717790589114,1,0,1,1,0,0,0,0,1,0,0,0,0,0,0,0,"C",3204,14474
-0.0936013614118519,0.137734328449539,-0.664732900370933,1,0,1,1,0,0,0,0,1,0,0,0,0,0,0,0,"C",1763,14475
-0.114887458989073,0.0848461650702958,0.529556801180391,1,0,1,1,0,0,0,0,1,0,0,0,0,0,0,0,"C",2318,14476
-0.184500292961285,0.144052284797563,-0.507169685368462,1,0,1,1,0,0,0,0,1,0,0,0,0,0,0,0,"C",1059,14477
-0.118431006552189,0.161739244698882,-1.51125043781775,1,0,1,1,0,0,0,0,1,0,0,0,0,0,0,0,"C",1290,14478
-0.0833184814440598,0.136076664508348,0.117574133831013,1,0,1,1,0,0,0,0,1,0,0,0,0,0,0,0,"C",3146,14479
-0.183155749131506,0.176905585512795,-1.10247862126771,1,0,1,1,0,0,0,0,1,0,0,0,0,0,0,0,"C",1594,14480
-0.122487152521664,0.181648587127404,-0.55902506987594,1,0,1,1,0,0,0,0,1,0,0,0,0,0,0,0,"C",2727,14481
-0.088364748762647,0.151044425843514,-0.899313246907124,1,0,1,1,0,0,0,0,1,0,0,0,0,0,0,0,"C",2960,14482
-0.0932464472575872,0.152846638372326,0.0703410543992905,1,0,1,1,0,0,0,0,1,0,0,0,0,0,0,0,"C",3738,14483
-0.160052009169631,0.102796901312852,-0.270722125324415,1,0,1,1,0,0,0,0,1,0,0,0,0,0,0,0,"C",1567,14484
-0.073510610835334,0.048669264657874,0.00275518533126668,1,0,1,1,0,0,0,0,1,0,0,0,0,0,0,0,"C",1930,14485
-0.146322295177291,0.150382885427021,-0.701067805170846,1,0,1,1,0,0,0,0,1,0,0,0,0,0,0,0,"C",3714,14486
-0.0767069764850763,0.0811805703023396,0.958413863329196,1,0,1,1,0,0,0,0,1,0,0,0,0,0,0,0,"C",435,14487
-0.0723232305579398,0.0930088052655043,-0.40605186497402,1,0,1,1,0,0,0,0,1,0,0,0,0,0,0,0,"C",1461,14488
-0.0900913967451304,0.0840043181775709,-0.243441679136563,1,0,1,1,0,0,0,0,1,0,0,0,0,0,0,0,"C",2661,14489
-0.141571692235803,0.180394943269058,-0.728784824196702,1,0,1,1,0,0,0,0,1,0,0,0,0,0,0,0,"C",1967,14490
-0.137668289957402,0.139578914915109,-0.932422684742017,1,0,1,1,0,0,0,0,1,0,0,0,0,0,0,0,"C",2087,14491
-0.126611705188187,0.180365329039612,-0.433210819653914,1,0,1,1,0,0,0,0,1,0,0,0,0,0,0,0,"C",2137,14492
-0.129618491976707,0.109372735467474,-0.676943044075035,1,0,1,1,0,0,0,0,1,0,0,0,0,0,0,0,"C",2578,14493
-0.165497016404757,0.144792822949842,-0.382521401146885,1,0,1,1,0,0,0,0,1,0,0,0,0,0,0,0,"C",899,14494
-0.177303273249738,0.110060668705342,-0.377115935412397,1,0,1,1,0,0,0,0,1,0,0,0,0,0,0,0,"C",3030,14495
-0.136346549099087,0.16481845828699,-0.556816603990524,1,0,1,1,0,0,0,0,1,0,0,0,0,0,0,0,"C",2602,14496
-0.0390055231137077,0.0687144232546154,0.473249332513382,1,0,1,1,0,0,0,0,1,0,0,0,0,0,0,0,"C",394,14497
-0.186671260529172,0.168947430874852,-0.90393678547058,1,0,1,1,0,0,0,0,1,0,0,0,0,0,0,0,"C",3326,14498
-0.198752949434829,0.107398280189199,-0.149728925662975,1,0,1,1,0,0,0,0,1,0,0,0,0,0,0,0,"C",2240,14499
-0.186217114399693,0.0488429341891239,-0.704557312428349,1,0,1,1,0,0,0,0,1,0,0,0,0,0,0,0,"D",491,14500
-0.108812176768876,0.11821151938293,-0.0989845482069925,1,0,1,1,0,0,0,0,1,0,0,0,0,0,0,0,"D",3721,14501
-0.342850202430891,0.297729350103817,0.346932590578404,1,0,1,1,0,0,0,0,1,0,0,0,0,0,0,0,"D",3402,14502
-0.122019578023397,0.143803802251338,0.492845042498898,1,0,1,1,0,0,0,0,1,0,0,0,0,0,0,0,"D",368,14503
-0.200051677823948,0.18085605031574,0.672208169396073,1,0,1,1,0,0,0,0,1,0,0,0,0,0,0,0,"D",1484,14504
-0.19717158698846,0.238556715630249,1.72186829182834,1,0,1,1,0,0,0,0,1,0,0,0,0,0,0,0,"D",2487,14505
-0.231083307304742,0.232330077336185,1.94683965507266,1,0,1,1,0,0,0,0,1,0,0,0,0,0,0,0,"D",1608,14506
-0.285245845196091,0.237788517240869,-0.177251956313475,1,0,1,1,0,0,0,0,1,0,0,0,0,0,0,0,"D",1462,14507
-0.311726310913984,0.231090370793587,0.188548451063565,1,0,1,1,0,0,0,0,1,0,0,0,0,0,0,0,"D",3495,14508
-0.0982731814701261,0.164857938649891,1.12149747427653,1,0,1,1,0,0,0,0,1,0,0,0,0,0,0,0,"D",3583,14509
0.0225894285246377,0.115127543227964,-0.159433759786325,1,0,1,1,0,0,0,0,1,0,0,0,0,0,0,0,"D",1747,14510
-0.139195181788743,0.125069810950512,-0.063595516816241,1,0,1,1,0,0,0,0,1,0,0,0,0,0,0,0,"D",344,14511
-0.253849213278914,0.210785629413345,1.2526556463898,1,0,1,1,0,0,0,0,1,0,0,0,0,0,0,0,"D",3343,14512
-0.201647821874834,0.106464870227614,-0.981648880634589,1,0,1,1,0,0,0,0,1,0,0,0,0,0,0,0,"D",2191,14513
-0.240734938972059,0.0737412983424852,-0.0646324131213433,1,0,1,1,0,0,0,0,1,0,0,0,0,0,0,0,"D",2986,14514
-0.177147522159422,0.12304738121422,0.0183466436264544,1,0,1,1,0,0,0,0,1,0,0,0,0,0,0,0,"D",3527,14515
-0.130993071583246,0.144611020046412,-0.211954415246534,1,0,1,1,0,0,0,0,1,0,0,0,0,0,0,0,"D",3748,14516
-0.145345941395581,0.123758983689397,-0.128370534988722,1,0,1,1,0,0,0,0,1,0,0,0,0,0,0,0,"D",930,14517
-0.32183629889501,0.291331547490158,-0.286154901321635,1,0,1,1,0,0,0,0,1,0,0,0,0,0,0,0,"D",1560,14518
-0.138779852769434,0.0927647199879157,-1.39416740427421,1,0,1,1,0,0,0,0,1,0,0,0,0,0,0,0,"D",1549,14519
-0.259275210854019,0.142466582978472,-0.0643095697502603,1,0,1,1,0,0,0,0,1,0,0,0,0,0,0,0,"D",3423,14520
-0.160673481616497,0.132841468935154,-0.463571606328589,1,0,1,1,0,0,0,0,1,0,0,0,0,0,0,0,"D",3464,14521
-0.160359056260833,0.226914075744426,1.86134365262866,1,0,1,1,0,0,0,0,1,0,0,0,0,0,0,0,"D",1646,14522
-0.20291166861819,0.0974016709024793,-1.11200445889296,1,0,1,1,0,0,0,0,1,0,0,0,0,0,0,0,"D",2823,14523
-0.231726953877447,0.204065107559231,0.240316097278734,1,0,1,1,0,0,0,0,1,0,0,0,0,0,0,0,"D",2022,14524
-0.294024260136329,0.193985439890948,-0.90304555641761,1,0,1,1,0,0,0,0,1,0,0,0,0,0,0,0,"D",1255,14525
-0.0537282455814249,0.0653486196850051,-0.281786699255835,1,0,1,1,0,0,0,0,1,0,0,0,0,0,0,0,"D",1691,14526
-0.154738721473524,0.238903054458918,-1.6133859895826,1,0,1,1,0,0,0,0,1,0,0,0,0,0,0,0,"D",3414,14527
-0.321421533722911,0.318000271514985,2.12886385086079,1,0,1,1,0,0,0,0,1,0,0,0,0,0,0,0,"D",1362,14528
-0.108721833000435,0.0556777064746604,0.354275601613022,1,0,1,1,0,0,0,0,1,0,0,0,0,0,0,0,"D",2845,14529
-0.296765087101609,0.134309993404945,-0.967455001324641,1,0,1,1,0,0,0,0,1,0,0,0,0,0,0,0,"D",2333,14530
-0.206728639476773,0.132293178567615,-0.218759746432488,1,0,1,1,0,0,0,0,1,0,0,0,0,0,0,0,"D",2005,14531
-0.371711018579275,0.356428826547806,1.36752664431362,1,0,1,1,0,0,0,0,1,0,0,0,0,0,0,0,"D",2937,14532
-0.224672059223969,0.207937445889376,-0.0108276395691445,1,0,1,1,0,0,0,0,1,0,0,0,0,0,0,0,"D",1628,14533
-0.234137652337875,0.148338527226767,1.31989811359958,1,0,1,1,0,0,0,0,1,0,0,0,0,0,0,0,"D",3122,14534
-0.116892875035303,0.0895791953713924,-0.224777716829509,1,0,1,1,0,0,0,0,1,0,0,0,0,0,0,0,"D",666,14535
-0.111321926340601,0.0938962031050908,-0.377423249120905,1,0,1,1,0,0,0,0,1,0,0,0,0,0,0,0,"D",1125,14536
-0.105805494599821,0.189987844832876,1.93745223125378,1,0,1,1,0,0,0,0,1,0,0,0,0,0,0,0,"D",33,14537
-0.282707494433873,0.27673672503118,2.35609225912769,1,0,1,1,0,0,0,0,1,0,0,0,0,0,0,0,"D",1671,14538
-0.165048107158095,0.283550321121967,0.790485865147926,1,0,1,1,0,0,0,0,1,0,0,0,0,0,0,0,"D",2714,14539
-0.243839930727775,0.28136403026534,1.4861945438852,1,0,1,1,0,0,0,0,1,0,0,0,0,0,0,0,"D",946,14540
-0.179532317649568,0.135353136995723,0.596297709263315,1,0,1,1,0,0,0,0,1,0,0,0,0,0,0,0,"D",2718,14541
-0.253361179544106,0.192410150709026,0.83830643750009,1,0,1,1,0,0,0,0,1,0,0,0,0,0,0,0,"D",2372,14542
-0.0836024568573009,0.11060675524187,0.518774074549583,1,0,1,1,0,0,0,0,1,0,0,0,0,0,0,0,"D",1117,14543
-0.234701494104835,0.205618300460798,1.38207217038712,1,0,1,1,0,0,0,0,1,0,0,0,0,0,0,0,"D",3186,14544
-0.302125283165072,0.255739412017309,-1.24102610868827,1,0,1,1,0,0,0,0,1,0,0,0,0,0,0,0,"D",2648,14545
-0.222881425670897,0.243947049874863,0.528027968591297,1,0,1,1,0,0,0,0,1,0,0,0,0,0,0,0,"D",3379,14546
-0.114781523437718,0.124770622742836,0.727076442995739,1,0,1,1,0,0,0,0,1,0,0,0,0,0,0,0,"D",2742,14547
-0.291903656644057,0.220834824794221,-0.379201121849465,1,0,1,1,0,0,0,0,1,0,0,0,0,0,0,0,"D",2336,14548
-0.149401941282868,0.149672877296104,-0.570836795684266,1,0,1,1,0,0,0,0,1,0,0,0,0,0,0,0,"D",267,14549
-0.281874945456256,0.165276058399714,0.505304340785472,1,0,1,1,0,0,0,0,1,0,0,0,0,0,0,0,"D",1359,14550
-0.205196020328167,0.154160013784529,-1.36400624081216,1,0,1,1,0,0,0,0,1,0,0,0,0,0,0,0,"D",1441,14551
-0.0978058306743307,0.121824907229804,1.29173131781801,1,0,1,1,0,0,0,0,1,0,0,0,0,0,0,0,"D",1962,14552
-0.206110187132405,0.24497658207436,2.09973565844778,1,0,1,1,0,0,0,0,1,0,0,0,0,0,0,0,"D",3717,14553
-0.142390251584426,0.155802597775851,0.674042127563252,1,0,1,1,0,0,0,0,1,0,0,0,0,0,0,0,"D",347,14554
-0.288043036128477,0.229456180985785,1.72795571386511,1,0,1,1,0,0,0,0,1,0,0,0,0,0,0,0,"D",2090,14555
-0.312127360682148,0.258290277106532,-1.21099830239755,1,0,1,1,0,0,0,0,1,0,0,0,0,0,0,0,"D",3406,14556
-0.0946978173523921,0.110434287571053,-1.49410035640788,1,0,1,1,0,0,0,0,1,0,0,0,0,0,0,0,"D",2061,14557
-0.0789135142445554,0.0759424824829718,1.32445630692329,1,0,1,1,0,0,0,0,1,0,0,0,0,0,0,0,"D",3699,14558
-0.283998386411322,0.277056947044326,-0.840393621509846,1,0,1,1,0,0,0,0,1,0,0,0,0,0,0,0,"D",1385,14559
-0.32679227217379,0.240104316618755,0.932721664431834,1,0,1,1,0,0,0,0,1,0,0,0,0,0,0,0,"D",729,14560
-0.219824855098029,0.280191857077077,1.89928594231291,1,0,1,1,0,0,0,0,1,0,0,0,0,0,0,0,"D",712,14561
-0.30921746167102,0.321666874308512,1.37644705580688,1,0,1,1,0,0,0,0,1,0,0,0,0,0,0,0,"D",656,14562
-0.123567131604936,0.126371392239913,-1.45502135197459,1,0,1,1,0,0,0,0,1,0,0,0,0,0,0,0,"D",1397,14563
-0.126335377899708,0.206679919817963,0.111173385207288,1,0,1,1,0,0,0,0,1,0,0,0,0,0,0,0,"D",2074,14564
-0.135634728521731,0.225473942473754,1.6586539624848,1,0,1,1,0,0,0,0,1,0,0,0,0,0,0,0,"D",857,14565
-0.268120950350838,0.170302579122545,-0.420828497046214,1,0,1,1,0,0,0,0,1,0,0,0,0,0,0,0,"D",2257,14566
-0.201892943064273,0.231961942673839,0.31934463315892,1,0,1,1,0,0,0,0,1,0,0,0,0,0,0,0,"D",1072,14567
-0.314927350765355,0.161784147847068,-1.38616185264037,1,0,1,1,0,0,0,0,1,0,0,0,0,0,0,0,"D",1687,14568
-0.173148347696725,0.174280609484742,0.955020655054613,1,0,1,1,0,0,0,0,1,0,0,0,0,0,0,0,"D",2575,14569
-0.205182556512986,0.207945806675032,1.90602153925577,1,0,1,1,0,0,0,0,1,0,0,0,0,0,0,0,"D",3006,14570
-0.299637500211133,0.189341301496571,1.48529730483004,1,0,1,1,0,0,0,0,1,0,0,0,0,0,0,0,"D",3732,14571
-0.209000002655466,0.179928159269678,2.26962930966727,1,0,1,1,0,0,0,0,1,0,0,0,0,0,0,0,"D",482,14572
-0.171691754521033,0.13850190793695,0.611959276807548,1,0,1,1,0,0,0,0,1,0,0,0,0,0,0,0,"D",1341,14573
-0.142580065927399,0.172489234639601,1.65351467426804,1,0,1,1,0,0,0,0,1,0,0,0,0,0,0,0,"D",3204,14574
-0.23988195096681,0.223687389422626,2.13366349689086,1,0,1,1,0,0,0,0,1,0,0,0,0,0,0,0,"D",1763,14575
-0.275337131805445,0.232807923417762,-0.322395737545275,1,0,1,1,0,0,0,0,1,0,0,0,0,0,0,0,"D",2318,14576
-0.181935182350597,0.096259330106378,0.222659557785421,1,0,1,1,0,0,0,0,1,0,0,0,0,0,0,0,"D",1059,14577
-0.233184859438778,0.130271409938642,-0.00519965390718181,1,0,1,1,0,0,0,0,1,0,0,0,0,0,0,0,"D",1290,14578
-0.314696771596917,0.200442619500266,0.891565432077516,1,0,1,1,0,0,0,0,1,0,0,0,0,0,0,0,"D",3146,14579
-0.124967574601778,0.0862568092850773,0.359633444040762,1,0,1,1,0,0,0,0,1,0,0,0,0,0,0,0,"D",1594,14580
-0.219196625885483,0.218774858327792,-0.638540542324395,1,0,1,1,0,0,0,0,1,0,0,0,0,0,0,0,"D",2727,14581
-0.284834630335616,0.21407870666999,1.5288617295327,1,0,1,1,0,0,0,0,1,0,0,0,0,0,0,0,"D",2960,14582
-0.167586036871896,0.208657807897727,-0.985771768989614,1,0,1,1,0,0,0,0,1,0,0,0,0,0,0,0,"D",3738,14583
-0.249712015911735,0.102956296694795,-0.815991708972726,1,0,1,1,0,0,0,0,1,0,0,0,0,0,0,0,"D",1567,14584
-0.152013457138914,0.183593173255458,-0.743954508006159,1,0,1,1,0,0,0,0,1,0,0,0,0,0,0,0,"D",1930,14585
-0.160698066857407,0.0888714521362738,-0.938140008505465,1,0,1,1,0,0,0,0,1,0,0,0,0,0,0,0,"D",3714,14586
-0.204804726096969,0.183783658459706,-0.334228711702123,1,0,1,1,0,0,0,0,1,0,0,0,0,0,0,0,"D",435,14587
-0.245607984388514,0.238684625308546,1.62848723885779,1,0,1,1,0,0,0,0,1,0,0,0,0,0,0,0,"D",1461,14588
-0.0590984981746285,0.0887964105638895,-0.535518160010139,1,0,1,1,0,0,0,0,1,0,0,0,0,0,0,0,"D",2661,14589
-0.0638548953697503,0.0338100105218556,-0.456468995494837,1,0,1,1,0,0,0,0,1,0,0,0,0,0,0,0,"D",1967,14590
-0.145928283110277,0.143966087162926,0.346573530546365,1,0,1,1,0,0,0,0,1,0,0,0,0,0,0,0,"D",2087,14591
-0.164617602795694,0.112364879266511,1.06906540066201,1,0,1,1,0,0,0,0,1,0,0,0,0,0,0,0,"D",2137,14592
-0.230115510925618,0.177213221275516,1.34679216098731,1,0,1,1,0,0,0,0,1,0,0,0,0,0,0,0,"D",2578,14593
-0.272484818452353,0.236948414037669,2.42078579381459,1,0,1,1,0,0,0,0,1,0,0,0,0,0,0,0,"D",899,14594
-0.237667515576359,0.185434547287909,0.90256293732905,1,0,1,1,0,0,0,0,1,0,0,0,0,0,0,0,"D",3030,14595
-0.206146650306165,0.10940363246657,0.557224130527374,1,0,1,1,0,0,0,0,1,0,0,0,0,0,0,0,"D",2602,14596
-0.288754424657733,0.177421042215115,-0.407378938940593,1,0,1,1,0,0,0,0,1,0,0,0,0,0,0,0,"D",394,14597
-0.294926354314278,0.172624846556897,0.492248369845681,1,0,1,1,0,0,0,0,1,0,0,0,0,0,0,0,"D",3326,14598
-0.169597295885526,0.112642126638049,-0.765522929605666,1,0,1,1,0,0,0,0,1,0,0,0,0,0,0,0,"D",2240,14599
NA,NA,NA,1,0,1,1,0,0,0,0,0,1,0,0,0,0,0,0,"C",491,14600
NA,NA,NA,1,0,1,1,0,0,0,0,0,1,0,0,0,0,0,0,"C",3721,14601
NA,NA,NA,1,0,1,1,0,0,0,0,0,1,0,0,0,0,0,0,"C",3402,14602
NA,NA,NA,1,0,1,1,0,0,0,0,0,1,0,0,0,0,0,0,"C",368,14603
NA,NA,NA,1,0,1,1,0,0,0,0,0,1,0,0,0,0,0,0,"C",1484,14604
NA,NA,NA,1,0,1,1,0,0,0,0,0,1,0,0,0,0,0,0,"C",2487,14605
NA,NA,NA,1,0,1,1,0,0,0,0,0,1,0,0,0,0,0,0,"C",1608,14606
NA,NA,NA,1,0,1,1,0,0,0,0,0,1,0,0,0,0,0,0,"C",1462,14607
NA,NA,NA,1,0,1,1,0,0,0,0,0,1,0,0,0,0,0,0,"C",3495,14608
NA,NA,NA,1,0,1,1,0,0,0,0,0,1,0,0,0,0,0,0,"C",3583,14609
NA,NA,NA,1,0,1,1,0,0,0,0,0,1,0,0,0,0,0,0,"C",1747,14610
NA,NA,NA,1,0,1,1,0,0,0,0,0,1,0,0,0,0,0,0,"C",344,14611
NA,NA,NA,1,0,1,1,0,0,0,0,0,1,0,0,0,0,0,0,"C",3343,14612
NA,NA,NA,1,0,1,1,0,0,0,0,0,1,0,0,0,0,0,0,"C",2191,14613
NA,NA,NA,1,0,1,1,0,0,0,0,0,1,0,0,0,0,0,0,"C",2986,14614
NA,NA,NA,1,0,1,1,0,0,0,0,0,1,0,0,0,0,0,0,"C",3527,14615
NA,NA,NA,1,0,1,1,0,0,0,0,0,1,0,0,0,0,0,0,"C",3748,14616
NA,NA,NA,1,0,1,1,0,0,0,0,0,1,0,0,0,0,0,0,"C",930,14617
NA,NA,NA,1,0,1,1,0,0,0,0,0,1,0,0,0,0,0,0,"C",1560,14618
NA,NA,NA,1,0,1,1,0,0,0,0,0,1,0,0,0,0,0,0,"C",1549,14619
NA,NA,NA,1,0,1,1,0,0,0,0,0,1,0,0,0,0,0,0,"C",3423,14620
NA,NA,NA,1,0,1,1,0,0,0,0,0,1,0,0,0,0,0,0,"C",3464,14621
NA,NA,NA,1,0,1,1,0,0,0,0,0,1,0,0,0,0,0,0,"C",1646,14622
NA,NA,NA,1,0,1,1,0,0,0,0,0,1,0,0,0,0,0,0,"C",2823,14623
NA,NA,NA,1,0,1,1,0,0,0,0,0,1,0,0,0,0,0,0,"C",2022,14624
NA,NA,NA,1,0,1,1,0,0,0,0,0,1,0,0,0,0,0,0,"C",1255,14625
NA,NA,NA,1,0,1,1,0,0,0,0,0,1,0,0,0,0,0,0,"C",1691,14626
NA,NA,NA,1,0,1,1,0,0,0,0,0,1,0,0,0,0,0,0,"C",3414,14627
NA,NA,NA,1,0,1,1,0,0,0,0,0,1,0,0,0,0,0,0,"C",1362,14628
NA,NA,NA,1,0,1,1,0,0,0,0,0,1,0,0,0,0,0,0,"C",2845,14629
NA,NA,NA,1,0,1,1,0,0,0,0,0,1,0,0,0,0,0,0,"C",2333,14630
NA,NA,NA,1,0,1,1,0,0,0,0,0,1,0,0,0,0,0,0,"C",2005,14631
NA,NA,NA,1,0,1,1,0,0,0,0,0,1,0,0,0,0,0,0,"C",2937,14632
NA,NA,NA,1,0,1,1,0,0,0,0,0,1,0,0,0,0,0,0,"C",1628,14633
NA,NA,NA,1,0,1,1,0,0,0,0,0,1,0,0,0,0,0,0,"C",3122,14634
NA,NA,NA,1,0,1,1,0,0,0,0,0,1,0,0,0,0,0,0,"C",666,14635
NA,NA,NA,1,0,1,1,0,0,0,0,0,1,0,0,0,0,0,0,"C",1125,14636
NA,NA,NA,1,0,1,1,0,0,0,0,0,1,0,0,0,0,0,0,"C",33,14637
NA,NA,NA,1,0,1,1,0,0,0,0,0,1,0,0,0,0,0,0,"C",1671,14638
NA,NA,NA,1,0,1,1,0,0,0,0,0,1,0,0,0,0,0,0,"C",2714,14639
NA,NA,NA,1,0,1,1,0,0,0,0,0,1,0,0,0,0,0,0,"C",946,14640
NA,NA,NA,1,0,1,1,0,0,0,0,0,1,0,0,0,0,0,0,"C",2718,14641
NA,NA,NA,1,0,1,1,0,0,0,0,0,1,0,0,0,0,0,0,"C",2372,14642
NA,NA,NA,1,0,1,1,0,0,0,0,0,1,0,0,0,0,0,0,"C",1117,14643
NA,NA,NA,1,0,1,1,0,0,0,0,0,1,0,0,0,0,0,0,"C",3186,14644
NA,NA,NA,1,0,1,1,0,0,0,0,0,1,0,0,0,0,0,0,"C",2648,14645
NA,NA,NA,1,0,1,1,0,0,0,0,0,1,0,0,0,0,0,0,"C",3379,14646
NA,NA,NA,1,0,1,1,0,0,0,0,0,1,0,0,0,0,0,0,"C",2742,14647
NA,NA,NA,1,0,1,1,0,0,0,0,0,1,0,0,0,0,0,0,"C",2336,14648
NA,NA,NA,1,0,1,1,0,0,0,0,0,1,0,0,0,0,0,0,"C",267,14649
NA,NA,NA,1,0,1,1,0,0,0,0,0,1,0,0,0,0,0,0,"C",1359,14650
NA,NA,NA,1,0,1,1,0,0,0,0,0,1,0,0,0,0,0,0,"C",1441,14651
NA,NA,NA,1,0,1,1,0,0,0,0,0,1,0,0,0,0,0,0,"C",1962,14652
NA,NA,NA,1,0,1,1,0,0,0,0,0,1,0,0,0,0,0,0,"C",3717,14653
NA,NA,NA,1,0,1,1,0,0,0,0,0,1,0,0,0,0,0,0,"C",347,14654
NA,NA,NA,1,0,1,1,0,0,0,0,0,1,0,0,0,0,0,0,"C",2090,14655
NA,NA,NA,1,0,1,1,0,0,0,0,0,1,0,0,0,0,0,0,"C",3406,14656
NA,NA,NA,1,0,1,1,0,0,0,0,0,1,0,0,0,0,0,0,"C",2061,14657
NA,NA,NA,1,0,1,1,0,0,0,0,0,1,0,0,0,0,0,0,"C",3699,14658
NA,NA,NA,1,0,1,1,0,0,0,0,0,1,0,0,0,0,0,0,"C",1385,14659
NA,NA,NA,1,0,1,1,0,0,0,0,0,1,0,0,0,0,0,0,"C",729,14660
NA,NA,NA,1,0,1,1,0,0,0,0,0,1,0,0,0,0,0,0,"C",712,14661
NA,NA,NA,1,0,1,1,0,0,0,0,0,1,0,0,0,0,0,0,"C",656,14662
NA,NA,NA,1,0,1,1,0,0,0,0,0,1,0,0,0,0,0,0,"C",1397,14663
NA,NA,NA,1,0,1,1,0,0,0,0,0,1,0,0,0,0,0,0,"C",2074,14664
NA,NA,NA,1,0,1,1,0,0,0,0,0,1,0,0,0,0,0,0,"C",857,14665
NA,NA,NA,1,0,1,1,0,0,0,0,0,1,0,0,0,0,0,0,"C",2257,14666
NA,NA,NA,1,0,1,1,0,0,0,0,0,1,0,0,0,0,0,0,"C",1072,14667
NA,NA,NA,1,0,1,1,0,0,0,0,0,1,0,0,0,0,0,0,"C",1687,14668
NA,NA,NA,1,0,1,1,0,0,0,0,0,1,0,0,0,0,0,0,"C",2575,14669
NA,NA,NA,1,0,1,1,0,0,0,0,0,1,0,0,0,0,0,0,"C",3006,14670
NA,NA,NA,1,0,1,1,0,0,0,0,0,1,0,0,0,0,0,0,"C",3732,14671
NA,NA,NA,1,0,1,1,0,0,0,0,0,1,0,0,0,0,0,0,"C",482,14672
NA,NA,NA,1,0,1,1,0,0,0,0,0,1,0,0,0,0,0,0,"C",1341,14673
NA,NA,NA,1,0,1,1,0,0,0,0,0,1,0,0,0,0,0,0,"C",3204,14674
NA,NA,NA,1,0,1,1,0,0,0,0,0,1,0,0,0,0,0,0,"C",1763,14675
NA,NA,NA,1,0,1,1,0,0,0,0,0,1,0,0,0,0,0,0,"C",2318,14676
NA,NA,NA,1,0,1,1,0,0,0,0,0,1,0,0,0,0,0,0,"C",1059,14677
NA,NA,NA,1,0,1,1,0,0,0,0,0,1,0,0,0,0,0,0,"C",1290,14678
NA,NA,NA,1,0,1,1,0,0,0,0,0,1,0,0,0,0,0,0,"C",3146,14679
NA,NA,NA,1,0,1,1,0,0,0,0,0,1,0,0,0,0,0,0,"C",1594,14680
NA,NA,NA,1,0,1,1,0,0,0,0,0,1,0,0,0,0,0,0,"C",2727,14681
NA,NA,NA,1,0,1,1,0,0,0,0,0,1,0,0,0,0,0,0,"C",2960,14682
NA,NA,NA,1,0,1,1,0,0,0,0,0,1,0,0,0,0,0,0,"C",3738,14683
NA,NA,NA,1,0,1,1,0,0,0,0,0,1,0,0,0,0,0,0,"C",1567,14684
NA,NA,NA,1,0,1,1,0,0,0,0,0,1,0,0,0,0,0,0,"C",1930,14685
NA,NA,NA,1,0,1,1,0,0,0,0,0,1,0,0,0,0,0,0,"C",3714,14686
NA,NA,NA,1,0,1,1,0,0,0,0,0,1,0,0,0,0,0,0,"C",435,14687
NA,NA,NA,1,0,1,1,0,0,0,0,0,1,0,0,0,0,0,0,"C",1461,14688
NA,NA,NA,1,0,1,1,0,0,0,0,0,1,0,0,0,0,0,0,"C",2661,14689
NA,NA,NA,1,0,1,1,0,0,0,0,0,1,0,0,0,0,0,0,"C",1967,14690
NA,NA,NA,1,0,1,1,0,0,0,0,0,1,0,0,0,0,0,0,"C",2087,14691
NA,NA,NA,1,0,1,1,0,0,0,0,0,1,0,0,0,0,0,0,"C",2137,14692
NA,NA,NA,1,0,1,1,0,0,0,0,0,1,0,0,0,0,0,0,"C",2578,14693
NA,NA,NA,1,0,1,1,0,0,0,0,0,1,0,0,0,0,0,0,"C",899,14694
NA,NA,NA,1,0,1,1,0,0,0,0,0,1,0,0,0,0,0,0,"C",3030,14695
NA,NA,NA,1,0,1,1,0,0,0,0,0,1,0,0,0,0,0,0,"C",2602,14696
NA,NA,NA,1,0,1,1,0,0,0,0,0,1,0,0,0,0,0,0,"C",394,14697
NA,NA,NA,1,0,1,1,0,0,0,0,0,1,0,0,0,0,0,0,"C",3326,14698
NA,NA,NA,1,0,1,1,0,0,0,0,0,1,0,0,0,0,0,0,"C",2240,14699
NA,NA,NA,1,0,1,1,0,0,0,0,0,1,0,0,0,0,0,0,"D",491,14700
NA,NA,NA,1,0,1,1,0,0,0,0,0,1,0,0,0,0,0,0,"D",3721,14701
NA,NA,NA,1,0,1,1,0,0,0,0,0,1,0,0,0,0,0,0,"D",3402,14702
NA,NA,NA,1,0,1,1,0,0,0,0,0,1,0,0,0,0,0,0,"D",368,14703
NA,NA,NA,1,0,1,1,0,0,0,0,0,1,0,0,0,0,0,0,"D",1484,14704
NA,NA,NA,1,0,1,1,0,0,0,0,0,1,0,0,0,0,0,0,"D",2487,14705
NA,NA,NA,1,0,1,1,0,0,0,0,0,1,0,0,0,0,0,0,"D",1608,14706
NA,NA,NA,1,0,1,1,0,0,0,0,0,1,0,0,0,0,0,0,"D",1462,14707
NA,NA,NA,1,0,1,1,0,0,0,0,0,1,0,0,0,0,0,0,"D",3495,14708
NA,NA,NA,1,0,1,1,0,0,0,0,0,1,0,0,0,0,0,0,"D",3583,14709
NA,NA,NA,1,0,1,1,0,0,0,0,0,1,0,0,0,0,0,0,"D",1747,14710
NA,NA,NA,1,0,1,1,0,0,0,0,0,1,0,0,0,0,0,0,"D",344,14711
NA,NA,NA,1,0,1,1,0,0,0,0,0,1,0,0,0,0,0,0,"D",3343,14712
NA,NA,NA,1,0,1,1,0,0,0,0,0,1,0,0,0,0,0,0,"D",2191,14713
NA,NA,NA,1,0,1,1,0,0,0,0,0,1,0,0,0,0,0,0,"D",2986,14714
NA,NA,NA,1,0,1,1,0,0,0,0,0,1,0,0,0,0,0,0,"D",3527,14715
NA,NA,NA,1,0,1,1,0,0,0,0,0,1,0,0,0,0,0,0,"D",3748,14716
NA,NA,NA,1,0,1,1,0,0,0,0,0,1,0,0,0,0,0,0,"D",930,14717
NA,NA,NA,1,0,1,1,0,0,0,0,0,1,0,0,0,0,0,0,"D",1560,14718
NA,NA,NA,1,0,1,1,0,0,0,0,0,1,0,0,0,0,0,0,"D",1549,14719
NA,NA,NA,1,0,1,1,0,0,0,0,0,1,0,0,0,0,0,0,"D",3423,14720
NA,NA,NA,1,0,1,1,0,0,0,0,0,1,0,0,0,0,0,0,"D",3464,14721
NA,NA,NA,1,0,1,1,0,0,0,0,0,1,0,0,0,0,0,0,"D",1646,14722
NA,NA,NA,1,0,1,1,0,0,0,0,0,1,0,0,0,0,0,0,"D",2823,14723
NA,NA,NA,1,0,1,1,0,0,0,0,0,1,0,0,0,0,0,0,"D",2022,14724
NA,NA,NA,1,0,1,1,0,0,0,0,0,1,0,0,0,0,0,0,"D",1255,14725
NA,NA,NA,1,0,1,1,0,0,0,0,0,1,0,0,0,0,0,0,"D",1691,14726
NA,NA,NA,1,0,1,1,0,0,0,0,0,1,0,0,0,0,0,0,"D",3414,14727
NA,NA,NA,1,0,1,1,0,0,0,0,0,1,0,0,0,0,0,0,"D",1362,14728
NA,NA,NA,1,0,1,1,0,0,0,0,0,1,0,0,0,0,0,0,"D",2845,14729
NA,NA,NA,1,0,1,1,0,0,0,0,0,1,0,0,0,0,0,0,"D",2333,14730
NA,NA,NA,1,0,1,1,0,0,0,0,0,1,0,0,0,0,0,0,"D",2005,14731
NA,NA,NA,1,0,1,1,0,0,0,0,0,1,0,0,0,0,0,0,"D",2937,14732
NA,NA,NA,1,0,1,1,0,0,0,0,0,1,0,0,0,0,0,0,"D",1628,14733
NA,NA,NA,1,0,1,1,0,0,0,0,0,1,0,0,0,0,0,0,"D",3122,14734
NA,NA,NA,1,0,1,1,0,0,0,0,0,1,0,0,0,0,0,0,"D",666,14735
NA,NA,NA,1,0,1,1,0,0,0,0,0,1,0,0,0,0,0,0,"D",1125,14736
NA,NA,NA,1,0,1,1,0,0,0,0,0,1,0,0,0,0,0,0,"D",33,14737
NA,NA,NA,1,0,1,1,0,0,0,0,0,1,0,0,0,0,0,0,"D",1671,14738
NA,NA,NA,1,0,1,1,0,0,0,0,0,1,0,0,0,0,0,0,"D",2714,14739
NA,NA,NA,1,0,1,1,0,0,0,0,0,1,0,0,0,0,0,0,"D",946,14740
NA,NA,NA,1,0,1,1,0,0,0,0,0,1,0,0,0,0,0,0,"D",2718,14741
NA,NA,NA,1,0,1,1,0,0,0,0,0,1,0,0,0,0,0,0,"D",2372,14742
NA,NA,NA,1,0,1,1,0,0,0,0,0,1,0,0,0,0,0,0,"D",1117,14743
NA,NA,NA,1,0,1,1,0,0,0,0,0,1,0,0,0,0,0,0,"D",3186,14744
NA,NA,NA,1,0,1,1,0,0,0,0,0,1,0,0,0,0,0,0,"D",2648,14745
NA,NA,NA,1,0,1,1,0,0,0,0,0,1,0,0,0,0,0,0,"D",3379,14746
NA,NA,NA,1,0,1,1,0,0,0,0,0,1,0,0,0,0,0,0,"D",2742,14747
NA,NA,NA,1,0,1,1,0,0,0,0,0,1,0,0,0,0,0,0,"D",2336,14748
NA,NA,NA,1,0,1,1,0,0,0,0,0,1,0,0,0,0,0,0,"D",267,14749
NA,NA,NA,1,0,1,1,0,0,0,0,0,1,0,0,0,0,0,0,"D",1359,14750
NA,NA,NA,1,0,1,1,0,0,0,0,0,1,0,0,0,0,0,0,"D",1441,14751
NA,NA,NA,1,0,1,1,0,0,0,0,0,1,0,0,0,0,0,0,"D",1962,14752
NA,NA,NA,1,0,1,1,0,0,0,0,0,1,0,0,0,0,0,0,"D",3717,14753
NA,NA,NA,1,0,1,1,0,0,0,0,0,1,0,0,0,0,0,0,"D",347,14754
NA,NA,NA,1,0,1,1,0,0,0,0,0,1,0,0,0,0,0,0,"D",2090,14755
NA,NA,NA,1,0,1,1,0,0,0,0,0,1,0,0,0,0,0,0,"D",3406,14756
NA,NA,NA,1,0,1,1,0,0,0,0,0,1,0,0,0,0,0,0,"D",2061,14757
NA,NA,NA,1,0,1,1,0,0,0,0,0,1,0,0,0,0,0,0,"D",3699,14758
NA,NA,NA,1,0,1,1,0,0,0,0,0,1,0,0,0,0,0,0,"D",1385,14759
NA,NA,NA,1,0,1,1,0,0,0,0,0,1,0,0,0,0,0,0,"D",729,14760
NA,NA,NA,1,0,1,1,0,0,0,0,0,1,0,0,0,0,0,0,"D",712,14761
NA,NA,NA,1,0,1,1,0,0,0,0,0,1,0,0,0,0,0,0,"D",656,14762
NA,NA,NA,1,0,1,1,0,0,0,0,0,1,0,0,0,0,0,0,"D",1397,14763
NA,NA,NA,1,0,1,1,0,0,0,0,0,1,0,0,0,0,0,0,"D",2074,14764
NA,NA,NA,1,0,1,1,0,0,0,0,0,1,0,0,0,0,0,0,"D",857,14765
NA,NA,NA,1,0,1,1,0,0,0,0,0,1,0,0,0,0,0,0,"D",2257,14766
NA,NA,NA,1,0,1,1,0,0,0,0,0,1,0,0,0,0,0,0,"D",1072,14767
NA,NA,NA,1,0,1,1,0,0,0,0,0,1,0,0,0,0,0,0,"D",1687,14768
NA,NA,NA,1,0,1,1,0,0,0,0,0,1,0,0,0,0,0,0,"D",2575,14769
NA,NA,NA,1,0,1,1,0,0,0,0,0,1,0,0,0,0,0,0,"D",3006,14770
NA,NA,NA,1,0,1,1,0,0,0,0,0,1,0,0,0,0,0,0,"D",3732,14771
NA,NA,NA,1,0,1,1,0,0,0,0,0,1,0,0,0,0,0,0,"D",482,14772
NA,NA,NA,1,0,1,1,0,0,0,0,0,1,0,0,0,0,0,0,"D",1341,14773
NA,NA,NA,1,0,1,1,0,0,0,0,0,1,0,0,0,0,0,0,"D",3204,14774
NA,NA,NA,1,0,1,1,0,0,0,0,0,1,0,0,0,0,0,0,"D",1763,14775
NA,NA,NA,1,0,1,1,0,0,0,0,0,1,0,0,0,0,0,0,"D",2318,14776
NA,NA,NA,1,0,1,1,0,0,0,0,0,1,0,0,0,0,0,0,"D",1059,14777
NA,NA,NA,1,0,1,1,0,0,0,0,0,1,0,0,0,0,0,0,"D",1290,14778
NA,NA,NA,1,0,1,1,0,0,0,0,0,1,0,0,0,0,0,0,"D",3146,14779
NA,NA,NA,1,0,1,1,0,0,0,0,0,1,0,0,0,0,0,0,"D",1594,14780
NA,NA,NA,1,0,1,1,0,0,0,0,0,1,0,0,0,0,0,0,"D",2727,14781
NA,NA,NA,1,0,1,1,0,0,0,0,0,1,0,0,0,0,0,0,"D",2960,14782
NA,NA,NA,1,0,1,1,0,0,0,0,0,1,0,0,0,0,0,0,"D",3738,14783
NA,NA,NA,1,0,1,1,0,0,0,0,0,1,0,0,0,0,0,0,"D",1567,14784
NA,NA,NA,1,0,1,1,0,0,0,0,0,1,0,0,0,0,0,0,"D",1930,14785
NA,NA,NA,1,0,1,1,0,0,0,0,0,1,0,0,0,0,0,0,"D",3714,14786
NA,NA,NA,1,0,1,1,0,0,0,0,0,1,0,0,0,0,0,0,"D",435,14787
NA,NA,NA,1,0,1,1,0,0,0,0,0,1,0,0,0,0,0,0,"D",1461,14788
NA,NA,NA,1,0,1,1,0,0,0,0,0,1,0,0,0,0,0,0,"D",2661,14789
NA,NA,NA,1,0,1,1,0,0,0,0,0,1,0,0,0,0,0,0,"D",1967,14790
NA,NA,NA,1,0,1,1,0,0,0,0,0,1,0,0,0,0,0,0,"D",2087,14791
NA,NA,NA,1,0,1,1,0,0,0,0,0,1,0,0,0,0,0,0,"D",2137,14792
NA,NA,NA,1,0,1,1,0,0,0,0,0,1,0,0,0,0,0,0,"D",2578,14793
NA,NA,NA,1,0,1,1,0,0,0,0,0,1,0,0,0,0,0,0,"D",899,14794
NA,NA,NA,1,0,1,1,0,0,0,0,0,1,0,0,0,0,0,0,"D",3030,14795
NA,NA,NA,1,0,1,1,0,0,0,0,0,1,0,0,0,0,0,0,"D",2602,14796
NA,NA,NA,1,0,1,1,0,0,0,0,0,1,0,0,0,0,0,0,"D",394,14797
NA,NA,NA,1,0,1,1,0,0,0,0,0,1,0,0,0,0,0,0,"D",3326,14798
NA,NA,NA,1,0,1,1,0,0,0,0,0,1,0,0,0,0,0,0,"D",2240,14799
-0.104565242084337,0.132685599695001,-0.598713871660634,1,0,1,1,0,0,0,0,0,0,0,0,1,0,0,0,"C",491,14800
-0.1679939108057,0.124255527893681,-0.992727165563267,1,0,1,1,0,0,0,0,0,0,0,0,1,0,0,0,"C",3721,14801
-0.132447688440535,0.0869899347239695,0.793090389137155,1,0,1,1,0,0,0,0,0,0,0,0,1,0,0,0,"C",3402,14802
-0.114924662871182,0.0544618391490592,-0.874689720128824,1,0,1,1,0,0,0,0,0,0,0,0,1,0,0,0,"C",368,14803
-0.203847618687118,0.148895466708881,-0.362145998772713,1,0,1,1,0,0,0,0,0,0,0,0,1,0,0,0,"C",1484,14804
-0.201079505031,0.166079995671795,0.822469813457303,1,0,1,1,0,0,0,0,0,0,0,0,1,0,0,0,"C",2487,14805
-0.110134854486642,0.0859932012544801,0.0657486876327743,1,0,1,1,0,0,0,0,0,0,0,0,1,0,0,0,"C",1608,14806
-0.161639178188996,0.10388296016558,-0.942712804458222,1,0,1,1,0,0,0,0,0,0,0,0,1,0,0,0,"C",1462,14807
-0.194403191970615,0.0594395946146605,-1.23817803536297,1,0,1,1,0,0,0,0,0,0,0,0,1,0,0,0,"C",3495,14808
-0.200516325424488,0.210487397630687,0.327702703080059,1,0,1,1,0,0,0,0,0,0,0,0,1,0,0,0,"C",3583,14809
-0.136384425836713,0.124811897004605,-0.227272769807399,1,0,1,1,0,0,0,0,0,0,0,0,1,0,0,0,"C",1747,14810
-0.196078448241098,0.181779120721959,-1.34303925210289,1,0,1,1,0,0,0,0,0,0,0,0,1,0,0,0,"C",344,14811
-0.195097668760436,0.150062056256704,0.835049067947827,1,0,1,1,0,0,0,0,0,0,0,0,1,0,0,0,"C",3343,14812
0.017297029357275,0.00497675329387775,-0.0451542980229562,1,0,1,1,0,0,0,0,0,0,0,0,1,0,0,0,"C",2191,14813
-0.28696696810475,0.149557106495126,0.0753862165554329,1,0,1,1,0,0,0,0,0,0,0,0,1,0,0,0,"C",2986,14814
-0.0910745230944018,0.101790547795393,-0.864671018187043,1,0,1,1,0,0,0,0,0,0,0,0,1,0,0,0,"C",3527,14815
-0.194118419932087,0.176676399883007,-0.285272981931471,1,0,1,1,0,0,0,0,0,0,0,0,1,0,0,0,"C",3748,14816
-0.130767128535255,0.179586181608151,1.05444192252543,1,0,1,1,0,0,0,0,0,0,0,0,1,0,0,0,"C",930,14817
-0.0693798077459162,0.074978601106719,-0.049476993020943,1,0,1,1,0,0,0,0,0,0,0,0,1,0,0,0,"C",1560,14818
-0.164978064718847,0.13496124112549,-0.302495646933175,1,0,1,1,0,0,0,0,0,0,0,0,1,0,0,0,"C",1549,14819
-0.184414308412494,0.138276718046522,-1.52271791744242,1,0,1,1,0,0,0,0,0,0,0,0,1,0,0,0,"C",3423,14820
-0.156930742123462,0.162808480229936,-0.714731942623765,1,0,1,1,0,0,0,0,0,0,0,0,1,0,0,0,"C",3464,14821
-0.13035296568679,0.0613899215231116,-0.59370301458766,1,0,1,1,0,0,0,0,0,0,0,0,1,0,0,0,"C",1646,14822
-0.0874769571464684,0.110213149524225,0.704068992514264,1,0,1,1,0,0,0,0,0,0,0,0,1,0,0,0,"C",2823,14823
-0.139756659254858,0.0140633044709121,-1.21645022641479,1,0,1,1,0,0,0,0,0,0,0,0,1,0,0,0,"C",2022,14824
-0.289931692067895,0.22659366394373,-0.809313108996212,1,0,1,1,0,0,0,0,0,0,0,0,1,0,0,0,"C",1255,14825
-0.31297248907251,0.0622358954391568,-1.25910976961123,1,0,1,1,0,0,0,0,0,0,0,0,1,0,0,0,"C",1691,14826
-0.17952660214698,0.0811765725689011,-0.597130893774238,1,0,1,1,0,0,0,0,0,0,0,0,1,0,0,0,"C",3414,14827
-0.266279459901418,0.219215481408096,-0.139874757424131,1,0,1,1,0,0,0,0,0,0,0,0,1,0,0,0,"C",1362,14828
-0.16711713014345,0.160649601323948,0.181103060232338,1,0,1,1,0,0,0,0,0,0,0,0,1,0,0,0,"C",2845,14829
-0.247537648420466,0.273350204665926,-0.431447952458164,1,0,1,1,0,0,0,0,0,0,0,0,1,0,0,0,"C",2333,14830
-0.178052558349783,0.21408442245509,0.117632329296892,1,0,1,1,0,0,0,0,0,0,0,0,1,0,0,0,"C",2005,14831
-0.174896074088269,0.126116297813403,-1.34710113395855,1,0,1,1,0,0,0,0,0,0,0,0,1,0,0,0,"C",2937,14832
-0.0276630764997294,0.0440500209833735,0.23083475286148,1,0,1,1,0,0,0,0,0,0,0,0,1,0,0,0,"C",1628,14833
-0.147462956282662,0.0989994924220863,0.416764347277301,1,0,1,1,0,0,0,0,0,0,0,0,1,0,0,0,"C",3122,14834
-0.244873912572601,0.220670800977795,-1.1322866672303,1,0,1,1,0,0,0,0,0,0,0,0,1,0,0,0,"C",666,14835
-0.207568620852382,0.146783191083253,0.63033906258814,1,0,1,1,0,0,0,0,0,0,0,0,1,0,0,0,"C",1125,14836
-0.0561631529075631,0.0692342355422913,0.201032309574729,1,0,1,1,0,0,0,0,0,0,0,0,1,0,0,0,"C",33,14837
-0.220795983301074,0.198060305669567,-0.717049718757444,1,0,1,1,0,0,0,0,0,0,0,0,1,0,0,0,"C",1671,14838
-0.0174873339450803,0.046498073131074,-0.458941022298348,1,0,1,1,0,0,0,0,0,0,0,0,1,0,0,0,"C",2714,14839
-0.218464331294609,0.164429611465328,0.440500726376825,1,0,1,1,0,0,0,0,0,0,0,0,1,0,0,0,"C",946,14840
-0.15392829705346,0.0874977980131194,-0.0663707708955305,1,0,1,1,0,0,0,0,0,0,0,0,1,0,0,0,"C",2718,14841
-0.132229448497742,0.152779953036831,0.479127076227504,1,0,1,1,0,0,0,0,0,0,0,0,1,0,0,0,"C",2372,14842
-0.178347147582129,0.0622544464213745,-1.14684872990418,1,0,1,1,0,0,0,0,0,0,0,0,1,0,0,0,"C",1117,14843
-0.215620446898287,0.217327292567338,-0.468839837314848,1,0,1,1,0,0,0,0,0,0,0,0,1,0,0,0,"C",3186,14844
-0.0842216752797297,0.0398143281883654,-1.18224801489109,1,0,1,1,0,0,0,0,0,0,0,0,1,0,0,0,"C",2648,14845
-0.224377490238493,0.190897101260036,-0.59353274788386,1,0,1,1,0,0,0,0,0,0,0,0,1,0,0,0,"C",3379,14846
-0.137830939775397,0.09919955377769,1.34956433403552,1,0,1,1,0,0,0,0,0,0,0,0,1,0,0,0,"C",2742,14847
-0.24128110871433,0.181188086085612,0.101478615318751,1,0,1,1,0,0,0,0,0,0,0,0,1,0,0,0,"C",2336,14848
-0.21134443302956,0.227330809140789,-0.455191845314767,1,0,1,1,0,0,0,0,0,0,0,0,1,0,0,0,"C",267,14849
-0.170639833004403,0.237156880477073,-0.890292080772522,1,0,1,1,0,0,0,0,0,0,0,0,1,0,0,0,"C",1359,14850
-0.244936140503142,0.179497084968742,0.279301716254604,1,0,1,1,0,0,0,0,0,0,0,0,1,0,0,0,"C",1441,14851
-0.203794060888311,0.145110977954277,0.503005601334014,1,0,1,1,0,0,0,0,0,0,0,0,1,0,0,0,"C",1962,14852
-0.125628721922882,0.134301749203813,-0.258131591176185,1,0,1,1,0,0,0,0,0,0,0,0,1,0,0,0,"C",3717,14853
-0.117801390539675,0.0726745404671128,-0.154616947747699,1,0,1,1,0,0,0,0,0,0,0,0,1,0,0,0,"C",347,14854
-0.175886118395489,0.177300655243104,1.73830009666797,1,0,1,1,0,0,0,0,0,0,0,0,1,0,0,0,"C",2090,14855
-0.142462436627219,0.0853203383977378,0.486496236745668,1,0,1,1,0,0,0,0,0,0,0,0,1,0,0,0,"C",3406,14856
-0.144363739163898,0.0706827021603061,0.349340670848667,1,0,1,1,0,0,0,0,0,0,0,0,1,0,0,0,"C",2061,14857
-0.233470142696469,0.219281100960582,-0.835812324156352,1,0,1,1,0,0,0,0,0,0,0,0,1,0,0,0,"C",3699,14858
-0.137801804066129,0.0285041660709202,-0.596844948151364,1,0,1,1,0,0,0,0,0,0,0,0,1,0,0,0,"C",1385,14859
-0.109720692069616,0.0540956343433241,-0.146306074073795,1,0,1,1,0,0,0,0,0,0,0,0,1,0,0,0,"C",729,14860
-0.0859122069311612,0.117567753758406,0.0361578065397109,1,0,1,1,0,0,0,0,0,0,0,0,1,0,0,0,"C",712,14861
-0.160729223956139,0.156825863283222,-0.221621547424795,1,0,1,1,0,0,0,0,0,0,0,0,1,0,0,0,"C",656,14862
-0.151233388996374,0.146397443732951,1.87712596578235,1,0,1,1,0,0,0,0,0,0,0,0,1,0,0,0,"C",1397,14863
-0.233425491395994,0.181446204558207,-0.313323872937151,1,0,1,1,0,0,0,0,0,0,0,0,1,0,0,0,"C",2074,14864
-0.1491529273714,0.147864545225029,0.424687049326818,1,0,1,1,0,0,0,0,0,0,0,0,1,0,0,0,"C",857,14865
-0.101751650578578,-0.00398440908829831,-1.85509768612169,1,0,1,1,0,0,0,0,0,0,0,0,1,0,0,0,"C",2257,14866
-0.172768641483209,0.0175042273113596,-1.52892328562245,1,0,1,1,0,0,0,0,0,0,0,0,1,0,0,0,"C",1072,14867
-0.160285702547837,0.155639811335292,-0.645965294628259,1,0,1,1,0,0,0,0,0,0,0,0,1,0,0,0,"C",1687,14868
-0.118629799993705,0.0745206742451596,-1.4555596982054,1,0,1,1,0,0,0,0,0,0,0,0,1,0,0,0,"C",2575,14869
-0.170371668179881,0.131864044202911,0.338538964831127,1,0,1,1,0,0,0,0,0,0,0,0,1,0,0,0,"C",3006,14870
-0.169104330895415,0.198058705958664,-0.516553719937759,1,0,1,1,0,0,0,0,0,0,0,0,1,0,0,0,"C",3732,14871
-0.219178427472203,0.138579296128463,-0.648026049744238,1,0,1,1,0,0,0,0,0,0,0,0,1,0,0,0,"C",482,14872
-0.101838277668999,0.0990987873025829,1.78435290442088,1,0,1,1,0,0,0,0,0,0,0,0,1,0,0,0,"C",1341,14873
-0.172352649127134,0.113430897738801,-0.262547897483891,1,0,1,1,0,0,0,0,0,0,0,0,1,0,0,0,"C",3204,14874
-0.138635292166525,0.160600383073668,0.0155844579838681,1,0,1,1,0,0,0,0,0,0,0,0,1,0,0,0,"C",1763,14875
-0.0489749048114531,0.0764387470238809,-0.410076659518792,1,0,1,1,0,0,0,0,0,0,0,0,1,0,0,0,"C",2318,14876
-0.200349116830249,0.0814596513517971,-0.511561074686499,1,0,1,1,0,0,0,0,0,0,0,0,1,0,0,0,"C",1059,14877
-0.150221445870574,0.171041898074073,-0.465416386828523,1,0,1,1,0,0,0,0,0,0,0,0,1,0,0,0,"C",1290,14878
-0.0980869400615118,0.143587875718524,0.539021459498515,1,0,1,1,0,0,0,0,0,0,0,0,1,0,0,0,"C",3146,14879
-0.223824701555633,0.21031254269223,0.734910331740828,1,0,1,1,0,0,0,0,0,0,0,0,1,0,0,0,"C",1594,14880
-0.13125448370778,0.17298939503142,-0.0990831000586314,1,0,1,1,0,0,0,0,0,0,0,0,1,0,0,0,"C",2727,14881
-0.184587453844937,0.167979353829633,-0.0600193095234806,1,0,1,1,0,0,0,0,0,0,0,0,1,0,0,0,"C",2960,14882
-0.100041583090617,0.129157758482319,0.922733357182505,1,0,1,1,0,0,0,0,0,0,0,0,1,0,0,0,"C",3738,14883
-0.214592038282097,0.204585407457151,0.826502993644755,1,0,1,1,0,0,0,0,0,0,0,0,1,0,0,0,"C",1567,14884
-0.111159858204654,0.0702989056235159,0.820574604147522,1,0,1,1,0,0,0,0,0,0,0,0,1,0,0,0,"C",1930,14885
-0.138185963558626,0.107605776159652,-0.433267941449888,1,0,1,1,0,0,0,0,0,0,0,0,1,0,0,0,"C",3714,14886
-0.136556490217026,0.0822455063368193,0.485278623713481,1,0,1,1,0,0,0,0,0,0,0,0,1,0,0,0,"C",435,14887
-0.0993388680681479,0.0869906075459801,0.88153675526794,1,0,1,1,0,0,0,0,0,0,0,0,1,0,0,0,"C",1461,14888
-0.173160228450451,-0.00171147022845441,-1.28542465056869,1,0,1,1,0,0,0,0,0,0,0,0,1,0,0,0,"C",2661,14889
-0.157647598715202,0.0957800476342753,-0.938710770649645,1,0,1,1,0,0,0,0,0,0,0,0,1,0,0,0,"C",1967,14890
-0.110123019553542,0.107131809495552,-1.36598356234995,1,0,1,1,0,0,0,0,0,0,0,0,1,0,0,0,"C",2087,14891
-0.0694710036798176,0.134213553453057,-1.26103360098893,1,0,1,1,0,0,0,0,0,0,0,0,1,0,0,0,"C",2137,14892
-0.151266442429898,0.148023570711018,0.0476028217038914,1,0,1,1,0,0,0,0,0,0,0,0,1,0,0,0,"C",2578,14893
-0.149258059918875,0.160067586922932,-0.00102870627212985,1,0,1,1,0,0,0,0,0,0,0,0,1,0,0,0,"C",899,14894
-0.211686234652496,0.209126327902058,1.098249721606,1,0,1,1,0,0,0,0,0,0,0,0,1,0,0,0,"C",3030,14895
-0.180162208444399,0.202781387127334,1.54572803997001,1,0,1,1,0,0,0,0,0,0,0,0,1,0,0,0,"C",2602,14896
-0.0330309180846043,0.0295105725551562,0.293489859015544,1,0,1,1,0,0,0,0,0,0,0,0,1,0,0,0,"C",394,14897
-0.144018756091638,0.0921408170682904,-1.06294804661424,1,0,1,1,0,0,0,0,0,0,0,0,1,0,0,0,"C",3326,14898
-0.197435283188137,0.167654085104786,0.413655655402165,1,0,1,1,0,0,0,0,0,0,0,0,1,0,0,0,"C",2240,14899
NA,NA,NA,1,0,1,1,0,0,0,0,0,0,0,0,1,0,0,0,"D",491,14900
NA,NA,NA,1,0,1,1,0,0,0,0,0,0,0,0,1,0,0,0,"D",3721,14901
NA,NA,NA,1,0,1,1,0,0,0,0,0,0,0,0,1,0,0,0,"D",3402,14902
NA,NA,NA,1,0,1,1,0,0,0,0,0,0,0,0,1,0,0,0,"D",368,14903
NA,NA,NA,1,0,1,1,0,0,0,0,0,0,0,0,1,0,0,0,"D",1484,14904
NA,NA,NA,1,0,1,1,0,0,0,0,0,0,0,0,1,0,0,0,"D",2487,14905
NA,NA,NA,1,0,1,1,0,0,0,0,0,0,0,0,1,0,0,0,"D",1608,14906
NA,NA,NA,1,0,1,1,0,0,0,0,0,0,0,0,1,0,0,0,"D",1462,14907
NA,NA,NA,1,0,1,1,0,0,0,0,0,0,0,0,1,0,0,0,"D",3495,14908
NA,NA,NA,1,0,1,1,0,0,0,0,0,0,0,0,1,0,0,0,"D",3583,14909
NA,NA,NA,1,0,1,1,0,0,0,0,0,0,0,0,1,0,0,0,"D",1747,14910
NA,NA,NA,1,0,1,1,0,0,0,0,0,0,0,0,1,0,0,0,"D",344,14911
NA,NA,NA,1,0,1,1,0,0,0,0,0,0,0,0,1,0,0,0,"D",3343,14912
NA,NA,NA,1,0,1,1,0,0,0,0,0,0,0,0,1,0,0,0,"D",2191,14913
NA,NA,NA,1,0,1,1,0,0,0,0,0,0,0,0,1,0,0,0,"D",2986,14914
NA,NA,NA,1,0,1,1,0,0,0,0,0,0,0,0,1,0,0,0,"D",3527,14915
NA,NA,NA,1,0,1,1,0,0,0,0,0,0,0,0,1,0,0,0,"D",3748,14916
NA,NA,NA,1,0,1,1,0,0,0,0,0,0,0,0,1,0,0,0,"D",930,14917
NA,NA,NA,1,0,1,1,0,0,0,0,0,0,0,0,1,0,0,0,"D",1560,14918
NA,NA,NA,1,0,1,1,0,0,0,0,0,0,0,0,1,0,0,0,"D",1549,14919
NA,NA,NA,1,0,1,1,0,0,0,0,0,0,0,0,1,0,0,0,"D",3423,14920
NA,NA,NA,1,0,1,1,0,0,0,0,0,0,0,0,1,0,0,0,"D",3464,14921
NA,NA,NA,1,0,1,1,0,0,0,0,0,0,0,0,1,0,0,0,"D",1646,14922
NA,NA,NA,1,0,1,1,0,0,0,0,0,0,0,0,1,0,0,0,"D",2823,14923
NA,NA,NA,1,0,1,1,0,0,0,0,0,0,0,0,1,0,0,0,"D",2022,14924
NA,NA,NA,1,0,1,1,0,0,0,0,0,0,0,0,1,0,0,0,"D",1255,14925
NA,NA,NA,1,0,1,1,0,0,0,0,0,0,0,0,1,0,0,0,"D",1691,14926
NA,NA,NA,1,0,1,1,0,0,0,0,0,0,0,0,1,0,0,0,"D",3414,14927
NA,NA,NA,1,0,1,1,0,0,0,0,0,0,0,0,1,0,0,0,"D",1362,14928
NA,NA,NA,1,0,1,1,0,0,0,0,0,0,0,0,1,0,0,0,"D",2845,14929
NA,NA,NA,1,0,1,1,0,0,0,0,0,0,0,0,1,0,0,0,"D",2333,14930
NA,NA,NA,1,0,1,1,0,0,0,0,0,0,0,0,1,0,0,0,"D",2005,14931
NA,NA,NA,1,0,1,1,0,0,0,0,0,0,0,0,1,0,0,0,"D",2937,14932
NA,NA,NA,1,0,1,1,0,0,0,0,0,0,0,0,1,0,0,0,"D",1628,14933
NA,NA,NA,1,0,1,1,0,0,0,0,0,0,0,0,1,0,0,0,"D",3122,14934
NA,NA,NA,1,0,1,1,0,0,0,0,0,0,0,0,1,0,0,0,"D",666,14935
NA,NA,NA,1,0,1,1,0,0,0,0,0,0,0,0,1,0,0,0,"D",1125,14936
NA,NA,NA,1,0,1,1,0,0,0,0,0,0,0,0,1,0,0,0,"D",33,14937
NA,NA,NA,1,0,1,1,0,0,0,0,0,0,0,0,1,0,0,0,"D",1671,14938
NA,NA,NA,1,0,1,1,0,0,0,0,0,0,0,0,1,0,0,0,"D",2714,14939
NA,NA,NA,1,0,1,1,0,0,0,0,0,0,0,0,1,0,0,0,"D",946,14940
NA,NA,NA,1,0,1,1,0,0,0,0,0,0,0,0,1,0,0,0,"D",2718,14941
NA,NA,NA,1,0,1,1,0,0,0,0,0,0,0,0,1,0,0,0,"D",2372,14942
NA,NA,NA,1,0,1,1,0,0,0,0,0,0,0,0,1,0,0,0,"D",1117,14943
NA,NA,NA,1,0,1,1,0,0,0,0,0,0,0,0,1,0,0,0,"D",3186,14944
NA,NA,NA,1,0,1,1,0,0,0,0,0,0,0,0,1,0,0,0,"D",2648,14945
NA,NA,NA,1,0,1,1,0,0,0,0,0,0,0,0,1,0,0,0,"D",3379,14946
NA,NA,NA,1,0,1,1,0,0,0,0,0,0,0,0,1,0,0,0,"D",2742,14947
NA,NA,NA,1,0,1,1,0,0,0,0,0,0,0,0,1,0,0,0,"D",2336,14948
NA,NA,NA,1,0,1,1,0,0,0,0,0,0,0,0,1,0,0,0,"D",267,14949
NA,NA,NA,1,0,1,1,0,0,0,0,0,0,0,0,1,0,0,0,"D",1359,14950
NA,NA,NA,1,0,1,1,0,0,0,0,0,0,0,0,1,0,0,0,"D",1441,14951
NA,NA,NA,1,0,1,1,0,0,0,0,0,0,0,0,1,0,0,0,"D",1962,14952
NA,NA,NA,1,0,1,1,0,0,0,0,0,0,0,0,1,0,0,0,"D",3717,14953
NA,NA,NA,1,0,1,1,0,0,0,0,0,0,0,0,1,0,0,0,"D",347,14954
NA,NA,NA,1,0,1,1,0,0,0,0,0,0,0,0,1,0,0,0,"D",2090,14955
NA,NA,NA,1,0,1,1,0,0,0,0,0,0,0,0,1,0,0,0,"D",3406,14956
NA,NA,NA,1,0,1,1,0,0,0,0,0,0,0,0,1,0,0,0,"D",2061,14957
NA,NA,NA,1,0,1,1,0,0,0,0,0,0,0,0,1,0,0,0,"D",3699,14958
NA,NA,NA,1,0,1,1,0,0,0,0,0,0,0,0,1,0,0,0,"D",1385,14959
NA,NA,NA,1,0,1,1,0,0,0,0,0,0,0,0,1,0,0,0,"D",729,14960
NA,NA,NA,1,0,1,1,0,0,0,0,0,0,0,0,1,0,0,0,"D",712,14961
NA,NA,NA,1,0,1,1,0,0,0,0,0,0,0,0,1,0,0,0,"D",656,14962
NA,NA,NA,1,0,1,1,0,0,0,0,0,0,0,0,1,0,0,0,"D",1397,14963
NA,NA,NA,1,0,1,1,0,0,0,0,0,0,0,0,1,0,0,0,"D",2074,14964
NA,NA,NA,1,0,1,1,0,0,0,0,0,0,0,0,1,0,0,0,"D",857,14965
NA,NA,NA,1,0,1,1,0,0,0,0,0,0,0,0,1,0,0,0,"D",2257,14966
NA,NA,NA,1,0,1,1,0,0,0,0,0,0,0,0,1,0,0,0,"D",1072,14967
NA,NA,NA,1,0,1,1,0,0,0,0,0,0,0,0,1,0,0,0,"D",1687,14968
NA,NA,NA,1,0,1,1,0,0,0,0,0,0,0,0,1,0,0,0,"D",2575,14969
NA,NA,NA,1,0,1,1,0,0,0,0,0,0,0,0,1,0,0,0,"D",3006,14970
NA,NA,NA,1,0,1,1,0,0,0,0,0,0,0,0,1,0,0,0,"D",3732,14971
NA,NA,NA,1,0,1,1,0,0,0,0,0,0,0,0,1,0,0,0,"D",482,14972
NA,NA,NA,1,0,1,1,0,0,0,0,0,0,0,0,1,0,0,0,"D",1341,14973
NA,NA,NA,1,0,1,1,0,0,0,0,0,0,0,0,1,0,0,0,"D",3204,14974
NA,NA,NA,1,0,1,1,0,0,0,0,0,0,0,0,1,0,0,0,"D",1763,14975
NA,NA,NA,1,0,1,1,0,0,0,0,0,0,0,0,1,0,0,0,"D",2318,14976
NA,NA,NA,1,0,1,1,0,0,0,0,0,0,0,0,1,0,0,0,"D",1059,14977
NA,NA,NA,1,0,1,1,0,0,0,0,0,0,0,0,1,0,0,0,"D",1290,14978
NA,NA,NA,1,0,1,1,0,0,0,0,0,0,0,0,1,0,0,0,"D",3146,14979
NA,NA,NA,1,0,1,1,0,0,0,0,0,0,0,0,1,0,0,0,"D",1594,14980
NA,NA,NA,1,0,1,1,0,0,0,0,0,0,0,0,1,0,0,0,"D",2727,14981
NA,NA,NA,1,0,1,1,0,0,0,0,0,0,0,0,1,0,0,0,"D",2960,14982
NA,NA,NA,1,0,1,1,0,0,0,0,0,0,0,0,1,0,0,0,"D",3738,14983
NA,NA,NA,1,0,1,1,0,0,0,0,0,0,0,0,1,0,0,0,"D",1567,14984
NA,NA,NA,1,0,1,1,0,0,0,0,0,0,0,0,1,0,0,0,"D",1930,14985
NA,NA,NA,1,0,1,1,0,0,0,0,0,0,0,0,1,0,0,0,"D",3714,14986
NA,NA,NA,1,0,1,1,0,0,0,0,0,0,0,0,1,0,0,0,"D",435,14987
NA,NA,NA,1,0,1,1,0,0,0,0,0,0,0,0,1,0,0,0,"D",1461,14988
NA,NA,NA,1,0,1,1,0,0,0,0,0,0,0,0,1,0,0,0,"D",2661,14989
NA,NA,NA,1,0,1,1,0,0,0,0,0,0,0,0,1,0,0,0,"D",1967,14990
NA,NA,NA,1,0,1,1,0,0,0,0,0,0,0,0,1,0,0,0,"D",2087,14991
NA,NA,NA,1,0,1,1,0,0,0,0,0,0,0,0,1,0,0,0,"D",2137,14992
NA,NA,NA,1,0,1,1,0,0,0,0,0,0,0,0,1,0,0,0,"D",2578,14993
NA,NA,NA,1,0,1,1,0,0,0,0,0,0,0,0,1,0,0,0,"D",899,14994
NA,NA,NA,1,0,1,1,0,0,0,0,0,0,0,0,1,0,0,0,"D",3030,14995
NA,NA,NA,1,0,1,1,0,0,0,0,0,0,0,0,1,0,0,0,"D",2602,14996
NA,NA,NA,1,0,1,1,0,0,0,0,0,0,0,0,1,0,0,0,"D",394,14997
NA,NA,NA,1,0,1,1,0,0,0,0,0,0,0,0,1,0,0,0,"D",3326,14998
NA,NA,NA,1,0,1,1,0,0,0,0,0,0,0,0,1,0,0,0,"D",2240,14999
-0.126377149437535,0.125454464190465,-0.250222425663019,1,0,1,1,0,0,0,0,0,0,0,0,0,0,0,1,"C",491,15000
-0.118449359379007,0.0660290160370423,-1.44272437375063,1,0,1,1,0,0,0,0,0,0,0,0,0,0,0,1,"C",3721,15001
-0.0534457305568361,0.0437881252135247,0.0130518407526268,1,0,1,1,0,0,0,0,0,0,0,0,0,0,0,1,"C",3402,15002
-0.0819436662919251,0.039546889831673,-0.401997810537068,1,0,1,1,0,0,0,0,0,0,0,0,0,0,0,1,"C",368,15003
-0.153100481449643,0.0807028589184832,-1.01719944388951,1,0,1,1,0,0,0,0,0,0,0,0,0,0,0,1,"C",1484,15004
-0.168669108225752,0.107320745126248,-0.174823403053595,1,0,1,1,0,0,0,0,0,0,0,0,0,0,0,1,"C",2487,15005
-0.0743717332234776,0.0961353630517877,-0.434455771919193,1,0,1,1,0,0,0,0,0,0,0,0,0,0,0,1,"C",1608,15006
-0.119612281293694,0.0533789919546663,-1.2225504390446,1,0,1,1,0,0,0,0,0,0,0,0,0,0,0,1,"C",1462,15007
-0.0806576974673189,0.0948683629914391,-1.60932262704609,1,0,1,1,0,0,0,0,0,0,0,0,0,0,0,1,"C",3495,15008
-0.0846233936366607,0.107103819184366,-1.18048992541062,1,0,1,1,0,0,0,0,0,0,0,0,0,0,0,1,"C",3583,15009
-0.0839262005217769,0.0683620235195685,0.136087242710332,1,0,1,1,0,0,0,0,0,0,0,0,0,0,0,1,"C",1747,15010
-0.173695336592999,0.103969615600836,-1.3301906899235,1,0,1,1,0,0,0,0,0,0,0,0,0,0,0,1,"C",344,15011
-0.10998366009587,0.0115942052082604,-0.911669946600192,1,0,1,1,0,0,0,0,0,0,0,0,0,0,0,1,"C",3343,15012
-0.0257428519776363,0.0280489155579245,0.0155823879233868,1,0,1,1,0,0,0,0,0,0,0,0,0,0,0,1,"C",2191,15013
-0.144998769516646,0.128002449600319,-0.402497739101105,1,0,1,1,0,0,0,0,0,0,0,0,0,0,0,1,"C",2986,15014
-0.0509896753861579,0.0626004436130771,0.151649148377,1,0,1,1,0,0,0,0,0,0,0,0,0,0,0,1,"C",3527,15015
-0.127393198560483,0.0891303862684273,1.42539985274409,1,0,1,1,0,0,0,0,0,0,0,0,0,0,0,1,"C",3748,15016
-0.0305958483119242,-0.00506828614940606,-1.13687708895532,1,0,1,1,0,0,0,0,0,0,0,0,0,0,0,1,"C",930,15017
1.8628250516059e-05,0.0202435223950387,-0.0746152240142023,1,0,1,1,0,0,0,0,0,0,0,0,0,0,0,1,"C",1560,15018
-0.0789818506664098,0.0601421437479437,-1.83361115963267,1,0,1,1,0,0,0,0,0,0,0,0,0,0,0,1,"C",1549,15019
-0.163139845395146,0.0926931344532476,-1.31074576880858,1,0,1,1,0,0,0,0,0,0,0,0,0,0,0,1,"C",3423,15020
-0.124570588432795,0.093270685183518,-1.16976625509372,1,0,1,1,0,0,0,0,0,0,0,0,0,0,0,1,"C",3464,15021
-0.093299695997878,0.0582787339319846,-0.923385816164153,1,0,1,1,0,0,0,0,0,0,0,0,0,0,0,1,"C",1646,15022
-0.0409946770811702,0.0564967780647745,-0.108473381407211,1,0,1,1,0,0,0,0,0,0,0,0,0,0,0,1,"C",2823,15023
-0.140178572743303,0.0529332202786263,-0.0876224160566323,1,0,1,1,0,0,0,0,0,0,0,0,0,0,0,1,"C",2022,15024
-0.167100856157685,0.14907818047331,-1.99076639833891,1,0,1,1,0,0,0,0,0,0,0,0,0,0,0,1,"C",1255,15025
-0.148049488989773,0.103370854981107,-1.30384450053238,1,0,1,1,0,0,0,0,0,0,0,0,0,0,0,1,"C",1691,15026
-0.120240888969477,0.109164155887317,-0.49084241704971,1,0,1,1,0,0,0,0,0,0,0,0,0,0,0,1,"C",3414,15027
-0.186362464703306,0.153516528408712,-1.27304732685095,1,0,1,1,0,0,0,0,0,0,0,0,0,0,0,1,"C",1362,15028
-0.123558990711464,0.0726257355003124,-0.892642135129318,1,0,1,1,0,0,0,0,0,0,0,0,0,0,0,1,"C",2845,15029
-0.224516114550663,0.168319734084241,-0.420907662918706,1,0,1,1,0,0,0,0,0,0,0,0,0,0,0,1,"C",2333,15030
-0.111621298930765,0.10410768579675,-0.940042576081107,1,0,1,1,0,0,0,0,0,0,0,0,0,0,0,1,"C",2005,15031
-0.134431816337832,0.105891467239526,-2.13503033826747,1,0,1,1,0,0,0,0,0,0,0,0,0,0,0,1,"C",2937,15032
0.0148310423181111,-0.0056408381835871,-0.7647651336263,1,0,1,1,0,0,0,0,0,0,0,0,0,0,0,1,"C",1628,15033
-0.084694874242202,0.0682597752848635,0.512694524299212,1,0,1,1,0,0,0,0,0,0,0,0,0,0,0,1,"C",3122,15034
-0.220230209392448,0.236725917934079,-1.37889630822083,1,0,1,1,0,0,0,0,0,0,0,0,0,0,0,1,"C",666,15035
-0.112246056699975,0.0309960995103405,-0.985823074686756,1,0,1,1,0,0,0,0,0,0,0,0,0,0,0,1,"C",1125,15036
-0.0448740697043477,0.0468450118068891,-0.550935074950055,1,0,1,1,0,0,0,0,0,0,0,0,0,0,0,1,"C",33,15037
-0.165655852392978,0.186979192788352,-1.12455394639055,1,0,1,1,0,0,0,0,0,0,0,0,0,0,0,1,"C",1671,15038
-0.0524666106743385,-0.0399063512111201,-2.29411917284116,1,0,1,1,0,0,0,0,0,0,0,0,0,0,0,1,"C",2714,15039
-0.108851560469552,0.0861679047368451,-0.847852196276108,1,0,1,1,0,0,0,0,0,0,0,0,0,0,0,1,"C",946,15040
-0.134673066581866,0.0933387848442007,-1.4553925796182,1,0,1,1,0,0,0,0,0,0,0,0,0,0,0,1,"C",2718,15041
-0.097246170930456,0.0295510822391875,-0.0907455936490332,1,0,1,1,0,0,0,0,0,0,0,0,0,0,0,1,"C",2372,15042
-0.146462495745321,0.0677521468913528,-1.0236992578926,1,0,1,1,0,0,0,0,0,0,0,0,0,0,0,1,"C",1117,15043
-0.159007590772128,0.139399451052296,-1.8822374563758,1,0,1,1,0,0,0,0,0,0,0,0,0,0,0,1,"C",3186,15044
-0.103961068487704,0.0665290601819967,-0.678746141845664,1,0,1,1,0,0,0,0,0,0,0,0,0,0,0,1,"C",2648,15045
-0.13532921168656,0.111163970521231,-1.0834106236197,1,0,1,1,0,0,0,0,0,0,0,0,0,0,0,1,"C",3379,15046
-0.0300885980244619,0.0137859090768835,-0.315424749546139,1,0,1,1,0,0,0,0,0,0,0,0,0,0,0,1,"C",2742,15047
-0.112819176310305,0.0592035912242354,-0.316521619497982,1,0,1,1,0,0,0,0,0,0,0,0,0,0,0,1,"C",2336,15048
-0.140046063820071,0.0979741548050093,-1.13918790848385,1,0,1,1,0,0,0,0,0,0,0,0,0,0,0,1,"C",267,15049
-0.0533063695462791,0.12431258845485,-2.47175743941253,1,0,1,1,0,0,0,0,0,0,0,0,0,0,0,1,"C",1359,15050
-0.116112959935506,0.0794737811499539,0.209582181235418,1,0,1,1,0,0,0,0,0,0,0,0,0,0,0,1,"C",1441,15051
-0.0739461553644456,0.0407212034506191,-1.62492426918568,1,0,1,1,0,0,0,0,0,0,0,0,0,0,0,1,"C",1962,15052
-0.100648170671492,0.0973986246670817,-0.383652507081527,1,0,1,1,0,0,0,0,0,0,0,0,0,0,0,1,"C",3717,15053
-0.0768806890621688,0.041117539392681,-0.139220088572489,1,0,1,1,0,0,0,0,0,0,0,0,0,0,0,1,"C",347,15054
-0.0820269259867455,-0.0017116028890182,-0.568399143946167,1,0,1,1,0,0,0,0,0,0,0,0,0,0,0,1,"C",2090,15055
-0.0491390197211846,0.0347346511934676,-0.257443357658049,1,0,1,1,0,0,0,0,0,0,0,0,0,0,0,1,"C",3406,15056
-0.0670075362559567,-0.0014775933802854,-1.32102731013422,1,0,1,1,0,0,0,0,0,0,0,0,0,0,0,1,"C",2061,15057
-0.158551941952909,0.129109187657229,-1.1028543429668,1,0,1,1,0,0,0,0,0,0,0,0,0,0,0,1,"C",3699,15058
-0.0341602891203754,0.0262647074403335,-0.671102099908106,1,0,1,1,0,0,0,0,0,0,0,0,0,0,0,1,"C",1385,15059
-0.0403565244885567,0.027838237509707,0.378935603212324,1,0,1,1,0,0,0,0,0,0,0,0,0,0,0,1,"C",729,15060
-0.0238334251830486,0.0348104030713082,-0.226143183761978,1,0,1,1,0,0,0,0,0,0,0,0,0,0,0,1,"C",712,15061
-0.107922770715105,0.145662455449082,-1.03756651253309,1,0,1,1,0,0,0,0,0,0,0,0,0,0,0,1,"C",656,15062
-0.12751908797293,0.0166010962156483,-1.32749577358758,1,0,1,1,0,0,0,0,0,0,0,0,0,0,0,1,"C",1397,15063
-0.166135234383784,0.0608531015574404,-1.20280018385073,1,0,1,1,0,0,0,0,0,0,0,0,0,0,0,1,"C",2074,15064
-0.106506989481061,0.0977208653258252,0.131574115208283,1,0,1,1,0,0,0,0,0,0,0,0,0,0,0,1,"C",857,15065
-0.111870862704924,0.0486135274739896,0.206815820965066,1,0,1,1,0,0,0,0,0,0,0,0,0,0,0,1,"C",2257,15066
-0.105784629320976,0.0749851864497804,-0.677907127342343,1,0,1,1,0,0,0,0,0,0,0,0,0,0,0,1,"C",1072,15067
-0.0916099916098002,0.129646767070677,-1.78738092289055,1,0,1,1,0,0,0,0,0,0,0,0,0,0,0,1,"C",1687,15068
-0.130156185636719,0.0618898156251526,-1.00813127400456,1,0,1,1,0,0,0,0,0,0,0,0,0,0,0,1,"C",2575,15069
-0.096502484992951,0.085796724522669,-1.16406849712892,1,0,1,1,0,0,0,0,0,0,0,0,0,0,0,1,"C",3006,15070
-0.118298507254641,0.0945739474082163,-1.65301293342487,1,0,1,1,0,0,0,0,0,0,0,0,0,0,0,1,"C",3732,15071
-0.16143410893195,0.0870230180597171,-0.791234579452966,1,0,1,1,0,0,0,0,0,0,0,0,0,0,0,1,"C",482,15072
-0.0103252618382423,0.0131954159815052,-0.0267007702932111,1,0,1,1,0,0,0,0,0,0,0,0,0,0,0,1,"C",1341,15073
-0.0796652531341331,0.0575970940784324,-0.463283499744468,1,0,1,1,0,0,0,0,0,0,0,0,0,0,0,1,"C",3204,15074
-0.111891425037981,0.0643465076106979,-0.625052519126424,1,0,1,1,0,0,0,0,0,0,0,0,0,0,0,1,"C",1763,15075
-0.0344004980745743,0.0616173742538974,0.0348578379765877,1,0,1,1,0,0,0,0,0,0,0,0,0,0,0,1,"C",2318,15076
-0.16695329506419,0.0499421033710895,-1.12081209321806,1,0,1,1,0,0,0,0,0,0,0,0,0,0,0,1,"C",1059,15077
-0.0948198203760497,0.0915477498126859,-2.12763484283544,1,0,1,1,0,0,0,0,0,0,0,0,0,0,0,1,"C",1290,15078
-0.0360387358998411,0.0357229608946612,-0.970705541003171,1,0,1,1,0,0,0,0,0,0,0,0,0,0,0,1,"C",3146,15079
-0.169737190517146,0.135217878426461,-0.578910198828364,1,0,1,1,0,0,0,0,0,0,0,0,0,0,0,1,"C",1594,15080
-0.0808918443630456,0.101985796640005,-1.09993022392175,1,0,1,1,0,0,0,0,0,0,0,0,0,0,0,1,"C",2727,15081
-0.0775974305861199,0.131397319455243,-1.21747701713237,1,0,1,1,0,0,0,0,0,0,0,0,0,0,0,1,"C",2960,15082
-0.112716609771167,0.0169053172995901,-1.24082872758566,1,0,1,1,0,0,0,0,0,0,0,0,0,0,0,1,"C",3738,15083
-0.0708589681998263,0.0352544560178939,-0.619550441423318,1,0,1,1,0,0,0,0,0,0,0,0,0,0,0,1,"C",1567,15084
-0.0279684028720409,-0.0103730714143852,-1.16530332538603,1,0,1,1,0,0,0,0,0,0,0,0,0,0,0,1,"C",1930,15085
-0.0838558460810936,0.0715344582217355,-0.670936524136778,1,0,1,1,0,0,0,0,0,0,0,0,0,0,0,1,"C",3714,15086
-0.0427617305301469,0.039551948568568,-0.148096457108141,1,0,1,1,0,0,0,0,0,0,0,0,0,0,0,1,"C",435,15087
-0.0390865720118315,0.0359845167623269,-0.598789800604495,1,0,1,1,0,0,0,0,0,0,0,0,0,0,0,1,"C",1461,15088
-0.0807992823633737,0.036905660143964,-0.62934068616004,1,0,1,1,0,0,0,0,0,0,0,0,0,0,0,1,"C",2661,15089
-0.108973895008388,0.0986886818264294,-0.997290647307416,1,0,1,1,0,0,0,0,0,0,0,0,0,0,0,1,"C",1967,15090
-0.103783164205668,0.0444031369540203,-1.16453941637505,1,0,1,1,0,0,0,0,0,0,0,0,0,0,0,1,"C",2087,15091
-0.0851749799738326,0.0743702044700986,-1.11708655655837,1,0,1,1,0,0,0,0,0,0,0,0,0,0,0,1,"C",2137,15092
-0.119606327713599,0.0702497494856676,-0.0642070159480521,1,0,1,1,0,0,0,0,0,0,0,0,0,0,0,1,"C",2578,15093
-0.115772821831884,0.0354116295688035,-0.696411909473564,1,0,1,1,0,0,0,0,0,0,0,0,0,0,0,1,"C",899,15094
-0.11835049117311,0.0634780068621733,-0.670607103233984,1,0,1,1,0,0,0,0,0,0,0,0,0,0,0,1,"C",3030,15095
-0.120335340859024,0.122066849982821,-0.518942862623925,1,0,1,1,0,0,0,0,0,0,0,0,0,0,0,1,"C",2602,15096
-0.0114604791146912,0.0106927214467593,-0.994095695561563,1,0,1,1,0,0,0,0,0,0,0,0,0,0,0,1,"C",394,15097
-0.139943030962566,0.116208371168111,-1.07428807121216,1,0,1,1,0,0,0,0,0,0,0,0,0,0,0,1,"C",3326,15098
-0.143374355382977,0.0818705570174293,-0.611769266638208,1,0,1,1,0,0,0,0,0,0,0,0,0,0,0,1,"C",2240,15099
-0.217963005481701,0.11899804316384,0.173513546690312,1,0,1,1,0,0,0,0,0,0,0,0,0,0,0,1,"D",491,15100
-0.0912902682859241,0.0627430901277814,0.065626185895782,1,0,1,1,0,0,0,0,0,0,0,0,0,0,0,1,"D",3721,15101
-0.292907932940071,0.27511966639539,0.848456010539924,1,0,1,1,0,0,0,0,0,0,0,0,0,0,0,1,"D",3402,15102
-0.177922501966141,0.136476785388406,0.860366624794231,1,0,1,1,0,0,0,0,0,0,0,0,0,0,0,1,"D",368,15103
-0.197801736901442,0.121950884480283,0.984435727746814,1,0,1,1,0,0,0,0,0,0,0,0,0,0,0,1,"D",1484,15104
-0.200512324235648,0.245975351016542,2.07671948984337,1,0,1,1,0,0,0,0,0,0,0,0,0,0,0,1,"D",2487,15105
-0.240937516726787,0.227452118942332,1.96302519139867,1,0,1,1,0,0,0,0,0,0,0,0,0,0,0,1,"D",1608,15106
-0.270073132178401,0.207248871793406,0.534993115046435,1,0,1,1,0,0,0,0,0,0,0,0,0,0,0,1,"D",1462,15107
-0.243480699496617,0.14573501067408,0.500374622649435,1,0,1,1,0,0,0,0,0,0,0,0,0,0,0,1,"D",3495,15108
-0.0659489701064021,0.0944079565856527,1.9932888619192,1,0,1,1,0,0,0,0,0,0,0,0,0,0,0,1,"D",3583,15109
0.0790306812593816,0.0425205219214679,-0.784601547278102,1,0,1,1,0,0,0,0,0,0,0,0,0,0,0,1,"D",1747,15110
-0.127190057855682,0.121705666634792,0.598369467892657,1,0,1,1,0,0,0,0,0,0,0,0,0,0,0,1,"D",344,15111
-0.225034039883338,0.163779902471997,1.79106448312455,1,0,1,1,0,0,0,0,0,0,0,0,0,0,0,1,"D",3343,15112
-0.142843917008605,0.117400281498229,-1.8750185410144,1,0,1,1,0,0,0,0,0,0,0,0,0,0,0,1,"D",2191,15113
-0.205241772847264,0.0932227431003778,1.27012295386444,1,0,1,1,0,0,0,0,0,0,0,0,0,0,0,1,"D",2986,15114
-0.182811465914573,0.0742777323254572,0.370483128995563,1,0,1,1,0,0,0,0,0,0,0,0,0,0,0,1,"D",3527,15115
-0.0788885292958587,0.119236567909739,0.171534844545077,1,0,1,1,0,0,0,0,0,0,0,0,0,0,0,1,"D",3748,15116
-0.190921613850308,0.157184426289301,0.137519884746586,1,0,1,1,0,0,0,0,0,0,0,0,0,0,0,1,"D",930,15117
-0.324993564592723,0.225835606092503,0.00199894364384802,1,0,1,1,0,0,0,0,0,0,0,0,0,0,0,1,"D",1560,15118
-0.134387435344997,0.0869116669872026,-1.06747758180393,1,0,1,1,0,0,0,0,0,0,0,0,0,0,0,1,"D",1549,15119
-0.200998169670118,0.133191093409335,-0.635600649662775,1,0,1,1,0,0,0,0,0,0,0,0,0,0,0,1,"D",3423,15120
-0.153104283437188,0.0578548323315288,-0.436326575838417,1,0,1,1,0,0,0,0,0,0,0,0,0,0,0,1,"D",3464,15121
-0.195629961083418,0.194603373335006,1.7787874204653,1,0,1,1,0,0,0,0,0,0,0,0,0,0,0,1,"D",1646,15122
-0.161566096620921,0.122211264301109,-1.22560330490239,1,0,1,1,0,0,0,0,0,0,0,0,0,0,0,1,"D",2823,15123
-0.188427853469147,0.179334712259367,0.986267493993991,1,0,1,1,0,0,0,0,0,0,0,0,0,0,0,1,"D",2022,15124
-0.245805649077983,0.172992047920121,0.198409727690777,1,0,1,1,0,0,0,0,0,0,0,0,0,0,0,1,"D",1255,15125
-0.0965298600712647,0.0880375543095758,0.651445643112089,1,0,1,1,0,0,0,0,0,0,0,0,0,0,0,1,"D",1691,15126
-0.131755098425653,0.171034646019154,-1.97736080868805,1,0,1,1,0,0,0,0,0,0,0,0,0,0,0,1,"D",3414,15127
-0.301354159054813,0.235468964016745,2.39139698498864,1,0,1,1,0,0,0,0,0,0,0,0,0,0,0,1,"D",1362,15128
-0.0987196277199823,-0.028250115826839,1.84633361605178,1,0,1,1,0,0,0,0,0,0,0,0,0,0,0,1,"D",2845,15129
-0.206357362395689,0.106424574668333,-1.30799447423478,1,0,1,1,0,0,0,0,0,0,0,0,0,0,0,1,"D",2333,15130
-0.235716446133155,0.0717822048247719,0.0944710366514853,1,0,1,1,0,0,0,0,0,0,0,0,0,0,0,1,"D",2005,15131
-0.310506858482481,0.277290287112712,1.9602438963841,1,0,1,1,0,0,0,0,0,0,0,0,0,0,0,1,"D",2937,15132
-0.213706338924162,0.178635642146323,0.392494961921141,1,0,1,1,0,0,0,0,0,0,0,0,0,0,0,1,"D",1628,15133
-0.212014159773937,0.220758301507566,1.95743629955421,1,0,1,1,0,0,0,0,0,0,0,0,0,0,0,1,"D",3122,15134
-0.067325789382817,0.045970912051467,-1.64530696677111,1,0,1,1,0,0,0,0,0,0,0,0,0,0,0,1,"D",666,15135
-0.0426455999406142,0.0811235456552667,0.207849469748207,1,0,1,1,0,0,0,0,0,0,0,0,0,0,0,1,"D",1125,15136
-0.0570124580976539,0.164592222390547,2.48544752897903,1,0,1,1,0,0,0,0,0,0,0,0,0,0,0,1,"D",33,15137
-0.272168495954988,0.25195229306724,2.60273311433809,1,0,1,1,0,0,0,0,0,0,0,0,0,0,0,1,"D",1671,15138
-0.14907003032236,0.279653008552614,1.10496415456335,1,0,1,1,0,0,0,0,0,0,0,0,0,0,0,1,"D",2714,15139
-0.245601775372172,0.178442449975095,1.75892292402926,1,0,1,1,0,0,0,0,0,0,0,0,0,0,0,1,"D",946,15140
-0.140302940919489,0.113806617751895,1.05377246871021,1,0,1,1,0,0,0,0,0,0,0,0,0,0,0,1,"D",2718,15141
-0.185947734234836,0.0987268650399557,1.56280501665367,1,0,1,1,0,0,0,0,0,0,0,0,0,0,0,1,"D",2372,15142
-0.060826347606335,0.056357078482331,0.834795708178816,1,0,1,1,0,0,0,0,0,0,0,0,0,0,0,1,"D",1117,15143
-0.183573768958186,0.193338540395297,1.94101786195348,1,0,1,1,0,0,0,0,0,0,0,0,0,0,0,1,"D",3186,15144
-0.299305782342273,0.237382408475169,-0.926056569992767,1,0,1,1,0,0,0,0,0,0,0,0,0,0,0,1,"D",2648,15145
-0.203948682803953,0.219529450356527,1.15623418673219,1,0,1,1,0,0,0,0,0,0,0,0,0,0,0,1,"D",3379,15146
-0.087391062594235,0.0597697163688741,1.18174834283328,1,0,1,1,0,0,0,0,0,0,0,0,0,0,0,1,"D",2742,15147
-0.27282255280892,0.143307606230092,0.2133644808209,1,0,1,1,0,0,0,0,0,0,0,0,0,0,0,1,"D",2336,15148
-0.0975658120166116,0.104968184510435,-0.345648938809441,1,0,1,1,0,0,0,0,0,0,0,0,0,0,0,1,"D",267,15149
-0.20539551796369,0.16704268808952,1.78563003775361,1,0,1,1,0,0,0,0,0,0,0,0,0,0,0,1,"D",1359,15150
-0.207607202000429,0.185001047343429,-0.971604433144012,1,0,1,1,0,0,0,0,0,0,0,0,0,0,0,1,"D",1441,15151
-0.0453652857087283,0.0764465071913202,0.934645274555974,1,0,1,1,0,0,0,0,0,0,0,0,0,0,0,1,"D",1962,15152
-0.193566490356916,0.15701466089077,2.40590399509476,1,0,1,1,0,0,0,0,0,0,0,0,0,0,0,1,"D",3717,15153
-0.0883067071802554,0.137933572414933,1.42839730721835,1,0,1,1,0,0,0,0,0,0,0,0,0,0,0,1,"D",347,15154
-0.271199622359047,0.231188748783096,1.97156113024592,1,0,1,1,0,0,0,0,0,0,0,0,0,0,0,1,"D",2090,15155
-0.276828707084064,0.183836480785524,-1.43710457331224,1,0,1,1,0,0,0,0,0,0,0,0,0,0,0,1,"D",3406,15156
-0.131208797421205,0.165789850392519,-0.140959103405337,1,0,1,1,0,0,0,0,0,0,0,0,0,0,0,1,"D",2061,15157
-0.101293931626233,0.0793410951859738,1.19362972730105,1,0,1,1,0,0,0,0,0,0,0,0,0,0,0,1,"D",3699,15158
-0.236431844125417,0.222436092228867,-0.649699732181403,1,0,1,1,0,0,0,0,0,0,0,0,0,0,0,1,"D",1385,15159
-0.264350129923493,0.214632191328011,1.66412802715592,1,0,1,1,0,0,0,0,0,0,0,0,0,0,0,1,"D",729,15160
-0.181703679266346,0.272847972938365,2.30349511421173,1,0,1,1,0,0,0,0,0,0,0,0,0,0,0,1,"D",712,15161
-0.291491356414486,0.2618904251229,1.75449637981398,1,0,1,1,0,0,0,0,0,0,0,0,0,0,0,1,"D",656,15162
-0.172682115261145,0.0451329401884143,-1.00806185305986,1,0,1,1,0,0,0,0,0,0,0,0,0,0,0,1,"D",1397,15163
-0.148593296753837,0.208614339605252,0.402509763245745,1,0,1,1,0,0,0,0,0,0,0,0,0,0,0,1,"D",2074,15164
-0.153720022701923,0.163978260530448,1.65710501737639,1,0,1,1,0,0,0,0,0,0,0,0,0,0,0,1,"D",857,15165
-0.234691193982328,0.16697477421338,-0.0214102938894277,1,0,1,1,0,0,0,0,0,0,0,0,0,0,0,1,"D",2257,15166
-0.148289432840848,0.16239999706631,1.04599774252648,1,0,1,1,0,0,0,0,0,0,0,0,0,0,0,1,"D",1072,15167
-0.250391033554526,0.157856513519867,-0.957991315700815,1,0,1,1,0,0,0,0,0,0,0,0,0,0,0,1,"D",1687,15168
-0.165466852316727,0.163937720591289,1.42771348078925,1,0,1,1,0,0,0,0,0,0,0,0,0,0,0,1,"D",2575,15169
-0.246396383621733,0.236137016309615,1.75183010162868,1,0,1,1,0,0,0,0,0,0,0,0,0,0,0,1,"D",3006,15170
-0.192889201021163,0.133971441529755,2.3367298729896,1,0,1,1,0,0,0,0,0,0,0,0,0,0,0,1,"D",3732,15171
-0.216537250296266,0.161615724174712,2.37515989812333,1,0,1,1,0,0,0,0,0,0,0,0,0,0,0,1,"D",482,15172
-0.150846889937394,0.105533226807035,1.10474688393604,1,0,1,1,0,0,0,0,0,0,0,0,0,0,0,1,"D",1341,15173
-0.176272047267088,0.139788851262208,1.53596719885792,1,0,1,1,0,0,0,0,0,0,0,0,0,0,0,1,"D",3204,15174
-0.234697201494492,0.244593575435328,2.3489876693428,1,0,1,1,0,0,0,0,0,0,0,0,0,0,0,1,"D",1763,15175
-0.248512975724909,0.17604552377053,0.0444491048226695,1,0,1,1,0,0,0,0,0,0,0,0,0,0,0,1,"D",2318,15176
-0.153538480572283,0.0890361950707567,0.884133860591299,1,0,1,1,0,0,0,0,0,0,0,0,0,0,0,1,"D",1059,15177
-0.208566302264222,0.240753933203639,0.612679870877531,1,0,1,1,0,0,0,0,0,0,0,0,0,0,0,1,"D",1290,15178
-0.230702639162256,0.168189047797255,1.63078671026807,1,0,1,1,0,0,0,0,0,0,0,0,0,0,0,1,"D",3146,15179
-0.104675270238307,0.022243083667083,0.890030468847288,1,0,1,1,0,0,0,0,0,0,0,0,0,0,0,1,"D",1594,15180
-0.179649632912769,0.192288498079259,-0.538923541004846,1,0,1,1,0,0,0,0,0,0,0,0,0,0,0,1,"D",2727,15181
-0.284561585032437,0.181165880852797,1.85416421523887,1,0,1,1,0,0,0,0,0,0,0,0,0,0,0,1,"D",2960,15182
-0.142932741987713,0.182527400433833,-0.917424549371248,1,0,1,1,0,0,0,0,0,0,0,0,0,0,0,1,"D",3738,15183
-0.117345903152016,0.118208005441218,-0.93289096043862,1,0,1,1,0,0,0,0,0,0,0,0,0,0,0,1,"D",1567,15184
-0.180889644713235,0.0758091275197228,-0.320265278463006,1,0,1,1,0,0,0,0,0,0,0,0,0,0,0,1,"D",1930,15185
-0.143956587537933,0.121334870714707,-0.291470813205112,1,0,1,1,0,0,0,0,0,0,0,0,0,0,0,1,"D",3714,15186
-0.213193554411467,0.120548180524586,0.144410148290401,1,0,1,1,0,0,0,0,0,0,0,0,0,0,0,1,"D",435,15187
-0.223127185257714,0.197079381194701,1.97788241492834,1,0,1,1,0,0,0,0,0,0,0,0,0,0,0,1,"D",1461,15188
-0.0559313948812749,0.0859051497956345,0.946842789762065,1,0,1,1,0,0,0,0,0,0,0,0,0,0,0,1,"D",2661,15189
-0.0923462483132961,0.0428991312823514,0.449612097972374,1,0,1,1,0,0,0,0,0,0,0,0,0,0,0,1,"D",1967,15190
-0.0520315292738932,0.136688307097004,1.84080604022245,1,0,1,1,0,0,0,0,0,0,0,0,0,0,0,1,"D",2087,15191
-0.10533627211119,0.081969200008395,2.36494718320559,1,0,1,1,0,0,0,0,0,0,0,0,0,0,0,1,"D",2137,15192
-0.194170869003452,0.199486877436256,1.75365074370349,1,0,1,1,0,0,0,0,0,0,0,0,0,0,0,1,"D",2578,15193
-0.270821214782703,0.246961238970177,2.54535219715489,1,0,1,1,0,0,0,0,0,0,0,0,0,0,0,1,"D",899,15194
-0.212445482828274,0.160635122421977,1.29309640681209,1,0,1,1,0,0,0,0,0,0,0,0,0,0,0,1,"D",3030,15195
-0.103484094635874,0.0890729503933134,0.348617704459565,1,0,1,1,0,0,0,0,0,0,0,0,0,0,0,1,"D",2602,15196
-0.259966119589977,0.1827243961998,-0.201373271735451,1,0,1,1,0,0,0,0,0,0,0,0,0,0,0,1,"D",394,15197
-0.22813545948423,0.172518966646379,1.14814247835172,1,0,1,1,0,0,0,0,0,0,0,0,0,0,0,1,"D",3326,15198
-0.127031671603504,0.110487328119591,-0.829918475967145,1,0,1,1,0,0,0,0,0,0,0,0,0,0,0,1,"D",2240,15199
-0.066937552495255,0.0809948241211711,0.293299047869691,0,1,1,1,1,0,0,0,0,0,0,0,0,0,0,0,"C",491,15200
0.0249639954180589,0.0484689236118939,0.612147461804351,0,1,1,1,1,0,0,0,0,0,0,0,0,0,0,0,"C",3721,15201
-0.034062393672901,0.0682134808106881,1.00555014477337,0,1,1,1,1,0,0,0,0,0,0,0,0,0,0,0,"C",3402,15202
-0.026977465263978,0.0260993159259395,1.21809214810834,0,1,1,1,1,0,0,0,0,0,0,0,0,0,0,0,"C",368,15203
-0.00887780232491209,0.0963470999220835,0.652187244801359,0,1,1,1,1,0,0,0,0,0,0,0,0,0,0,0,"C",1484,15204
0.0229453133078545,0.0756354852575547,1.47772610304546,0,1,1,1,1,0,0,0,0,0,0,0,0,0,0,0,"C",2487,15205
-0.166617794424192,0.0602696405004532,1.08134339921945,0,1,1,1,1,0,0,0,0,0,0,0,0,0,0,0,"C",1608,15206
-0.050702346615713,0.0995928694552321,0.624654504008781,0,1,1,1,1,0,0,0,0,0,0,0,0,0,0,0,"C",1462,15207
-0.0508276026497121,0.114516243681724,0.427196002315951,0,1,1,1,1,0,0,0,0,0,0,0,0,0,0,0,"C",3495,15208
-0.0569362937056756,0.0991007556117014,2.34799013616254,0,1,1,1,1,0,0,0,0,0,0,0,0,0,0,0,"C",3583,15209
-0.0912670697819774,0.114085540629241,1.43804211288073,0,1,1,1,1,0,0,0,0,0,0,0,0,0,0,0,"C",1747,15210
0.0239268064491595,0.0311883722469675,1.10590557223757,0,1,1,1,1,0,0,0,0,0,0,0,0,0,0,0,"C",344,15211
-0.0244388745049292,0.123296491983123,1.57953413129491,0,1,1,1,1,0,0,0,0,0,0,0,0,0,0,0,"C",3343,15212
0.0278799668214302,0.0388365325840937,0.720719279625161,0,1,1,1,1,0,0,0,0,0,0,0,0,0,0,0,"C",2191,15213
-0.0341445892914943,0.0555363424398104,0.633747958556795,0,1,1,1,1,0,0,0,0,0,0,0,0,0,0,0,"C",2986,15214
-0.0514932682809664,0.0747360011693295,0.726952752581373,0,1,1,1,1,0,0,0,0,0,0,0,0,0,0,0,"C",3527,15215
-0.0776140435075197,0.0216238283065503,1.47984753814429,0,1,1,1,1,0,0,0,0,0,0,0,0,0,0,0,"C",3748,15216
-0.0452857111341111,0.0433797408968414,1.14226928751107,0,1,1,1,1,0,0,0,0,0,0,0,0,0,0,0,"C",930,15217
-0.05497194389192,0.0662112905297518,1.4168092564745,0,1,1,1,1,0,0,0,0,0,0,0,0,0,0,0,"C",1560,15218
-0.111904735636373,0.046606493010398,0.997055970567432,0,1,1,1,1,0,0,0,0,0,0,0,0,0,0,0,"C",1549,15219
0.00580678536557484,0.0124265311951983,1.19440250587137,0,1,1,1,1,0,0,0,0,0,0,0,0,0,0,0,"C",3423,15220
0.0229531369562972,0.118112404363201,2.07102602628901,0,1,1,1,1,0,0,0,0,0,0,0,0,0,0,0,"C",3464,15221
-0.0101853492239697,0.0391861109333945,0.179023472663777,0,1,1,1,1,0,0,0,0,0,0,0,0,0,0,0,"C",1646,15222
-0.0169619045537844,0.0118198894866547,1.48633434178146,0,1,1,1,1,0,0,0,0,0,0,0,0,0,0,0,"C",2823,15223
-0.0159291605401576,0.0911325186903645,1.0054483747575,0,1,1,1,1,0,0,0,0,0,0,0,0,0,0,0,"C",2022,15224
-0.027895739702429,0.046474174468782,0.780472988448695,0,1,1,1,1,0,0,0,0,0,0,0,0,0,0,0,"C",1255,15225
-0.00230781869657601,0.0713948187259789,0.984475533061425,0,1,1,1,1,0,0,0,0,0,0,0,0,0,0,0,"C",1691,15226
-0.0445130989814595,0.0919482495882316,1.53020057115727,0,1,1,1,1,0,0,0,0,0,0,0,0,0,0,0,"C",3414,15227
-0.0169060564022648,0.105095917428869,1.00034765367659,0,1,1,1,1,0,0,0,0,0,0,0,0,0,0,0,"C",1362,15228
-0.0576023595817262,0.0600895879545176,-0.105900935313507,0,1,1,1,1,0,0,0,0,0,0,0,0,0,0,0,"C",2845,15229
-0.0108586198949915,0.0181525123622912,1.13320534603646,0,1,1,1,1,0,0,0,0,0,0,0,0,0,0,0,"C",2333,15230
-0.0908158148737958,0.0322526602807166,0.92600763010112,0,1,1,1,1,0,0,0,0,0,0,0,0,0,0,0,"C",2005,15231
-0.0257614150308532,0.0304380959483126,1.17524154498396,0,1,1,1,1,0,0,0,0,0,0,0,0,0,0,0,"C",2937,15232
-0.103376237918391,0.106648046055713,0.844325496302927,0,1,1,1,1,0,0,0,0,0,0,0,0,0,0,0,"C",1628,15233
-0.0423572135353009,0.0599327089394975,1.11917626398775,0,1,1,1,1,0,0,0,0,0,0,0,0,0,0,0,"C",3122,15234
-0.0373641029996622,0.0694404003681,1.25097042717103,0,1,1,1,1,0,0,0,0,0,0,0,0,0,0,0,"C",666,15235
0.0370618730892452,0.0757209495556225,0.907886346097465,0,1,1,1,1,0,0,0,0,0,0,0,0,0,0,0,"C",1125,15236
-0.133372505874135,0.0526213392538017,1.01891649752348,0,1,1,1,1,0,0,0,0,0,0,0,0,0,0,0,"C",33,15237
-0.066050254142147,0.0537994561026927,1.04117429094226,0,1,1,1,1,0,0,0,0,0,0,0,0,0,0,0,"C",1671,15238
-0.0671237597796987,0.115007916540683,1.00427978811289,0,1,1,1,1,0,0,0,0,0,0,0,0,0,0,0,"C",2714,15239
-0.0949417247708301,0.0668594148235181,0.72265897380906,0,1,1,1,1,0,0,0,0,0,0,0,0,0,0,0,"C",946,15240
-0.0372400836803693,0.134388067249089,1.59657209627621,0,1,1,1,1,0,0,0,0,0,0,0,0,0,0,0,"C",2718,15241
-0.0546230317715334,0.0534381064896211,0.789682093048828,0,1,1,1,1,0,0,0,0,0,0,0,0,0,0,0,"C",2372,15242
0.0171985530752376,-0.0116672003097789,1.50886503585074,0,1,1,1,1,0,0,0,0,0,0,0,0,0,0,0,"C",1117,15243
-0.150362787083386,0.12350168164104,0.946197419559784,0,1,1,1,1,0,0,0,0,0,0,0,0,0,0,0,"C",3186,15244
0.0160964441438974,0.0663003336300353,1.33953500279445,0,1,1,1,1,0,0,0,0,0,0,0,0,0,0,0,"C",2648,15245
-0.0342805163440979,0.0188781458791087,1.45533723071392,0,1,1,1,1,0,0,0,0,0,0,0,0,0,0,0,"C",3379,15246
-0.0248071697925016,0.016792758403958,1.5223008307867,0,1,1,1,1,0,0,0,0,0,0,0,0,0,0,0,"C",2742,15247
-0.11201517647309,0.0751466719996497,1.2705159844871,0,1,1,1,1,0,0,0,0,0,0,0,0,0,0,0,"C",2336,15248
-0.133969116335926,0.0599537356378805,1.09673261273052,0,1,1,1,1,0,0,0,0,0,0,0,0,0,0,0,"C",267,15249
-0.0842389546637936,0.0795216146494338,0.826705508250687,0,1,1,1,1,0,0,0,0,0,0,0,0,0,0,0,"C",1359,15250
-0.000679940827918338,0.0513380209546944,0.776047010598183,0,1,1,1,1,0,0,0,0,0,0,0,0,0,0,0,"C",1441,15251
-0.0744846494815468,0.0660913073124328,1.26477739015729,0,1,1,1,1,0,0,0,0,0,0,0,0,0,0,0,"C",1962,15252
0.0814779179752872,0.0416049601358602,0.566152661341633,0,1,1,1,1,0,0,0,0,0,0,0,0,0,0,0,"C",3717,15253
-0.104699170408302,0.159630780349103,1.85323405372873,0,1,1,1,1,0,0,0,0,0,0,0,0,0,0,0,"C",347,15254
-0.0785306545494037,0.118090928503199,0.908422363785133,0,1,1,1,1,0,0,0,0,0,0,0,0,0,0,0,"C",2090,15255
-0.0214597782383942,0.0849357335030444,0.574351035301621,0,1,1,1,1,0,0,0,0,0,0,0,0,0,0,0,"C",3406,15256
-0.0997594167923362,0.030423915356314,1.37166128694156,0,1,1,1,1,0,0,0,0,0,0,0,0,0,0,0,"C",2061,15257
-0.0494927013169783,0.157392667583665,0.83847173248736,0,1,1,1,1,0,0,0,0,0,0,0,0,0,0,0,"C",3699,15258
-0.100575691921866,0.0512982795384021,0.836404324648992,0,1,1,1,1,0,0,0,0,0,0,0,0,0,0,0,"C",1385,15259
-0.0805054947065628,0.0465572530538087,0.799675502724908,0,1,1,1,1,0,0,0,0,0,0,0,0,0,0,0,"C",729,15260
0.00158062480434345,0.0726287682531797,0.964626678160963,0,1,1,1,1,0,0,0,0,0,0,0,0,0,0,0,"C",712,15261
-0.112655132063431,0.106532277887391,1.62939591218461,0,1,1,1,1,0,0,0,0,0,0,0,0,0,0,0,"C",656,15262
-0.0786054221248902,0.130338750413865,1.56104691191894,0,1,1,1,1,0,0,0,0,0,0,0,0,0,0,0,"C",1397,15263
-0.107599114978694,0.134078267461246,1.52056441697573,0,1,1,1,1,0,0,0,0,0,0,0,0,0,0,0,"C",2074,15264
-0.0216130682156587,0.0571515420317742,0.686421375623942,0,1,1,1,1,0,0,0,0,0,0,0,0,0,0,0,"C",857,15265
-0.0215461889279773,0.125560896614855,1.40739251927682,0,1,1,1,1,0,0,0,0,0,0,0,0,0,0,0,"C",2257,15266
-0.0737550246915429,0.0861582797204172,0.984549237204777,0,1,1,1,1,0,0,0,0,0,0,0,0,0,0,0,"C",1072,15267
-0.0433801177721463,0.0566064267370457,0.499792156441645,0,1,1,1,1,0,0,0,0,0,0,0,0,0,0,0,"C",1687,15268
-0.0070373374877569,0.105345399746522,0.911614415310359,0,1,1,1,1,0,0,0,0,0,0,0,0,0,0,0,"C",2575,15269
-0.112132973481515,0.127820686277926,1.29493022447234,0,1,1,1,1,0,0,0,0,0,0,0,0,0,0,0,"C",3006,15270
-0.0497046440598165,0.0685012006931945,0.764576455532867,0,1,1,1,1,0,0,0,0,0,0,0,0,0,0,0,"C",3732,15271
-0.040786770207637,0.0891400759312544,0.688438461023496,0,1,1,1,1,0,0,0,0,0,0,0,0,0,0,0,"C",482,15272
-0.0255098140993916,0.0512416045743733,0.453755902591179,0,1,1,1,1,0,0,0,0,0,0,0,0,0,0,0,"C",1341,15273
-0.122239386860921,0.0774911046883972,1.61845323902975,0,1,1,1,1,0,0,0,0,0,0,0,0,0,0,0,"C",3204,15274
-0.0682718596310514,-0.00270813878356149,1.98242240115053,0,1,1,1,1,0,0,0,0,0,0,0,0,0,0,0,"C",1763,15275
0.0226319746143279,0.0573884114542662,0.664046183175926,0,1,1,1,1,0,0,0,0,0,0,0,0,0,0,0,"C",2318,15276
-0.0740301283114189,0.105452542488218,1.51837096991728,0,1,1,1,1,0,0,0,0,0,0,0,0,0,0,0,"C",1059,15277
-0.0797484723947854,0.101773686194979,1.26971277904516,0,1,1,1,1,0,0,0,0,0,0,0,0,0,0,0,"C",1290,15278
-0.0679716394011597,0.142825573010539,1.14697460087806,0,1,1,1,1,0,0,0,0,0,0,0,0,0,0,0,"C",3146,15279
-0.0208793447943478,0.0739101536139311,0.285324786621296,0,1,1,1,1,0,0,0,0,0,0,0,0,0,0,0,"C",1594,15280
-0.0130800524643879,0.0945587041125405,1.57400092239904,0,1,1,1,1,0,0,0,0,0,0,0,0,0,0,0,"C",2727,15281
-0.050127403566997,0.0926503594144752,1.30344672118098,0,1,1,1,1,0,0,0,0,0,0,0,0,0,0,0,"C",2960,15282
-0.0359194809536624,0.0653860680736049,1.68275408626232,0,1,1,1,1,0,0,0,0,0,0,0,0,0,0,0,"C",3738,15283
-0.129335501298489,0.0496166210693166,1.464908674702,0,1,1,1,1,0,0,0,0,0,0,0,0,0,0,0,"C",1567,15284
-0.0263442721258729,0.0684274901698938,1.50850420161083,0,1,1,1,1,0,0,0,0,0,0,0,0,0,0,0,"C",1930,15285
-0.132563262252575,0.105240772944506,1.08119364400772,0,1,1,1,1,0,0,0,0,0,0,0,0,0,0,0,"C",3714,15286
-0.126255427878282,0.107316675754419,0.999431593853649,0,1,1,1,1,0,0,0,0,0,0,0,0,0,0,0,"C",435,15287
-0.0988957672550361,0.100479541945822,1.84063030281381,0,1,1,1,1,0,0,0,0,0,0,0,0,0,0,0,"C",1461,15288
-0.000733837063436028,0.0121470953034426,1.22817467738593,0,1,1,1,1,0,0,0,0,0,0,0,0,0,0,0,"C",2661,15289
-0.0296608625559273,0.0508476131649813,0.92649062183632,0,1,1,1,1,0,0,0,0,0,0,0,0,0,0,0,"C",1967,15290
-0.0968329959729708,0.091989306878649,1.08057938102202,0,1,1,1,1,0,0,0,0,0,0,0,0,0,0,0,"C",2087,15291
-0.0525508811002746,0.0972986485552417,0.892658264621452,0,1,1,1,1,0,0,0,0,0,0,0,0,0,0,0,"C",2137,15292
-0.0189813672115025,0.0624643470466198,1.70661696562404,0,1,1,1,1,0,0,0,0,0,0,0,0,0,0,0,"C",2578,15293
-0.105790169464336,0.102225407247519,0.880938004319235,0,1,1,1,1,0,0,0,0,0,0,0,0,0,0,0,"C",899,15294
-0.172618256143552,0.0452705257023887,1.43275886970718,0,1,1,1,1,0,0,0,0,0,0,0,0,0,0,0,"C",3030,15295
-0.0893558884322573,0.115677159541187,1.44402910015305,0,1,1,1,1,0,0,0,0,0,0,0,0,0,0,0,"C",2602,15296
-0.0279956237680127,0.0890356593185932,1.93539823912425,0,1,1,1,1,0,0,0,0,0,0,0,0,0,0,0,"C",394,15297
0.0387278310529214,0.0569987837844662,0.863481788228629,0,1,1,1,1,0,0,0,0,0,0,0,0,0,0,0,"C",3326,15298
-0.0524959913445108,0.0579638915011376,0.645965299605542,0,1,1,1,1,0,0,0,0,0,0,0,0,0,0,0,"C",2240,15299
-0.0994156351128143,0.0764643367102494,-0.166037278900525,0,1,1,1,1,0,0,0,0,0,0,0,0,0,0,0,"D",491,15300
0.00938932681149925,0.0313770518407281,0.462574470211079,0,1,1,1,1,0,0,0,0,0,0,0,0,0,0,0,"D",3721,15301
0.00661973479798211,0.1631724060502,1.91749235400154,0,1,1,1,1,0,0,0,0,0,0,0,0,0,0,0,"D",3402,15302
-0.00224551295429305,0.0288613274506161,0.497820603626789,0,1,1,1,1,0,0,0,0,0,0,0,0,0,0,0,"D",368,15303
-0.126459051434536,0.0601507449935504,-0.317025985611583,0,1,1,1,1,0,0,0,0,0,0,0,0,0,0,0,"D",1484,15304
-0.243059980906351,0.124164628725047,-0.961330664856592,0,1,1,1,1,0,0,0,0,0,0,0,0,0,0,0,"D",2487,15305
-0.192081182359766,0.142684614091118,-2.47423875308791,0,1,1,1,1,0,0,0,0,0,0,0,0,0,0,0,"D",1608,15306
-0.0436700156621731,0.0887270005702053,-0.88925438061596,0,1,1,1,1,0,0,0,0,0,0,0,0,0,0,0,"D",1462,15307
-0.133661181287378,0.0434744865825834,-0.135853980467089,0,1,1,1,1,0,0,0,0,0,0,0,0,0,0,0,"D",3495,15308
-0.151266773230423,0.179376773435996,0.502002598063092,0,1,1,1,1,0,0,0,0,0,0,0,0,0,0,0,"D",3583,15309
-0.167100544116333,0.172875141443674,1.90399398610493,0,1,1,1,1,0,0,0,0,0,0,0,0,0,0,0,"D",1747,15310
-0.108450727692727,0.0468381528562905,-0.484441040708755,0,1,1,1,1,0,0,0,0,0,0,0,0,0,0,0,"D",344,15311
-0.177952530150165,0.0631145265474509,-0.160797051133516,0,1,1,1,1,0,0,0,0,0,0,0,0,0,0,0,"D",3343,15312
0.0452858022898897,0.111670512541355,-0.287380984100175,0,1,1,1,1,0,0,0,0,0,0,0,0,0,0,0,"D",2191,15313
-0.0231031331272956,0.0411853308274026,-0.170188175250442,0,1,1,1,1,0,0,0,0,0,0,0,0,0,0,0,"D",2986,15314
0.0356876667393534,0.104301603899959,1.93722296325875,0,1,1,1,1,0,0,0,0,0,0,0,0,0,0,0,"D",3527,15315
-0.224384714879628,0.0901660344070343,1.08426128132443,0,1,1,1,1,0,0,0,0,0,0,0,0,0,0,0,"D",3748,15316
-0.0052778268043989,0.080867356683079,-0.39343000047338,0,1,1,1,1,0,0,0,0,0,0,0,0,0,0,0,"D",930,15317
-0.0444613401395525,0.101640944331504,-1.07457760038588,0,1,1,1,1,0,0,0,0,0,0,0,0,0,0,0,"D",1560,15318
-0.0159316754628447,0.0797167492908991,-1.94769705161928,0,1,1,1,1,0,0,0,0,0,0,0,0,0,0,0,"D",1549,15319
-0.200953895508056,0.22562419558053,-1.85511680865423,0,1,1,1,1,0,0,0,0,0,0,0,0,0,0,0,"D",3423,15320
-0.184111713596766,0.0852795834547249,0.847196599396225,0,1,1,1,1,0,0,0,0,0,0,0,0,0,0,0,"D",3464,15321
-0.0800255870714569,0.106607479681958,0.42925051511289,0,1,1,1,1,0,0,0,0,0,0,0,0,0,0,0,"D",1646,15322
0.0690873175668296,0.073446437997647,-1.40118559643948,0,1,1,1,1,0,0,0,0,0,0,0,0,0,0,0,"D",2823,15323
-0.134074203107502,0.11628412284524,-0.707108848567636,0,1,1,1,1,0,0,0,0,0,0,0,0,0,0,0,"D",2022,15324
-0.0714480447458553,0.0158522670279738,0.151201066830483,0,1,1,1,1,0,0,0,0,0,0,0,0,0,0,0,"D",1255,15325
0.131576744387984,0.012833859086718,0.868410407984728,0,1,1,1,1,0,0,0,0,0,0,0,0,0,0,0,"D",1691,15326
-0.207420013824661,0.117893946382707,-1.52397285223855,0,1,1,1,1,0,0,0,0,0,0,0,0,0,0,0,"D",3414,15327
-0.153297955602305,0.110384283622952,1.15867932787132,0,1,1,1,1,0,0,0,0,0,0,0,0,0,0,0,"D",1362,15328
0.0107451342297012,0.139070142447284,-2.13042821395432,0,1,1,1,1,0,0,0,0,0,0,0,0,0,0,0,"D",2845,15329
-0.196691990936458,0.179815421925293,1.07533601162022,0,1,1,1,1,0,0,0,0,0,0,0,0,0,0,0,"D",2333,15330
-0.0430439196084178,0.0724339213477273,1.08845944748906,0,1,1,1,1,0,0,0,0,0,0,0,0,0,0,0,"D",2005,15331
-0.0874011465106922,0.136416124705754,-1.15488226273528,0,1,1,1,1,0,0,0,0,0,0,0,0,0,0,0,"D",2937,15332
-0.109955793410424,0.0763444384436489,0.394770406523207,0,1,1,1,1,0,0,0,0,0,0,0,0,0,0,0,"D",1628,15333
-0.128939804179841,0.160452025100468,-0.416443066608725,0,1,1,1,1,0,0,0,0,0,0,0,0,0,0,0,"D",3122,15334
-0.0804507405858727,0.123738328930981,-0.870457377682977,0,1,1,1,1,0,0,0,0,0,0,0,0,0,0,0,"D",666,15335
-0.107773442309597,0.0376307499791072,0.62380500073793,0,1,1,1,1,0,0,0,0,0,0,0,0,0,0,0,"D",1125,15336
0.119960331555053,0.0987084321134177,0.157567263548001,0,1,1,1,1,0,0,0,0,0,0,0,0,0,0,0,"D",33,15337
-0.0897461850999587,0.147398100775818,-1.40967792188325,0,1,1,1,1,0,0,0,0,0,0,0,0,0,0,0,"D",1671,15338
-0.139756059209883,0.153855016971026,-0.855638142089676,0,1,1,1,1,0,0,0,0,0,0,0,0,0,0,0,"D",2714,15339
-0.18200648369366,0.0646276981984721,0.390258548588064,0,1,1,1,1,0,0,0,0,0,0,0,0,0,0,0,"D",946,15340
-0.151055642182834,0.0275372900453988,1.16388911685586,0,1,1,1,1,0,0,0,0,0,0,0,0,0,0,0,"D",2718,15341
-0.182875907857481,0.0856546275817667,-1.77475189724742,0,1,1,1,1,0,0,0,0,0,0,0,0,0,0,0,"D",2372,15342
-0.119290629612645,0.0825243901246217,-0.695006181091083,0,1,1,1,1,0,0,0,0,0,0,0,0,0,0,0,"D",1117,15343
0.0244080336001407,0.0170293088799016,0.371233054646513,0,1,1,1,1,0,0,0,0,0,0,0,0,0,0,0,"D",3186,15344
-0.0860369608752118,0.122046259563434,-0.180946090648915,0,1,1,1,1,0,0,0,0,0,0,0,0,0,0,0,"D",2648,15345
-0.324051178369022,0.225277869927191,-1.10899213858126,0,1,1,1,1,0,0,0,0,0,0,0,0,0,0,0,"D",3379,15346
-0.111714728542261,0.0977491316896631,-0.610157080664318,0,1,1,1,1,0,0,0,0,0,0,0,0,0,0,0,"D",2742,15347
0.150924337559957,0.12416538904537,-1.41503768110828,0,1,1,1,1,0,0,0,0,0,0,0,0,0,0,0,"D",2336,15348
-0.000504909300413126,0.0540198076388712,0.651242964495618,0,1,1,1,1,0,0,0,0,0,0,0,0,0,0,0,"D",267,15349
-0.0187829782102179,0.0675183403816601,0.636369659966417,0,1,1,1,1,0,0,0,0,0,0,0,0,0,0,0,"D",1359,15350
-0.0280021025903061,0.0506698018524644,-1.25577086131165,0,1,1,1,1,0,0,0,0,0,0,0,0,0,0,0,"D",1441,15351
-0.159482038850247,0.100243441821001,-1.75619686033018,0,1,1,1,1,0,0,0,0,0,0,0,0,0,0,0,"D",1962,15352
-0.0774229042438799,0.0816718292738381,-1.89596601005582,0,1,1,1,1,0,0,0,0,0,0,0,0,0,0,0,"D",3717,15353
-0.230805616744041,0.167228199545018,-0.196186977179675,0,1,1,1,1,0,0,0,0,0,0,0,0,0,0,0,"D",347,15354
-0.126248378063735,0.110005028149275,-1.27992475872014,0,1,1,1,1,0,0,0,0,0,0,0,0,0,0,0,"D",2090,15355
-0.00414810336746101,0.136880857671077,0.376568598961266,0,1,1,1,1,0,0,0,0,0,0,0,0,0,0,0,"D",3406,15356
-0.082662241782315,0.14365068723961,0.113407506027316,0,1,1,1,1,0,0,0,0,0,0,0,0,0,0,0,"D",2061,15357
-0.0590138026399433,0.111013865026834,1.00792392012525,0,1,1,1,1,0,0,0,0,0,0,0,0,0,0,0,"D",3699,15358
-0.132772670709993,0.148439520691581,-1.06515416407695,0,1,1,1,1,0,0,0,0,0,0,0,0,0,0,0,"D",1385,15359
-0.136558224115962,0.0379563990761415,0.303228937597656,0,1,1,1,1,0,0,0,0,0,0,0,0,0,0,0,"D",729,15360
-0.039129629544936,0.108983305128511,-1.6200616955579,0,1,1,1,1,0,0,0,0,0,0,0,0,0,0,0,"D",712,15361
-0.0748943479030329,0.0419752395316085,-0.153643502512885,0,1,1,1,1,0,0,0,0,0,0,0,0,0,0,0,"D",656,15362
0.00197167998712438,0.0640143686270248,-0.986404900567885,0,1,1,1,1,0,0,0,0,0,0,0,0,0,0,0,"D",1397,15363
-0.101203567312812,0.119376446159808,-1.8571033212634,0,1,1,1,1,0,0,0,0,0,0,0,0,0,0,0,"D",2074,15364
-0.195147560255066,0.168728992510936,0.637242212646091,0,1,1,1,1,0,0,0,0,0,0,0,0,0,0,0,"D",857,15365
-0.269353244255384,0.21407810952309,-0.254833994572419,0,1,1,1,1,0,0,0,0,0,0,0,0,0,0,0,"D",2257,15366
-0.14520907249996,0.133543434422418,0.607811744728762,0,1,1,1,1,0,0,0,0,0,0,0,0,0,0,0,"D",1072,15367
-0.0132105789723885,0.0850054252933328,0.0343079356997057,0,1,1,1,1,0,0,0,0,0,0,0,0,0,0,0,"D",1687,15368
0.00676858540800039,0.0567465562374925,-0.978883014073621,0,1,1,1,1,0,0,0,0,0,0,0,0,0,0,0,"D",2575,15369
-0.23369739473765,0.130618551673735,1.77754081284917,0,1,1,1,1,0,0,0,0,0,0,0,0,0,0,0,"D",3006,15370
-0.0682532240603163,0.162650100400222,-0.440865281517217,0,1,1,1,1,0,0,0,0,0,0,0,0,0,0,0,"D",3732,15371
-0.097906081883554,0.136430023366488,-0.416734359226404,0,1,1,1,1,0,0,0,0,0,0,0,0,0,0,0,"D",482,15372
-0.0868280784872293,0.124489926137776,-0.84294101214281,0,1,1,1,1,0,0,0,0,0,0,0,0,0,0,0,"D",1341,15373
-0.111420578865881,0.0292255841734646,-0.0157400097405552,0,1,1,1,1,0,0,0,0,0,0,0,0,0,0,0,"D",3204,15374
-0.147873136776054,0.0691534595818603,-1.36244791426439,0,1,1,1,1,0,0,0,0,0,0,0,0,0,0,0,"D",1763,15375
-0.162100187549115,0.0497257879877917,0.0641066677938479,0,1,1,1,1,0,0,0,0,0,0,0,0,0,0,0,"D",2318,15376
-0.0894670593386578,0.203958296592381,2.53791285544534,0,1,1,1,1,0,0,0,0,0,0,0,0,0,0,0,"D",1059,15377
-0.231886506581209,0.164060750398452,-1.73726071635262,0,1,1,1,1,0,0,0,0,0,0,0,0,0,0,0,"D",1290,15378
-0.00948322291673345,0.0692765789155332,0.0399177733835195,0,1,1,1,1,0,0,0,0,0,0,0,0,0,0,0,"D",3146,15379
-0.247944608560607,0.143797776834456,0.710985886326285,0,1,1,1,1,0,0,0,0,0,0,0,0,0,0,0,"D",1594,15380
-0.110416780219087,0.132211077120866,-1.34376067428227,0,1,1,1,1,0,0,0,0,0,0,0,0,0,0,0,"D",2727,15381
-0.0548461485093696,0.107232655789961,-0.556669978632977,0,1,1,1,1,0,0,0,0,0,0,0,0,0,0,0,"D",2960,15382
-0.0504019109490357,0.0972304874602998,-0.713195719321137,0,1,1,1,1,0,0,0,0,0,0,0,0,0,0,0,"D",3738,15383
-0.0838687233037929,0.161857638366573,-1.05769013837408,0,1,1,1,1,0,0,0,0,0,0,0,0,0,0,0,"D",1567,15384
-0.0139786454946366,0.135552615422285,-1.71514714815223,0,1,1,1,1,0,0,0,0,0,0,0,0,0,0,0,"D",1930,15385
-0.0988572216473244,-0.00513301905623811,1.93805953554618,0,1,1,1,1,0,0,0,0,0,0,0,0,0,0,0,"D",3714,15386
-0.0683687604964181,0.219710393149368,-0.787922277947916,0,1,1,1,1,0,0,0,0,0,0,0,0,0,0,0,"D",435,15387
0.0131252969299197,0.0391963787943873,-0.0470625418838767,0,1,1,1,1,0,0,0,0,0,0,0,0,0,0,0,"D",1461,15388
-0.0552048727586432,0.0798814846062499,0.552941761804135,0,1,1,1,1,0,0,0,0,0,0,0,0,0,0,0,"D",2661,15389
-0.0791241735841048,0.0789512452807404,-1.3531755299819,0,1,1,1,1,0,0,0,0,0,0,0,0,0,0,0,"D",1967,15390
-0.13505710081746,0.172603504197787,-0.482382135735483,0,1,1,1,1,0,0,0,0,0,0,0,0,0,0,0,"D",2087,15391
-0.0941412986720247,0.0978877859018169,-2.29135213153413,0,1,1,1,1,0,0,0,0,0,0,0,0,0,0,0,"D",2137,15392
-0.0652767658221004,0.1136068705063,-1.10301778809781,0,1,1,1,1,0,0,0,0,0,0,0,0,0,0,0,"D",2578,15393
-0.188489332905412,0.112465791940065,-0.432642157910601,0,1,1,1,1,0,0,0,0,0,0,0,0,0,0,0,"D",899,15394
-0.248175003812688,0.0965675306627937,0.201646176034373,0,1,1,1,1,0,0,0,0,0,0,0,0,0,0,0,"D",3030,15395
-0.0220392624460878,0.0900940560189995,-0.908738201744325,0,1,1,1,1,0,0,0,0,0,0,0,0,0,0,0,"D",2602,15396
-0.0452852933063997,0.0911430279617654,0.264533856007852,0,1,1,1,1,0,0,0,0,0,0,0,0,0,0,0,"D",394,15397
-0.0989552853970357,0.0498294473301777,0.942182964707093,0,1,1,1,1,0,0,0,0,0,0,0,0,0,0,0,"D",3326,15398
-0.058466091245096,0.186245247190031,-1.66938750198013,0,1,1,1,1,0,0,0,0,0,0,0,0,0,0,0,"D",2240,15399
-0.0825402671302502,0.131321785888767,-0.211665104105688,0,1,1,1,0,0,0,0,1,0,0,0,0,0,0,0,"C",491,15400
-0.0845136510561584,0.0551166134804979,-0.265857364662591,0,1,1,1,0,0,0,0,1,0,0,0,0,0,0,0,"C",3721,15401
-0.0391280247146941,0.133333572903057,0.75259844283067,0,1,1,1,0,0,0,0,1,0,0,0,0,0,0,0,"C",3402,15402
-0.023407836676199,0.0973703647369638,0.964051698507122,0,1,1,1,0,0,0,0,1,0,0,0,0,0,0,0,"C",368,15403
-0.0876684090319269,0.123723622346255,0.0598780713704213,0,1,1,1,0,0,0,0,1,0,0,0,0,0,0,0,"C",1484,15404
-0.0589690651233614,0.121106104093786,0.494884440525688,0,1,1,1,0,0,0,0,1,0,0,0,0,0,0,0,"C",2487,15405
-0.121351928642525,0.19267400380044,0.440627120126896,0,1,1,1,0,0,0,0,1,0,0,0,0,0,0,0,"C",1608,15406
-0.0818915530810741,0.14582674573014,0.504439956359241,0,1,1,1,0,0,0,0,1,0,0,0,0,0,0,0,"C",1462,15407
-0.0883388331634093,0.144046510510984,0.195920943754265,0,1,1,1,0,0,0,0,1,0,0,0,0,0,0,0,"C",3495,15408
-0.138911441641371,0.137041857534894,1.38871677455975,0,1,1,1,0,0,0,0,1,0,0,0,0,0,0,0,"C",3583,15409
-0.115307003104557,0.172039900367109,0.905930988379699,0,1,1,1,0,0,0,0,1,0,0,0,0,0,0,0,"C",1747,15410
-0.00890324463038647,0.102069162191089,0.716347024243601,0,1,1,1,0,0,0,0,1,0,0,0,0,0,0,0,"C",344,15411
-0.109482542726599,0.15397514426464,0.537317570321789,0,1,1,1,0,0,0,0,1,0,0,0,0,0,0,0,"C",3343,15412
-0.00354211324560317,0.114802728229848,0.654305510927847,0,1,1,1,0,0,0,0,1,0,0,0,0,0,0,0,"C",2191,15413
-0.101119559928347,0.141779493183141,0.522880858124578,0,1,1,1,0,0,0,0,1,0,0,0,0,0,0,0,"C",2986,15414
-0.0427964362096974,0.16362764335188,0.253694791300173,0,1,1,1,0,0,0,0,1,0,0,0,0,0,0,0,"C",3527,15415
-0.0513093583226298,0.122727289294169,0.711415643566821,0,1,1,1,0,0,0,0,1,0,0,0,0,0,0,0,"C",3748,15416
-0.0512602852981366,0.15186998935852,0.496549289668582,0,1,1,1,0,0,0,0,1,0,0,0,0,0,0,0,"C",930,15417
-0.0620491711401111,0.145518345166054,1.1152937336484,0,1,1,1,0,0,0,0,1,0,0,0,0,0,0,0,"C",1560,15418
-0.110716480926176,0.0980052780529251,0.27980983260617,0,1,1,1,0,0,0,0,1,0,0,0,0,0,0,0,"C",1549,15419
-0.0373694337163506,0.0894091609883295,0.521005438568933,0,1,1,1,0,0,0,0,1,0,0,0,0,0,0,0,"C",3423,15420
-0.0537543672283065,0.169255802062507,0.816643270815211,0,1,1,1,0,0,0,0,1,0,0,0,0,0,0,0,"C",3464,15421
-0.0777195211105376,0.0343196866883596,0.598551929721945,0,1,1,1,0,0,0,0,1,0,0,0,0,0,0,0,"C",1646,15422
-0.0391028865878122,0.0814572899214507,0.298633882178546,0,1,1,1,0,0,0,0,1,0,0,0,0,0,0,0,"C",2823,15423
-0.082724213517666,0.10629182015913,0.332245296757313,0,1,1,1,0,0,0,0,1,0,0,0,0,0,0,0,"C",2022,15424
-0.0780887916735991,0.104034106486192,0.0785285524074668,0,1,1,1,0,0,0,0,1,0,0,0,0,0,0,0,"C",1255,15425
-0.0624610142915823,0.12975972979217,0.280610276806019,0,1,1,1,0,0,0,0,1,0,0,0,0,0,0,0,"C",1691,15426
-0.132337476762102,0.15371701286482,0.760470767916261,0,1,1,1,0,0,0,0,1,0,0,0,0,0,0,0,"C",3414,15427
-0.0689784171137935,0.163736141333878,0.487018280415859,0,1,1,1,0,0,0,0,1,0,0,0,0,0,0,0,"C",1362,15428
-0.0884684711603357,0.100151349154415,-0.667232816173365,0,1,1,1,0,0,0,0,1,0,0,0,0,0,0,0,"C",2845,15429
-0.0195221609156208,0.115095592582529,0.24705217601581,0,1,1,1,0,0,0,0,1,0,0,0,0,0,0,0,"C",2333,15430
-0.0906358223208823,0.108922121461332,0.388358158676618,0,1,1,1,0,0,0,0,1,0,0,0,0,0,0,0,"C",2005,15431
-0.0127625103330348,0.0906023171328589,0.414601413188955,0,1,1,1,0,0,0,0,1,0,0,0,0,0,0,0,"C",2937,15432
-0.138156696000749,0.200573003637832,0.438394115316004,0,1,1,1,0,0,0,0,1,0,0,0,0,0,0,0,"C",1628,15433
-0.087697513955532,0.0703953483853818,0.558459241803554,0,1,1,1,0,0,0,0,1,0,0,0,0,0,0,0,"C",3122,15434
-0.0914800654881429,0.143037041859289,0.555003198150641,0,1,1,1,0,0,0,0,1,0,0,0,0,0,0,0,"C",666,15435
-0.00757185475957908,0.112432837475358,0.469242571462369,0,1,1,1,0,0,0,0,1,0,0,0,0,0,0,0,"C",1125,15436
-0.119473051495872,0.151886642942605,0.591882507705969,0,1,1,1,0,0,0,0,1,0,0,0,0,0,0,0,"C",33,15437
-0.0252935603213374,0.150732944688704,0.853971636301006,0,1,1,1,0,0,0,0,1,0,0,0,0,0,0,0,"C",1671,15438
-0.0830508811944326,0.192449588864752,0.694695882010819,0,1,1,1,0,0,0,0,1,0,0,0,0,0,0,0,"C",2714,15439
-0.131147442911704,0.0985051882350248,0.20771142957002,0,1,1,1,0,0,0,0,1,0,0,0,0,0,0,0,"C",946,15440
-0.118514380292893,0.140081734472214,0.183582953082393,0,1,1,1,0,0,0,0,1,0,0,0,0,0,0,0,"C",2718,15441
-0.0998888622545525,0.0713321882083354,0.462341389209101,0,1,1,1,0,0,0,0,1,0,0,0,0,0,0,0,"C",2372,15442
-0.00884662983879753,0.0552332874280543,0.378766039908631,0,1,1,1,0,0,0,0,1,0,0,0,0,0,0,0,"C",1117,15443
-0.128078427663682,0.180740865945902,0.872290635674049,0,1,1,1,0,0,0,0,1,0,0,0,0,0,0,0,"C",3186,15444
-0.0223773082095205,0.119823043451336,0.614575939046883,0,1,1,1,0,0,0,0,1,0,0,0,0,0,0,0,"C",2648,15445
-7.91319129877024e-06,0.114285049161065,0.354813883957251,0,1,1,1,0,0,0,0,1,0,0,0,0,0,0,0,"C",3379,15446
-0.0107688564321695,0.131433624696695,0.676129936756084,0,1,1,1,0,0,0,0,1,0,0,0,0,0,0,0,"C",2742,15447
-0.142942422529222,0.139014689864124,0.504860581736245,0,1,1,1,0,0,0,0,1,0,0,0,0,0,0,0,"C",2336,15448
-0.125894270466246,0.135142383633878,0.153138601361521,0,1,1,1,0,0,0,0,1,0,0,0,0,0,0,0,"C",267,15449
-0.124974159025917,0.142486537865334,0.269227783994804,0,1,1,1,0,0,0,0,1,0,0,0,0,0,0,0,"C",1359,15450
-0.0298387004142911,0.125303665504915,0.68487079778918,0,1,1,1,0,0,0,0,1,0,0,0,0,0,0,0,"C",1441,15451
-0.0501311173726283,0.102214958720558,1.4295236398309,0,1,1,1,0,0,0,0,1,0,0,0,0,0,0,0,"C",1962,15452
0.00706524450701563,0.0844335543704809,0.16416841268207,0,1,1,1,0,0,0,0,1,0,0,0,0,0,0,0,"C",3717,15453
-0.175157574390445,0.200630456169555,1.27352673990799,0,1,1,1,0,0,0,0,1,0,0,0,0,0,0,0,"C",347,15454
-0.0985268034074548,0.165416854329229,0.530317161416373,0,1,1,1,0,0,0,0,1,0,0,0,0,0,0,0,"C",2090,15455
-0.10190135380311,0.148850345654238,-0.123513921043396,0,1,1,1,0,0,0,0,1,0,0,0,0,0,0,0,"C",3406,15456
-0.104263649702944,0.10397727142273,-0.0743433325327713,0,1,1,1,0,0,0,0,1,0,0,0,0,0,0,0,"C",2061,15457
-0.0903577006084648,0.19436910837831,0.352336081095637,0,1,1,1,0,0,0,0,1,0,0,0,0,0,0,0,"C",3699,15458
-0.150257281103928,0.101457354667684,0.393748418494082,0,1,1,1,0,0,0,0,1,0,0,0,0,0,0,0,"C",1385,15459
-0.129596772159558,0.11789542797066,0.229794973330456,0,1,1,1,0,0,0,0,1,0,0,0,0,0,0,0,"C",729,15460
-0.088710710656142,0.110509855603428,0.161821499395389,0,1,1,1,0,0,0,0,1,0,0,0,0,0,0,0,"C",712,15461
-0.114767212763556,0.179427105569433,1.58955763516152,0,1,1,1,0,0,0,0,1,0,0,0,0,0,0,0,"C",656,15462
-0.147877799761042,0.170834740034416,0.886140441175714,0,1,1,1,0,0,0,0,1,0,0,0,0,0,0,0,"C",1397,15463
-0.126392723215445,0.209723706179656,1.24212702528582,0,1,1,1,0,0,0,0,1,0,0,0,0,0,0,0,"C",2074,15464
-0.0632201396905668,0.139224798798848,0.506594697429084,0,1,1,1,0,0,0,0,1,0,0,0,0,0,0,0,"C",857,15465
-0.0900817638552552,0.159859404321871,0.620996834303395,0,1,1,1,0,0,0,0,1,0,0,0,0,0,0,0,"C",2257,15466
-0.178579582765354,0.166170637799869,0.113162465490743,0,1,1,1,0,0,0,0,1,0,0,0,0,0,0,0,"C",1072,15467
-0.0940640680064056,0.118656228543081,0.256401014085799,0,1,1,1,0,0,0,0,1,0,0,0,0,0,0,0,"C",1687,15468
-0.102701748949295,0.139332715423121,-0.0407666711009426,0,1,1,1,0,0,0,0,1,0,0,0,0,0,0,0,"C",2575,15469
-0.137738410116799,0.16474460387247,0.856802933013707,0,1,1,1,0,0,0,0,1,0,0,0,0,0,0,0,"C",3006,15470
-0.0844649840670065,0.134419948303405,0.391290163641582,0,1,1,1,0,0,0,0,1,0,0,0,0,0,0,0,"C",3732,15471
-0.106473275073202,0.0797589964922495,0.0705772092816565,0,1,1,1,0,0,0,0,1,0,0,0,0,0,0,0,"C",482,15472
-0.0202642806503162,0.139177570477804,0.0176682109131691,0,1,1,1,0,0,0,0,1,0,0,0,0,0,0,0,"C",1341,15473
-0.145256767808392,0.175305529331755,1.51354601707679,0,1,1,1,0,0,0,0,1,0,0,0,0,0,0,0,"C",3204,15474
-0.051515181564633,0.0885186890638771,0.348775016630181,0,1,1,1,0,0,0,0,1,0,0,0,0,0,0,0,"C",1763,15475
-0.0191409686492186,0.137670231496777,0.725267904388184,0,1,1,1,0,0,0,0,1,0,0,0,0,0,0,0,"C",2318,15476
-0.112957486749518,0.194649184826599,1.40087150309927,0,1,1,1,0,0,0,0,1,0,0,0,0,0,0,0,"C",1059,15477
-0.0860309016703096,0.179470562358637,0.675335861992587,0,1,1,1,0,0,0,0,1,0,0,0,0,0,0,0,"C",1290,15478
-0.148664968698106,0.206976202688668,0.231487359145152,0,1,1,1,0,0,0,0,1,0,0,0,0,0,0,0,"C",3146,15479
-0.0207565598480096,0.132531820996843,0.44266530461507,0,1,1,1,0,0,0,0,1,0,0,0,0,0,0,0,"C",1594,15480
-0.0891562755868207,0.108084150651047,0.571236068444828,0,1,1,1,0,0,0,0,1,0,0,0,0,0,0,0,"C",2727,15481
-0.086390995722667,0.144739730317495,0.804473513552343,0,1,1,1,0,0,0,0,1,0,0,0,0,0,0,0,"C",2960,15482
-0.090219959365884,0.139623214758322,0.774478958793988,0,1,1,1,0,0,0,0,1,0,0,0,0,0,0,0,"C",3738,15483
-0.129722209844525,0.177227003024023,1.22907467298419,0,1,1,1,0,0,0,0,1,0,0,0,0,0,0,0,"C",1567,15484
-0.0767620094178878,0.101491074443317,0.868921490389749,0,1,1,1,0,0,0,0,1,0,0,0,0,0,0,0,"C",1930,15485
-0.160549926036144,0.171232667078865,0.636053462478235,0,1,1,1,0,0,0,0,1,0,0,0,0,0,0,0,"C",3714,15486
-0.140451167353761,0.192178385427268,0.853893277206018,0,1,1,1,0,0,0,0,1,0,0,0,0,0,0,0,"C",435,15487
-0.167108818918778,0.114860708272171,1.07878197956437,0,1,1,1,0,0,0,0,1,0,0,0,0,0,0,0,"C",1461,15488
-0.054458893567129,0.0569035220500488,0.367601699535418,0,1,1,1,0,0,0,0,1,0,0,0,0,0,0,0,"C",2661,15489
-0.0645383776264185,0.10334869606609,0.325286134883797,0,1,1,1,0,0,0,0,1,0,0,0,0,0,0,0,"C",1967,15490
-0.116451372959284,0.150827364415623,0.77722787290718,0,1,1,1,0,0,0,0,1,0,0,0,0,0,0,0,"C",2087,15491
-0.120523886428584,0.165067320899117,0.298017589302926,0,1,1,1,0,0,0,0,1,0,0,0,0,0,0,0,"C",2137,15492
-0.10033593958322,0.101274488973298,0.577413416987688,0,1,1,1,0,0,0,0,1,0,0,0,0,0,0,0,"C",2578,15493
-0.146808809284572,0.210172639409153,0.430363727901413,0,1,1,1,0,0,0,0,1,0,0,0,0,0,0,0,"C",899,15494
-0.193303660243932,0.151794178580237,0.689417030521763,0,1,1,1,0,0,0,0,1,0,0,0,0,0,0,0,"C",3030,15495
-0.162600957246643,0.157713731961147,0.0713618536019725,0,1,1,1,0,0,0,0,1,0,0,0,0,0,0,0,"C",2602,15496
-0.0736957441688037,0.0898090417144612,0.762876538381194,0,1,1,1,0,0,0,0,1,0,0,0,0,0,0,0,"C",394,15497
-0.0299742743572575,0.150050637156502,0.553682021548357,0,1,1,1,0,0,0,0,1,0,0,0,0,0,0,0,"C",3326,15498
-0.0608355264981798,0.135430005478438,0.609650784848394,0,1,1,1,0,0,0,0,1,0,0,0,0,0,0,0,"C",2240,15499
-0.0542802135088437,0.103957341746786,-0.022620307481968,0,1,1,1,0,0,0,0,1,0,0,0,0,0,0,0,"D",491,15500
0.00346682960453456,0.0532646372466066,-0.014665689067784,0,1,1,1,0,0,0,0,1,0,0,0,0,0,0,0,"D",3721,15501
-0.00733597570037498,0.200092559357767,1.78742480131509,0,1,1,1,0,0,0,0,1,0,0,0,0,0,0,0,"D",3402,15502
0.0288231843553507,0.0535641699287361,0.187880681248574,0,1,1,1,0,0,0,0,1,0,0,0,0,0,0,0,"D",368,15503
-0.156291621727924,0.0448264495347244,-1.19325224877049,0,1,1,1,0,0,0,0,1,0,0,0,0,0,0,0,"D",1484,15504
-0.233146238127659,0.130048515470527,-1.46561286509978,0,1,1,1,0,0,0,0,1,0,0,0,0,0,0,0,"D",2487,15505
-0.232316175757862,0.0979767036873945,-1.81826157483965,0,1,1,1,0,0,0,0,1,0,0,0,0,0,0,0,"D",1608,15506
-0.128208008141379,0.0348660244296505,-1.35341711454829,0,1,1,1,0,0,0,0,1,0,0,0,0,0,0,0,"D",1462,15507
-0.147209914844193,0.134827971980278,-0.141806926756822,0,1,1,1,0,0,0,0,1,0,0,0,0,0,0,0,"D",3495,15508
-0.173890344047078,0.172718963044945,0.249272486639773,0,1,1,1,0,0,0,0,1,0,0,0,0,0,0,0,"D",3583,15509
-0.174726295854345,0.187914845356946,1.70957200967161,0,1,1,1,0,0,0,0,1,0,0,0,0,0,0,0,"D",1747,15510
-0.0601230031556956,0.108978837622032,-1.65898837976465,0,1,1,1,0,0,0,0,1,0,0,0,0,0,0,0,"D",344,15511
-0.174529306341437,0.0801460692153214,0.422360196780342,0,1,1,1,0,0,0,0,1,0,0,0,0,0,0,0,"D",3343,15512
0.0946361005694727,0.141928482182069,-0.22468585904108,0,1,1,1,0,0,0,0,1,0,0,0,0,0,0,0,"D",2191,15513
-0.0522162660852305,-0.00229959755195268,-1.32416392658053,0,1,1,1,0,0,0,0,1,0,0,0,0,0,0,0,"D",2986,15514
-0.0421080723350414,0.129470297489663,0.923964628521558,0,1,1,1,0,0,0,0,1,0,0,0,0,0,0,0,"D",3527,15515
-0.181123506816789,0.112017251025958,0.846684434872885,0,1,1,1,0,0,0,0,1,0,0,0,0,0,0,0,"D",3748,15516
-0.0103650510798389,0.135116106324795,-0.45780657414912,0,1,1,1,0,0,0,0,1,0,0,0,0,0,0,0,"D",930,15517
-0.0861926761223251,0.115595719809208,-1.13762827130667,0,1,1,1,0,0,0,0,1,0,0,0,0,0,0,0,"D",1560,15518
-0.0285825627845723,0.0746431212002752,-1.51933290545796,0,1,1,1,0,0,0,0,1,0,0,0,0,0,0,0,"D",1549,15519
-0.183339300474272,0.237084629560962,-1.84765995683378,0,1,1,1,0,0,0,0,1,0,0,0,0,0,0,0,"D",3423,15520
-0.181908209556356,0.140052241489827,0.635542362291932,0,1,1,1,0,0,0,0,1,0,0,0,0,0,0,0,"D",3464,15521
-0.0547105950114786,0.122000567321669,0.476255915412789,0,1,1,1,0,0,0,0,1,0,0,0,0,0,0,0,"D",1646,15522
0.0198648324033617,0.0404551836795155,-0.816246213036335,0,1,1,1,0,0,0,0,1,0,0,0,0,0,0,0,"D",2823,15523
-0.13662396465143,0.145095285362881,-0.335601638586365,0,1,1,1,0,0,0,0,1,0,0,0,0,0,0,0,"D",2022,15524
-0.113253797978227,0.0842212019444017,0.0503551807240416,0,1,1,1,0,0,0,0,1,0,0,0,0,0,0,0,"D",1255,15525
0.135220784788266,-0.00353648342827275,-0.456411602563264,0,1,1,1,0,0,0,0,1,0,0,0,0,0,0,0,"D",1691,15526
-0.199453224635528,0.146188078936935,-1.78053230107801,0,1,1,1,0,0,0,0,1,0,0,0,0,0,0,0,"D",3414,15527
-0.135031259520052,0.126561571207236,1.24947954562665,0,1,1,1,0,0,0,0,1,0,0,0,0,0,0,0,"D",1362,15528
0.00107134587256613,0.182355416240181,-2.10414967200471,0,1,1,1,0,0,0,0,1,0,0,0,0,0,0,0,"D",2845,15529
-0.242193416495902,0.179842349530569,0.678315340806472,0,1,1,1,0,0,0,0,1,0,0,0,0,0,0,0,"D",2333,15530
-0.0273947054641908,0.117282658040512,0.39094667171179,0,1,1,1,0,0,0,0,1,0,0,0,0,0,0,0,"D",2005,15531
-0.110700675417124,0.155835859590242,0.0725486549303939,0,1,1,1,0,0,0,0,1,0,0,0,0,0,0,0,"D",2937,15532
-0.14156652210222,0.064613980497903,-0.20469549363407,0,1,1,1,0,0,0,0,1,0,0,0,0,0,0,0,"D",1628,15533
-0.100825681181312,0.164058375976821,-0.347973856546351,0,1,1,1,0,0,0,0,1,0,0,0,0,0,0,0,"D",3122,15534
-0.00539627449238771,0.147466600653217,-0.812266023910087,0,1,1,1,0,0,0,0,1,0,0,0,0,0,0,0,"D",666,15535
-0.162263656187142,0.0713751581251014,-0.934965127484965,0,1,1,1,0,0,0,0,1,0,0,0,0,0,0,0,"D",1125,15536
0.131765806851049,0.13530913099676,0.193480124346275,0,1,1,1,0,0,0,0,1,0,0,0,0,0,0,0,"D",33,15537
-0.173138043222822,0.137977416064882,-0.631102704076232,0,1,1,1,0,0,0,0,1,0,0,0,0,0,0,0,"D",1671,15538
-0.148056258926302,0.212067759356155,-0.335763530913086,0,1,1,1,0,0,0,0,1,0,0,0,0,0,0,0,"D",2714,15539
-0.121666179555126,0.145761934069754,0.362699759036059,0,1,1,1,0,0,0,0,1,0,0,0,0,0,0,0,"D",946,15540
-0.169057755842447,0.080545287143766,-0.037215547659472,0,1,1,1,0,0,0,0,1,0,0,0,0,0,0,0,"D",2718,15541
-0.207275407277835,0.148332237363526,-0.319352821447956,0,1,1,1,0,0,0,0,1,0,0,0,0,0,0,0,"D",2372,15542
-0.164163672975205,0.11838452657533,-0.866907777751109,0,1,1,1,0,0,0,0,1,0,0,0,0,0,0,0,"D",1117,15543
-0.000394546745420013,0.0471601971490683,1.39637588797938,0,1,1,1,0,0,0,0,1,0,0,0,0,0,0,0,"D",3186,15544
-0.110842205823212,0.107059525127348,-0.398519461484341,0,1,1,1,0,0,0,0,1,0,0,0,0,0,0,0,"D",2648,15545
-0.302165473470542,0.282532073855597,-0.832158230374305,0,1,1,1,0,0,0,0,1,0,0,0,0,0,0,0,"D",3379,15546
-0.121204103446798,0.147062355530874,-0.35586931789048,0,1,1,1,0,0,0,0,1,0,0,0,0,0,0,0,"D",2742,15547
0.13297754213421,0.16709774929586,-0.841699700994082,0,1,1,1,0,0,0,0,1,0,0,0,0,0,0,0,"D",2336,15548
-0.0206934243427614,0.0997325149408127,0.59028267408432,0,1,1,1,0,0,0,0,1,0,0,0,0,0,0,0,"D",267,15549
-0.0453197050012315,0.0986956374605134,0.862905033316448,0,1,1,1,0,0,0,0,1,0,0,0,0,0,0,0,"D",1359,15550
-0.0302362519720716,0.124913636831393,-1.713331025314,0,1,1,1,0,0,0,0,1,0,0,0,0,0,0,0,"D",1441,15551
-0.221440356309295,0.123183663154751,-1.07634328459961,0,1,1,1,0,0,0,0,1,0,0,0,0,0,0,0,"D",1962,15552
-0.0745520749786537,0.10939007677672,-1.73295156310086,0,1,1,1,0,0,0,0,1,0,0,0,0,0,0,0,"D",3717,15553
-0.287924102637125,0.09581082394923,-0.577678428530387,0,1,1,1,0,0,0,0,1,0,0,0,0,0,0,0,"D",347,15554
-0.21528531922784,0.0534120014405042,-0.874536563104754,0,1,1,1,0,0,0,0,1,0,0,0,0,0,0,0,"D",2090,15555
-0.0111405453795203,0.171263819094754,0.126947924285004,0,1,1,1,0,0,0,0,1,0,0,0,0,0,0,0,"D",3406,15556
-0.0277644643020887,0.207574329529663,0.246933806895565,0,1,1,1,0,0,0,0,1,0,0,0,0,0,0,0,"D",2061,15557
-0.114961880900018,0.125055832793183,0.395536896668128,0,1,1,1,0,0,0,0,1,0,0,0,0,0,0,0,"D",3699,15558
-0.0946238573301044,0.153486351759422,-0.481090883025217,0,1,1,1,0,0,0,0,1,0,0,0,0,0,0,0,"D",1385,15559
-0.119977185312897,0.0535169874994988,-1.75448717048362,0,1,1,1,0,0,0,0,1,0,0,0,0,0,0,0,"D",729,15560
-0.107988281303282,0.0757215158548891,-0.935786290345739,0,1,1,1,0,0,0,0,1,0,0,0,0,0,0,0,"D",712,15561
-0.087143296696555,0.0934191198868267,0.0624543569548321,0,1,1,1,0,0,0,0,1,0,0,0,0,0,0,0,"D",656,15562
-0.068728333625041,0.0438166088537424,-0.354905886343847,0,1,1,1,0,0,0,0,1,0,0,0,0,0,0,0,"D",1397,15563
-0.0870416949525675,0.104687123188356,-1.14173648854872,0,1,1,1,0,0,0,0,1,0,0,0,0,0,0,0,"D",2074,15564
-0.209861403711008,0.210870574143101,0.397303623449181,0,1,1,1,0,0,0,0,1,0,0,0,0,0,0,0,"D",857,15565
-0.358576445057799,0.127445320500942,-0.596626954517978,0,1,1,1,0,0,0,0,1,0,0,0,0,0,0,0,"D",2257,15566
-0.196722602798031,0.0890697737080705,0.255936780673127,0,1,1,1,0,0,0,0,1,0,0,0,0,0,0,0,"D",1072,15567
-0.100544801950279,0.105359259503631,-0.749685984219887,0,1,1,1,0,0,0,0,1,0,0,0,0,0,0,0,"D",1687,15568
0.00122288066186255,0.108315743921563,-0.729977693741274,0,1,1,1,0,0,0,0,1,0,0,0,0,0,0,0,"D",2575,15569
-0.246559088582216,0.0852059029096084,0.625354313208374,0,1,1,1,0,0,0,0,1,0,0,0,0,0,0,0,"D",3006,15570
-0.126785861037104,0.239622440695817,-0.478007755200177,0,1,1,1,0,0,0,0,1,0,0,0,0,0,0,0,"D",3732,15571
-0.128147746921125,0.120836253493375,-0.27317143760054,0,1,1,1,0,0,0,0,1,0,0,0,0,0,0,0,"D",482,15572
-0.068842253870865,0.155311299381944,-1.07129250152216,0,1,1,1,0,0,0,0,1,0,0,0,0,0,0,0,"D",1341,15573
-0.101000728704276,0.0277319281390401,-1.12205603749743,0,1,1,1,0,0,0,0,1,0,0,0,0,0,0,0,"D",3204,15574
-0.133549233148845,0.0959021932405278,-2.06826769892157,0,1,1,1,0,0,0,0,1,0,0,0,0,0,0,0,"D",1763,15575
-0.179668455104811,0.109951128729065,0.143084628936049,0,1,1,1,0,0,0,0,1,0,0,0,0,0,0,0,"D",2318,15576
-0.11828948675275,0.145505265349207,2.22200815549058,0,1,1,1,0,0,0,0,1,0,0,0,0,0,0,0,"D",1059,15577
-0.204576548557974,0.12903364822792,-1.6892978592481,0,1,1,1,0,0,0,0,1,0,0,0,0,0,0,0,"D",1290,15578
-0.0872066254867506,0.16969951581777,0.474228448516949,0,1,1,1,0,0,0,0,1,0,0,0,0,0,0,0,"D",3146,15579
-0.236328505206182,0.236287766316801,0.648815088053094,0,1,1,1,0,0,0,0,1,0,0,0,0,0,0,0,"D",1594,15580
-0.10355340629075,0.218938650471611,-1.35767066988397,0,1,1,1,0,0,0,0,1,0,0,0,0,0,0,0,"D",2727,15581
-0.0985370677501388,0.0910208637766987,-1.03320256770471,0,1,1,1,0,0,0,0,1,0,0,0,0,0,0,0,"D",2960,15582
-0.127289611817021,0.08733318645767,-0.660606493586885,0,1,1,1,0,0,0,0,1,0,0,0,0,0,0,0,"D",3738,15583
-0.132597541276953,0.102842081799934,-0.725326276782293,0,1,1,1,0,0,0,0,1,0,0,0,0,0,0,0,"D",1567,15584
-0.0307867989220178,0.126950688534589,-1.37147700005459,0,1,1,1,0,0,0,0,1,0,0,0,0,0,0,0,"D",1930,15585
-0.158992546071746,0.0053213974400884,1.38460566539577,0,1,1,1,0,0,0,0,1,0,0,0,0,0,0,0,"D",3714,15586
-0.0380671224711599,0.232301490204496,-0.658690729827797,0,1,1,1,0,0,0,0,1,0,0,0,0,0,0,0,"D",435,15587
0.0345719020318251,0.0677723617487093,1.09861553070401,0,1,1,1,0,0,0,0,1,0,0,0,0,0,0,0,"D",1461,15588
-0.0371369912343232,0.0881705575468303,0.326609145128544,0,1,1,1,0,0,0,0,1,0,0,0,0,0,0,0,"D",2661,15589
-0.0709887839706568,0.133145461305042,-2.323749676408,0,1,1,1,0,0,0,0,1,0,0,0,0,0,0,0,"D",1967,15590
-0.272966398894581,0.117234681525553,-0.917697322646732,0,1,1,1,0,0,0,0,1,0,0,0,0,0,0,0,"D",2087,15591
-0.163460836996705,0.114518971653215,-0.888586087869806,0,1,1,1,0,0,0,0,1,0,0,0,0,0,0,0,"D",2137,15592
-0.0796998900746734,0.109339712813902,-1.33878336539989,0,1,1,1,0,0,0,0,1,0,0,0,0,0,0,0,"D",2578,15593
-0.207149857638781,0.0682193547317863,-0.475426071058832,0,1,1,1,0,0,0,0,1,0,0,0,0,0,0,0,"D",899,15594
-0.233019936687129,0.145196640738948,0.11225088757845,0,1,1,1,0,0,0,0,1,0,0,0,0,0,0,0,"D",3030,15595
0.0174610547967907,0.146846997247194,-0.718501865438463,0,1,1,1,0,0,0,0,1,0,0,0,0,0,0,0,"D",2602,15596
-0.0291182155994778,0.121186952106358,0.537840156154458,0,1,1,1,0,0,0,0,1,0,0,0,0,0,0,0,"D",394,15597
-0.0890185662233223,0.0667565477265125,-0.691880056782435,0,1,1,1,0,0,0,0,1,0,0,0,0,0,0,0,"D",3326,15598
-0.0483449798430578,0.201925166362084,-1.20258028247788,0,1,1,1,0,0,0,0,1,0,0,0,0,0,0,0,"D",2240,15599
-0.119284854464741,0.158896531622731,0.255414412798652,0,1,1,1,0,0,0,0,0,1,0,0,0,0,0,0,"C",491,15600
-0.0677592930420705,0.0470067427832588,-0.162818427007358,0,1,1,1,0,0,0,0,0,1,0,0,0,0,0,0,"C",3721,15601
-0.0802064250533031,0.0984392857989829,-0.8379897140863,0,1,1,1,0,0,0,0,0,1,0,0,0,0,0,0,"C",3402,15602
-0.119702565542917,0.10579165407729,0.457506821345749,0,1,1,1,0,0,0,0,0,1,0,0,0,0,0,0,"C",368,15603
-0.0497453350402143,0.166322823141325,0.724972331904308,0,1,1,1,0,0,0,0,0,1,0,0,0,0,0,0,"C",1484,15604
-0.0184920940603909,0.0652122171815604,0.987326799572205,0,1,1,1,0,0,0,0,0,1,0,0,0,0,0,0,"C",2487,15605
-0.0891604947780923,0.180084302563935,0.591230634738711,0,1,1,1,0,0,0,0,0,1,0,0,0,0,0,0,"C",1608,15606
-0.277983622137565,-0.0250035664284416,-2.25306020537103,0,1,1,1,0,0,0,0,0,1,0,0,0,0,0,0,"C",1462,15607
-0.104183546369471,0.135115000770734,0.242519424297684,0,1,1,1,0,0,0,0,0,1,0,0,0,0,0,0,"C",3495,15608
-0.123875953097301,0.215813865907144,1.5667049534482,0,1,1,1,0,0,0,0,0,1,0,0,0,0,0,0,"C",3583,15609
-0.262360979038947,-0.0715028349758261,-2.05644956748985,0,1,1,1,0,0,0,0,0,1,0,0,0,0,0,0,"C",1747,15610
-0.244938635860578,-0.0823206113656404,-2.45160977057958,0,1,1,1,0,0,0,0,0,1,0,0,0,0,0,0,"C",344,15611
-0.132554010629253,0.0586438425966531,0.0697813436623678,0,1,1,1,0,0,0,0,0,1,0,0,0,0,0,0,"C",3343,15612
0.045360714520903,0.0627922252103553,0.479804164359272,0,1,1,1,0,0,0,0,0,1,0,0,0,0,0,0,"C",2191,15613
-0.0797305717913672,0.148834401811955,0.496337695007626,0,1,1,1,0,0,0,0,0,1,0,0,0,0,0,0,"C",2986,15614
-0.137191997488655,0.167056801120521,0.142847485186877,0,1,1,1,0,0,0,0,0,1,0,0,0,0,0,0,"C",3527,15615
-0.116742982225958,0.16867657589434,1.64950382038689,0,1,1,1,0,0,0,0,0,1,0,0,0,0,0,0,"C",3748,15616
-0.172785555944264,0.164277933553907,1.5254203558029,0,1,1,1,0,0,0,0,0,1,0,0,0,0,0,0,"C",930,15617
-0.137603480505542,0.073314389116943,0.876740813195595,0,1,1,1,0,0,0,0,0,1,0,0,0,0,0,0,"C",1560,15618
-0.147425802347697,0.088876219596567,-0.334686088900932,0,1,1,1,0,0,0,0,0,1,0,0,0,0,0,0,"C",1549,15619
-0.0447422981820517,0.0531002467556753,0.953620233740632,0,1,1,1,0,0,0,0,0,1,0,0,0,0,0,0,"C",3423,15620
-0.0842377564238389,0.152381875054859,0.448208642499254,0,1,1,1,0,0,0,0,0,1,0,0,0,0,0,0,"C",3464,15621
-0.131378259346954,0.0349081917923372,-0.366565499058926,0,1,1,1,0,0,0,0,0,1,0,0,0,0,0,0,"C",1646,15622
-0.0591976236084834,0.0540513439960928,0.563494485044921,0,1,1,1,0,0,0,0,0,1,0,0,0,0,0,0,"C",2823,15623
-0.112591499463088,0.181263557927117,0.745231242504959,0,1,1,1,0,0,0,0,0,1,0,0,0,0,0,0,"C",2022,15624
-0.0657800567738253,0.197230736649435,2.05133478495381,0,1,1,1,0,0,0,0,0,1,0,0,0,0,0,0,"C",1255,15625
-0.0564921116350365,0.132466690755197,0.408689856652415,0,1,1,1,0,0,0,0,0,1,0,0,0,0,0,0,"C",1691,15626
-0.144460964096169,0.145568627367695,0.624364760853926,0,1,1,1,0,0,0,0,0,1,0,0,0,0,0,0,"C",3414,15627
-0.100838971615639,0.0737802542014899,0.384586704399724,0,1,1,1,0,0,0,0,0,1,0,0,0,0,0,0,"C",1362,15628
-0.086190911293185,0.147096244411446,-0.109938755706482,0,1,1,1,0,0,0,0,0,1,0,0,0,0,0,0,"C",2845,15629
-0.11449306215942,0.0350746201623969,-0.782023101019701,0,1,1,1,0,0,0,0,0,1,0,0,0,0,0,0,"C",2333,15630
-0.131529111939119,0.132668887653822,0.654295593779306,0,1,1,1,0,0,0,0,0,1,0,0,0,0,0,0,"C",2005,15631
-0.0627557100570635,0.157921175612108,0.950787409278006,0,1,1,1,0,0,0,0,0,1,0,0,0,0,0,0,"C",2937,15632
-0.151061302129136,0.184265347957486,0.387065636506504,0,1,1,1,0,0,0,0,0,1,0,0,0,0,0,0,"C",1628,15633
-0.0983801773228695,0.0745682245161088,0.661386251278688,0,1,1,1,0,0,0,0,0,1,0,0,0,0,0,0,"C",3122,15634
-0.142512220883583,0.127775475833776,-0.0441236242471064,0,1,1,1,0,0,0,0,0,1,0,0,0,0,0,0,"C",666,15635
-0.0647024374902271,0.184542572974502,0.679803295655037,0,1,1,1,0,0,0,0,0,1,0,0,0,0,0,0,"C",1125,15636
-0.259034671118173,0.0830906599051717,-1.25152646213831,0,1,1,1,0,0,0,0,0,1,0,0,0,0,0,0,"C",33,15637
-0.147781167203611,0.174280315867675,0.502768667297353,0,1,1,1,0,0,0,0,0,1,0,0,0,0,0,0,"C",1671,15638
-0.0407829472211644,0.211240712025225,0.844743936193559,0,1,1,1,0,0,0,0,0,1,0,0,0,0,0,0,"C",2714,15639
-0.16279000238069,0.131247711097578,0.0777209405243886,0,1,1,1,0,0,0,0,0,1,0,0,0,0,0,0,"C",946,15640
-0.152442763568506,0.168012949200652,0.392612100591811,0,1,1,1,0,0,0,0,0,1,0,0,0,0,0,0,"C",2718,15641
-0.195969434008468,0.108236996341579,0.149857853585266,0,1,1,1,0,0,0,0,0,1,0,0,0,0,0,0,"C",2372,15642
-0.0575344930818825,0.0242038318836907,-0.572635863932801,0,1,1,1,0,0,0,0,0,1,0,0,0,0,0,0,"C",1117,15643
-0.149797766165749,0.0794607195301817,-0.179724343885498,0,1,1,1,0,0,0,0,0,1,0,0,0,0,0,0,"C",3186,15644
-0.0123974416633845,0.0568521898945887,1.03926821492004,0,1,1,1,0,0,0,0,0,1,0,0,0,0,0,0,"C",2648,15645
-0.145643253317453,0.105038630562109,-0.604463917078792,0,1,1,1,0,0,0,0,0,1,0,0,0,0,0,0,"C",3379,15646
-0.0898400576616655,0.155547634759912,1.11284095580781,0,1,1,1,0,0,0,0,0,1,0,0,0,0,0,0,"C",2742,15647
-0.114576628432808,0.167060753355665,0.742080760250931,0,1,1,1,0,0,0,0,0,1,0,0,0,0,0,0,"C",2336,15648
-0.133253276052468,0.125366784241738,0.2726572354148,0,1,1,1,0,0,0,0,0,1,0,0,0,0,0,0,"C",267,15649
-0.202199328525755,0.188971947007819,0.319889542775218,0,1,1,1,0,0,0,0,0,1,0,0,0,0,0,0,"C",1359,15650
-0.0633105138376561,0.0569072156055782,0.639027072634735,0,1,1,1,0,0,0,0,0,1,0,0,0,0,0,0,"C",1441,15651
-0.084776291658828,0.129886216104004,1.07165285570591,0,1,1,1,0,0,0,0,0,1,0,0,0,0,0,0,"C",1962,15652
-0.0465396074542331,0.0729831640640163,0.95617706243337,0,1,1,1,0,0,0,0,0,1,0,0,0,0,0,0,"C",3717,15653
-0.160974517627976,0.263114683415413,1.1842783519315,0,1,1,1,0,0,0,0,0,1,0,0,0,0,0,0,"C",347,15654
-0.205963574225962,0.213124330609895,1.23534122473077,0,1,1,1,0,0,0,0,0,1,0,0,0,0,0,0,"C",2090,15655
-0.235380394983546,0.145920423766398,-0.753178167602839,0,1,1,1,0,0,0,0,0,1,0,0,0,0,0,0,"C",3406,15656
-0.040921480141361,0.0600225687939688,0.57131096301836,0,1,1,1,0,0,0,0,0,1,0,0,0,0,0,0,"C",2061,15657
-0.1020268651824,0.139405981644898,0.193966582036773,0,1,1,1,0,0,0,0,0,1,0,0,0,0,0,0,"C",3699,15658
-0.0903932088171008,0.137213589997518,0.372698319865141,0,1,1,1,0,0,0,0,0,1,0,0,0,0,0,0,"C",1385,15659
-0.10964538506549,0.137201207883115,1.16911568744993,0,1,1,1,0,0,0,0,0,1,0,0,0,0,0,0,"C",729,15660
-0.125246774048153,0.102242695456346,0.735151068744883,0,1,1,1,0,0,0,0,0,1,0,0,0,0,0,0,"C",712,15661
-0.154429276338075,0.253074219382068,1.44099225777848,0,1,1,1,0,0,0,0,0,1,0,0,0,0,0,0,"C",656,15662
-0.120299673455163,0.198843795177389,1.09244602088227,0,1,1,1,0,0,0,0,0,1,0,0,0,0,0,0,"C",1397,15663
-0.172468010076199,0.204502960260307,0.977143557462325,0,1,1,1,0,0,0,0,0,1,0,0,0,0,0,0,"C",2074,15664
-0.11100438156957,0.0718185872606447,0.229127322667182,0,1,1,1,0,0,0,0,0,1,0,0,0,0,0,0,"C",857,15665
-0.128743139389416,0.108364667123892,0.154337343314297,0,1,1,1,0,0,0,0,0,1,0,0,0,0,0,0,"C",2257,15666
-0.153941614552048,0.0418407043381245,0.778651531411097,0,1,1,1,0,0,0,0,0,1,0,0,0,0,0,0,"C",1072,15667
-0.148364390802861,0.124713012810809,0.673823102300783,0,1,1,1,0,0,0,0,0,1,0,0,0,0,0,0,"C",1687,15668
-0.127627927901274,0.236226321963447,1.60046529515705,0,1,1,1,0,0,0,0,0,1,0,0,0,0,0,0,"C",2575,15669
-0.155145022385442,0.137148678360088,0.718923753042533,0,1,1,1,0,0,0,0,0,1,0,0,0,0,0,0,"C",3006,15670
-0.133466923977167,0.137746346165675,-0.165831345966571,0,1,1,1,0,0,0,0,0,1,0,0,0,0,0,0,"C",3732,15671
-0.0652263673919435,0.116058737136851,-0.0538029646965764,0,1,1,1,0,0,0,0,0,1,0,0,0,0,0,0,"C",482,15672
-0.0458758245473414,0.148186980866512,0.977781949237796,0,1,1,1,0,0,0,0,0,1,0,0,0,0,0,0,"C",1341,15673
-0.200425666361691,0.198016146669113,0.757689605574366,0,1,1,1,0,0,0,0,0,1,0,0,0,0,0,0,"C",3204,15674
-0.0326734221256221,-0.00754735231174879,1.37119748620306,0,1,1,1,0,0,0,0,0,1,0,0,0,0,0,0,"C",1763,15675
-0.084687829414649,0.115760932525424,1.35950278903158,0,1,1,1,0,0,0,0,0,1,0,0,0,0,0,0,"C",2318,15676
-0.0672143078409793,0.136099675820739,1.32048065101512,0,1,1,1,0,0,0,0,0,1,0,0,0,0,0,0,"C",1059,15677
-0.120034943360905,0.11168692540093,0.936403067749251,0,1,1,1,0,0,0,0,0,1,0,0,0,0,0,0,"C",1290,15678
-0.0976472726947051,0.185749487366967,0.559101072600588,0,1,1,1,0,0,0,0,0,1,0,0,0,0,0,0,"C",3146,15679
-0.209101135249844,0.0808110382769072,-1.33539652756732,0,1,1,1,0,0,0,0,0,1,0,0,0,0,0,0,"C",1594,15680
-0.102282799759561,0.149446205732234,0.51894678764979,0,1,1,1,0,0,0,0,0,1,0,0,0,0,0,0,"C",2727,15681
-0.0530821080569245,0.120513880833779,1.17789666327235,0,1,1,1,0,0,0,0,0,1,0,0,0,0,0,0,"C",2960,15682
-0.145725264995194,0.111200613521633,0.90029346609576,0,1,1,1,0,0,0,0,0,1,0,0,0,0,0,0,"C",3738,15683
-0.225035027343001,0.205781275367923,0.875195821919468,0,1,1,1,0,0,0,0,0,1,0,0,0,0,0,0,"C",1567,15684
-0.189925494565053,0.188626604054229,0.801266668322274,0,1,1,1,0,0,0,0,0,1,0,0,0,0,0,0,"C",1930,15685
-0.196556473768097,0.181227449766988,0.376930502837909,0,1,1,1,0,0,0,0,0,1,0,0,0,0,0,0,"C",3714,15686
-0.196240983072986,0.209177620242699,0.596949770048741,0,1,1,1,0,0,0,0,0,1,0,0,0,0,0,0,"C",435,15687
-0.281348616564822,0.0470244948937129,-1.23802397674146,0,1,1,1,0,0,0,0,0,1,0,0,0,0,0,0,"C",1461,15688
-0.0380794013662353,0.112687327148441,1.77495669031817,0,1,1,1,0,0,0,0,0,1,0,0,0,0,0,0,"C",2661,15689
-0.102359774780693,0.124800525576735,0.22340564661841,0,1,1,1,0,0,0,0,0,1,0,0,0,0,0,0,"C",1967,15690
-0.125172848204389,0.1937570254036,0.950022291890675,0,1,1,1,0,0,0,0,0,1,0,0,0,0,0,0,"C",2087,15691
-0.116791158585988,0.105404959964829,0.341326700545113,0,1,1,1,0,0,0,0,0,1,0,0,0,0,0,0,"C",2137,15692
-0.109129471248371,0.0388666297308275,0.434517940870458,0,1,1,1,0,0,0,0,0,1,0,0,0,0,0,0,"C",2578,15693
-0.253982871389637,0.0261587487694705,-1.82679656094992,0,1,1,1,0,0,0,0,0,1,0,0,0,0,0,0,"C",899,15694
-0.148887972381515,0.1588963939941,1.04678912293797,0,1,1,1,0,0,0,0,0,1,0,0,0,0,0,0,"C",3030,15695
-0.143995895648168,0.200285531935768,1.00865238747723,0,1,1,1,0,0,0,0,0,1,0,0,0,0,0,0,"C",2602,15696
-0.0831740657997055,0.182956972344938,1.38605001056488,0,1,1,1,0,0,0,0,0,1,0,0,0,0,0,0,"C",394,15697
-0.03922536201163,0.118390304505058,1.2851552507642,0,1,1,1,0,0,0,0,0,1,0,0,0,0,0,0,"C",3326,15698
-0.0848053464855089,0.131246273297638,1.2511263160281,0,1,1,1,0,0,0,0,0,1,0,0,0,0,0,0,"C",2240,15699
NA,NA,NA,0,1,1,1,0,0,0,0,0,1,0,0,0,0,0,0,"D",491,15700
NA,NA,NA,0,1,1,1,0,0,0,0,0,1,0,0,0,0,0,0,"D",3721,15701
NA,NA,NA,0,1,1,1,0,0,0,0,0,1,0,0,0,0,0,0,"D",3402,15702
NA,NA,NA,0,1,1,1,0,0,0,0,0,1,0,0,0,0,0,0,"D",368,15703
NA,NA,NA,0,1,1,1,0,0,0,0,0,1,0,0,0,0,0,0,"D",1484,15704
NA,NA,NA,0,1,1,1,0,0,0,0,0,1,0,0,0,0,0,0,"D",2487,15705
NA,NA,NA,0,1,1,1,0,0,0,0,0,1,0,0,0,0,0,0,"D",1608,15706
NA,NA,NA,0,1,1,1,0,0,0,0,0,1,0,0,0,0,0,0,"D",1462,15707
NA,NA,NA,0,1,1,1,0,0,0,0,0,1,0,0,0,0,0,0,"D",3495,15708
NA,NA,NA,0,1,1,1,0,0,0,0,0,1,0,0,0,0,0,0,"D",3583,15709
NA,NA,NA,0,1,1,1,0,0,0,0,0,1,0,0,0,0,0,0,"D",1747,15710
NA,NA,NA,0,1,1,1,0,0,0,0,0,1,0,0,0,0,0,0,"D",344,15711
NA,NA,NA,0,1,1,1,0,0,0,0,0,1,0,0,0,0,0,0,"D",3343,15712
NA,NA,NA,0,1,1,1,0,0,0,0,0,1,0,0,0,0,0,0,"D",2191,15713
NA,NA,NA,0,1,1,1,0,0,0,0,0,1,0,0,0,0,0,0,"D",2986,15714
NA,NA,NA,0,1,1,1,0,0,0,0,0,1,0,0,0,0,0,0,"D",3527,15715
NA,NA,NA,0,1,1,1,0,0,0,0,0,1,0,0,0,0,0,0,"D",3748,15716
NA,NA,NA,0,1,1,1,0,0,0,0,0,1,0,0,0,0,0,0,"D",930,15717
NA,NA,NA,0,1,1,1,0,0,0,0,0,1,0,0,0,0,0,0,"D",1560,15718
NA,NA,NA,0,1,1,1,0,0,0,0,0,1,0,0,0,0,0,0,"D",1549,15719
NA,NA,NA,0,1,1,1,0,0,0,0,0,1,0,0,0,0,0,0,"D",3423,15720
NA,NA,NA,0,1,1,1,0,0,0,0,0,1,0,0,0,0,0,0,"D",3464,15721
NA,NA,NA,0,1,1,1,0,0,0,0,0,1,0,0,0,0,0,0,"D",1646,15722
NA,NA,NA,0,1,1,1,0,0,0,0,0,1,0,0,0,0,0,0,"D",2823,15723
NA,NA,NA,0,1,1,1,0,0,0,0,0,1,0,0,0,0,0,0,"D",2022,15724
NA,NA,NA,0,1,1,1,0,0,0,0,0,1,0,0,0,0,0,0,"D",1255,15725
NA,NA,NA,0,1,1,1,0,0,0,0,0,1,0,0,0,0,0,0,"D",1691,15726
NA,NA,NA,0,1,1,1,0,0,0,0,0,1,0,0,0,0,0,0,"D",3414,15727
NA,NA,NA,0,1,1,1,0,0,0,0,0,1,0,0,0,0,0,0,"D",1362,15728
NA,NA,NA,0,1,1,1,0,0,0,0,0,1,0,0,0,0,0,0,"D",2845,15729
NA,NA,NA,0,1,1,1,0,0,0,0,0,1,0,0,0,0,0,0,"D",2333,15730
NA,NA,NA,0,1,1,1,0,0,0,0,0,1,0,0,0,0,0,0,"D",2005,15731
NA,NA,NA,0,1,1,1,0,0,0,0,0,1,0,0,0,0,0,0,"D",2937,15732
NA,NA,NA,0,1,1,1,0,0,0,0,0,1,0,0,0,0,0,0,"D",1628,15733
NA,NA,NA,0,1,1,1,0,0,0,0,0,1,0,0,0,0,0,0,"D",3122,15734
NA,NA,NA,0,1,1,1,0,0,0,0,0,1,0,0,0,0,0,0,"D",666,15735
NA,NA,NA,0,1,1,1,0,0,0,0,0,1,0,0,0,0,0,0,"D",1125,15736
NA,NA,NA,0,1,1,1,0,0,0,0,0,1,0,0,0,0,0,0,"D",33,15737
NA,NA,NA,0,1,1,1,0,0,0,0,0,1,0,0,0,0,0,0,"D",1671,15738
NA,NA,NA,0,1,1,1,0,0,0,0,0,1,0,0,0,0,0,0,"D",2714,15739
NA,NA,NA,0,1,1,1,0,0,0,0,0,1,0,0,0,0,0,0,"D",946,15740
NA,NA,NA,0,1,1,1,0,0,0,0,0,1,0,0,0,0,0,0,"D",2718,15741
NA,NA,NA,0,1,1,1,0,0,0,0,0,1,0,0,0,0,0,0,"D",2372,15742
NA,NA,NA,0,1,1,1,0,0,0,0,0,1,0,0,0,0,0,0,"D",1117,15743
NA,NA,NA,0,1,1,1,0,0,0,0,0,1,0,0,0,0,0,0,"D",3186,15744
NA,NA,NA,0,1,1,1,0,0,0,0,0,1,0,0,0,0,0,0,"D",2648,15745
NA,NA,NA,0,1,1,1,0,0,0,0,0,1,0,0,0,0,0,0,"D",3379,15746
NA,NA,NA,0,1,1,1,0,0,0,0,0,1,0,0,0,0,0,0,"D",2742,15747
NA,NA,NA,0,1,1,1,0,0,0,0,0,1,0,0,0,0,0,0,"D",2336,15748
NA,NA,NA,0,1,1,1,0,0,0,0,0,1,0,0,0,0,0,0,"D",267,15749
NA,NA,NA,0,1,1,1,0,0,0,0,0,1,0,0,0,0,0,0,"D",1359,15750
NA,NA,NA,0,1,1,1,0,0,0,0,0,1,0,0,0,0,0,0,"D",1441,15751
NA,NA,NA,0,1,1,1,0,0,0,0,0,1,0,0,0,0,0,0,"D",1962,15752
NA,NA,NA,0,1,1,1,0,0,0,0,0,1,0,0,0,0,0,0,"D",3717,15753
NA,NA,NA,0,1,1,1,0,0,0,0,0,1,0,0,0,0,0,0,"D",347,15754
NA,NA,NA,0,1,1,1,0,0,0,0,0,1,0,0,0,0,0,0,"D",2090,15755
NA,NA,NA,0,1,1,1,0,0,0,0,0,1,0,0,0,0,0,0,"D",3406,15756
NA,NA,NA,0,1,1,1,0,0,0,0,0,1,0,0,0,0,0,0,"D",2061,15757
NA,NA,NA,0,1,1,1,0,0,0,0,0,1,0,0,0,0,0,0,"D",3699,15758
NA,NA,NA,0,1,1,1,0,0,0,0,0,1,0,0,0,0,0,0,"D",1385,15759
NA,NA,NA,0,1,1,1,0,0,0,0,0,1,0,0,0,0,0,0,"D",729,15760
NA,NA,NA,0,1,1,1,0,0,0,0,0,1,0,0,0,0,0,0,"D",712,15761
NA,NA,NA,0,1,1,1,0,0,0,0,0,1,0,0,0,0,0,0,"D",656,15762
NA,NA,NA,0,1,1,1,0,0,0,0,0,1,0,0,0,0,0,0,"D",1397,15763
NA,NA,NA,0,1,1,1,0,0,0,0,0,1,0,0,0,0,0,0,"D",2074,15764
NA,NA,NA,0,1,1,1,0,0,0,0,0,1,0,0,0,0,0,0,"D",857,15765
NA,NA,NA,0,1,1,1,0,0,0,0,0,1,0,0,0,0,0,0,"D",2257,15766
NA,NA,NA,0,1,1,1,0,0,0,0,0,1,0,0,0,0,0,0,"D",1072,15767
NA,NA,NA,0,1,1,1,0,0,0,0,0,1,0,0,0,0,0,0,"D",1687,15768
NA,NA,NA,0,1,1,1,0,0,0,0,0,1,0,0,0,0,0,0,"D",2575,15769
NA,NA,NA,0,1,1,1,0,0,0,0,0,1,0,0,0,0,0,0,"D",3006,15770
NA,NA,NA,0,1,1,1,0,0,0,0,0,1,0,0,0,0,0,0,"D",3732,15771
NA,NA,NA,0,1,1,1,0,0,0,0,0,1,0,0,0,0,0,0,"D",482,15772
NA,NA,NA,0,1,1,1,0,0,0,0,0,1,0,0,0,0,0,0,"D",1341,15773
NA,NA,NA,0,1,1,1,0,0,0,0,0,1,0,0,0,0,0,0,"D",3204,15774
NA,NA,NA,0,1,1,1,0,0,0,0,0,1,0,0,0,0,0,0,"D",1763,15775
NA,NA,NA,0,1,1,1,0,0,0,0,0,1,0,0,0,0,0,0,"D",2318,15776
NA,NA,NA,0,1,1,1,0,0,0,0,0,1,0,0,0,0,0,0,"D",1059,15777
NA,NA,NA,0,1,1,1,0,0,0,0,0,1,0,0,0,0,0,0,"D",1290,15778
NA,NA,NA,0,1,1,1,0,0,0,0,0,1,0,0,0,0,0,0,"D",3146,15779
NA,NA,NA,0,1,1,1,0,0,0,0,0,1,0,0,0,0,0,0,"D",1594,15780
NA,NA,NA,0,1,1,1,0,0,0,0,0,1,0,0,0,0,0,0,"D",2727,15781
NA,NA,NA,0,1,1,1,0,0,0,0,0,1,0,0,0,0,0,0,"D",2960,15782
NA,NA,NA,0,1,1,1,0,0,0,0,0,1,0,0,0,0,0,0,"D",3738,15783
NA,NA,NA,0,1,1,1,0,0,0,0,0,1,0,0,0,0,0,0,"D",1567,15784
NA,NA,NA,0,1,1,1,0,0,0,0,0,1,0,0,0,0,0,0,"D",1930,15785
NA,NA,NA,0,1,1,1,0,0,0,0,0,1,0,0,0,0,0,0,"D",3714,15786
NA,NA,NA,0,1,1,1,0,0,0,0,0,1,0,0,0,0,0,0,"D",435,15787
NA,NA,NA,0,1,1,1,0,0,0,0,0,1,0,0,0,0,0,0,"D",1461,15788
NA,NA,NA,0,1,1,1,0,0,0,0,0,1,0,0,0,0,0,0,"D",2661,15789
NA,NA,NA,0,1,1,1,0,0,0,0,0,1,0,0,0,0,0,0,"D",1967,15790
NA,NA,NA,0,1,1,1,0,0,0,0,0,1,0,0,0,0,0,0,"D",2087,15791
NA,NA,NA,0,1,1,1,0,0,0,0,0,1,0,0,0,0,0,0,"D",2137,15792
NA,NA,NA,0,1,1,1,0,0,0,0,0,1,0,0,0,0,0,0,"D",2578,15793
NA,NA,NA,0,1,1,1,0,0,0,0,0,1,0,0,0,0,0,0,"D",899,15794
NA,NA,NA,0,1,1,1,0,0,0,0,0,1,0,0,0,0,0,0,"D",3030,15795
NA,NA,NA,0,1,1,1,0,0,0,0,0,1,0,0,0,0,0,0,"D",2602,15796
NA,NA,NA,0,1,1,1,0,0,0,0,0,1,0,0,0,0,0,0,"D",394,15797
NA,NA,NA,0,1,1,1,0,0,0,0,0,1,0,0,0,0,0,0,"D",3326,15798
NA,NA,NA,0,1,1,1,0,0,0,0,0,1,0,0,0,0,0,0,"D",2240,15799
-0.061372651610936,0.118428766667996,0.303581880949703,0,1,1,1,0,0,0,0,0,0,0,0,1,0,0,0,"C",491,15800
-0.0671801330585428,0.0498186705846982,0.136140829593933,0,1,1,1,0,0,0,0,0,0,0,0,1,0,0,0,"C",3721,15801
-0.0447949857449117,0.129237181691959,1.32867202588554,0,1,1,1,0,0,0,0,0,0,0,0,1,0,0,0,"C",3402,15802
-0.111256349546554,0.0681861551174483,-0.642425997974674,0,1,1,1,0,0,0,0,0,0,0,0,1,0,0,0,"C",368,15803
-0.0837459760921851,0.145854539562092,0.319895629793244,0,1,1,1,0,0,0,0,0,0,0,0,1,0,0,0,"C",1484,15804
-0.0625039019502535,0.187261761663146,1.16528376257509,0,1,1,1,0,0,0,0,0,0,0,0,1,0,0,0,"C",2487,15805
-0.181594834863468,0.195708258706285,0.15391543931636,0,1,1,1,0,0,0,0,0,0,0,0,1,0,0,0,"C",1608,15806
-0.0745779224937758,0.144486365204279,0.509804846252411,0,1,1,1,0,0,0,0,0,0,0,0,1,0,0,0,"C",1462,15807
-0.0997127990764691,0.113124700728445,0.363176882719913,0,1,1,1,0,0,0,0,0,0,0,0,1,0,0,0,"C",3495,15808
-0.176391945497044,0.215749925709186,1.24108695417312,0,1,1,1,0,0,0,0,0,0,0,0,1,0,0,0,"C",3583,15809
-0.111770614454653,0.155563647458387,1.25143912765927,0,1,1,1,0,0,0,0,0,0,0,0,1,0,0,0,"C",1747,15810
-0.042812684692481,0.128910258560302,0.620564369106279,0,1,1,1,0,0,0,0,0,0,0,0,1,0,0,0,"C",344,15811
-0.162314116186086,0.221995413284827,0.70420850535077,0,1,1,1,0,0,0,0,0,0,0,0,1,0,0,0,"C",3343,15812
-0.0333620764828869,-0.023123864943966,-1.83890394820636,0,1,1,1,0,0,0,0,0,0,0,0,1,0,0,0,"C",2191,15813
-0.112427609649393,0.14918633556572,1.40589672690914,0,1,1,1,0,0,0,0,0,0,0,0,1,0,0,0,"C",2986,15814
-0.0159617021399997,0.130301221790191,0.844143772149141,0,1,1,1,0,0,0,0,0,0,0,0,1,0,0,0,"C",3527,15815
-0.0998989625575876,0.134863885590307,0.63050628035307,0,1,1,1,0,0,0,0,0,0,0,0,1,0,0,0,"C",3748,15816
-0.104937632585165,0.1877088424339,0.620876381097934,0,1,1,1,0,0,0,0,0,0,0,0,1,0,0,0,"C",930,15817
-0.0588248375423025,0.169473766349255,1.25363639090909,0,1,1,1,0,0,0,0,0,0,0,0,1,0,0,0,"C",1560,15818
-0.130297698666322,0.164653004055388,1.23089105166911,0,1,1,1,0,0,0,0,0,0,0,0,1,0,0,0,"C",1549,15819
0.00756289940364016,0.071354861573362,0.171062740362515,0,1,1,1,0,0,0,0,0,0,0,0,1,0,0,0,"C",3423,15820
-0.084302759189195,0.176256546830361,0.812162750178409,0,1,1,1,0,0,0,0,0,0,0,0,1,0,0,0,"C",3464,15821
0.00479851377127411,0.035076328878034,-0.0731273957179513,0,1,1,1,0,0,0,0,0,0,0,0,1,0,0,0,"C",1646,15822
-0.0664682601473287,0.127814431893011,0.949628948111102,0,1,1,1,0,0,0,0,0,0,0,0,1,0,0,0,"C",2823,15823
-0.0131067242800608,0.0998725425206731,0.851263880628013,0,1,1,1,0,0,0,0,0,0,0,0,1,0,0,0,"C",2022,15824
-0.0801374793012067,0.17449874737911,1.06257710823125,0,1,1,1,0,0,0,0,0,0,0,0,1,0,0,0,"C",1255,15825
-0.087595115653625,0.124208688813188,-0.169649373805559,0,1,1,1,0,0,0,0,0,0,0,0,1,0,0,0,"C",1691,15826
-0.096629317246659,0.124308579331747,1.09066869376827,0,1,1,1,0,0,0,0,0,0,0,0,1,0,0,0,"C",3414,15827
-0.0800285142711206,0.169235485304708,1.29059087455292,0,1,1,1,0,0,0,0,0,0,0,0,1,0,0,0,"C",1362,15828
-0.0948227598010323,0.13530555768415,-0.155399226173739,0,1,1,1,0,0,0,0,0,0,0,0,1,0,0,0,"C",2845,15829
-0.0355986528720571,0.160380411773724,0.774992319370688,0,1,1,1,0,0,0,0,0,0,0,0,1,0,0,0,"C",2333,15830
-0.12735864178469,0.138600906738884,1.20375039875771,0,1,1,1,0,0,0,0,0,0,0,0,1,0,0,0,"C",2005,15831
-0.0105634177134863,0.0971688554261374,0.954193358932505,0,1,1,1,0,0,0,0,0,0,0,0,1,0,0,0,"C",2937,15832
-0.133850956870195,0.160509530102437,0.475132634170943,0,1,1,1,0,0,0,0,0,0,0,0,1,0,0,0,"C",1628,15833
-0.0681894080014245,0.121316382133724,1.33143028792455,0,1,1,1,0,0,0,0,0,0,0,0,1,0,0,0,"C",3122,15834
-0.0662712842568512,0.125907095481864,0.97029783486127,0,1,1,1,0,0,0,0,0,0,0,0,1,0,0,0,"C",666,15835
-0.091062406494506,0.193660660872884,1.13470782310963,0,1,1,1,0,0,0,0,0,0,0,0,1,0,0,0,"C",1125,15836
-0.123814910831106,0.126980586914413,0.926044959199301,0,1,1,1,0,0,0,0,0,0,0,0,1,0,0,0,"C",33,15837
-0.10716812851275,0.161856018757868,0.38073344212811,0,1,1,1,0,0,0,0,0,0,0,0,1,0,0,0,"C",1671,15838
-0.0510581286718388,0.135886186090047,1.16067932320012,0,1,1,1,0,0,0,0,0,0,0,0,1,0,0,0,"C",2714,15839
-0.223116162205264,0.190585890550991,0.522861683609772,0,1,1,1,0,0,0,0,0,0,0,0,1,0,0,0,"C",946,15840
-0.110439648842989,0.182231130889534,0.85060464854393,0,1,1,1,0,0,0,0,0,0,0,0,1,0,0,0,"C",2718,15841
-0.111008511112488,0.139368791796148,0.178102896068815,0,1,1,1,0,0,0,0,0,0,0,0,1,0,0,0,"C",2372,15842
0.00883731233043731,0.0489190301582253,-0.000497501372268768,0,1,1,1,0,0,0,0,0,0,0,0,1,0,0,0,"C",1117,15843
-0.216581882049741,0.162025068279904,0.512609681974459,0,1,1,1,0,0,0,0,0,0,0,0,1,0,0,0,"C",3186,15844
-0.00628559901813782,0.0931198412795591,1.08864868204476,0,1,1,1,0,0,0,0,0,0,0,0,1,0,0,0,"C",2648,15845
-0.0811539689870985,0.140920414722194,0.512873261838383,0,1,1,1,0,0,0,0,0,0,0,0,1,0,0,0,"C",3379,15846
-0.0715208022481829,0.154354867877652,1.51229741051535,0,1,1,1,0,0,0,0,0,0,0,0,1,0,0,0,"C",2742,15847
-0.155192372222017,0.166495602108888,0.537084832564795,0,1,1,1,0,0,0,0,0,0,0,0,1,0,0,0,"C",2336,15848
-0.182126782129431,0.217209057482143,0.0157911796041727,0,1,1,1,0,0,0,0,0,0,0,0,1,0,0,0,"C",267,15849
-0.16511899927291,0.201939184388222,0.470489282888509,0,1,1,1,0,0,0,0,0,0,0,0,1,0,0,0,"C",1359,15850
-0.111925593320326,0.166705391113738,0.595754887389923,0,1,1,1,0,0,0,0,0,0,0,0,1,0,0,0,"C",1441,15851
-0.140336115341826,0.215452919546952,1.12823092810023,0,1,1,1,0,0,0,0,0,0,0,0,1,0,0,0,"C",1962,15852
0.00493289677603893,0.0920108372340129,0.566237060830905,0,1,1,1,0,0,0,0,0,0,0,0,1,0,0,0,"C",3717,15853
-0.132443162984948,0.205639216630114,1.79636873193056,0,1,1,1,0,0,0,0,0,0,0,0,1,0,0,0,"C",347,15854
-0.172366364254743,0.177370560324252,1.4979369373154,0,1,1,1,0,0,0,0,0,0,0,0,1,0,0,0,"C",2090,15855
-0.0823359129028996,0.163014174410512,0.914004274137513,0,1,1,1,0,0,0,0,0,0,0,0,1,0,0,0,"C",3406,15856
-0.141007186154315,0.159238253062346,0.243194873849013,0,1,1,1,0,0,0,0,0,0,0,0,1,0,0,0,"C",2061,15857
-0.099094876488727,0.201483998101049,0.487078676599582,0,1,1,1,0,0,0,0,0,0,0,0,1,0,0,0,"C",3699,15858
-0.195573537364342,0.180633511458638,-0.247977132820516,0,1,1,1,0,0,0,0,0,0,0,0,1,0,0,0,"C",1385,15859
-0.102201562799631,0.13584837193014,0.405480945667049,0,1,1,1,0,0,0,0,0,0,0,0,1,0,0,0,"C",729,15860
-0.0786335097654954,0.162841699090138,0.426062835851943,0,1,1,1,0,0,0,0,0,0,0,0,1,0,0,0,"C",712,15861
-0.141481262095638,0.21563399408141,1.41304625579893,0,1,1,1,0,0,0,0,0,0,0,0,1,0,0,0,"C",656,15862
-0.177990854489195,0.231426371816672,0.836809027016016,0,1,1,1,0,0,0,0,0,0,0,0,1,0,0,0,"C",1397,15863
-0.161083649416327,0.232722475271955,0.975437331587575,0,1,1,1,0,0,0,0,0,0,0,0,1,0,0,0,"C",2074,15864
-0.0658321868400426,0.13229046535705,1.31109821046534,0,1,1,1,0,0,0,0,0,0,0,0,1,0,0,0,"C",857,15865
-0.129478872650749,0.0201885343265268,-1.46352717939536,0,1,1,1,0,0,0,0,0,0,0,0,1,0,0,0,"C",2257,15866
-0.129816477634008,0.0951145823371249,0.189985702407655,0,1,1,1,0,0,0,0,0,0,0,0,1,0,0,0,"C",1072,15867
-0.133673619642063,0.108774794579708,0.761327242327551,0,1,1,1,0,0,0,0,0,0,0,0,1,0,0,0,"C",1687,15868
-0.0322925903925524,0.0987484851924803,0.740730749314761,0,1,1,1,0,0,0,0,0,0,0,0,1,0,0,0,"C",2575,15869
-0.123136053425963,0.198241344601511,1.19975733650177,0,1,1,1,0,0,0,0,0,0,0,0,1,0,0,0,"C",3006,15870
-0.159881669417734,0.157191402421475,0.92683332334604,0,1,1,1,0,0,0,0,0,0,0,0,1,0,0,0,"C",3732,15871
-0.125466044701684,0.121202238800123,-0.146429032596649,0,1,1,1,0,0,0,0,0,0,0,0,1,0,0,0,"C",482,15872
-0.105286970351887,0.214383180878261,0.64692933613334,0,1,1,1,0,0,0,0,0,0,0,0,1,0,0,0,"C",1341,15873
-0.100437304387951,0.172439047671951,1.27191928665161,0,1,1,1,0,0,0,0,0,0,0,0,1,0,0,0,"C",3204,15874
-0.131039317794877,0.122069799707101,0.473206638773986,0,1,1,1,0,0,0,0,0,0,0,0,1,0,0,0,"C",1763,15875
0.0323736939874955,0.0854065885445915,0.700676853460657,0,1,1,1,0,0,0,0,0,0,0,0,1,0,0,0,"C",2318,15876
-0.0776438962378762,0.176702776335039,1.64867618391468,0,1,1,1,0,0,0,0,0,0,0,0,1,0,0,0,"C",1059,15877
-0.130201996946253,0.208321588594826,0.886272081603701,0,1,1,1,0,0,0,0,0,0,0,0,1,0,0,0,"C",1290,15878
-0.15176058290847,0.204014131572659,0.288611801968908,0,1,1,1,0,0,0,0,0,0,0,0,1,0,0,0,"C",3146,15879
-0.0779886920131185,0.159246925607338,1.77959739920465,0,1,1,1,0,0,0,0,0,0,0,0,1,0,0,0,"C",1594,15880
-0.0882660144095503,0.125470787806423,0.953393178381749,0,1,1,1,0,0,0,0,0,0,0,0,1,0,0,0,"C",2727,15881
-0.133265841802307,0.183034980328833,0.890534176268328,0,1,1,1,0,0,0,0,0,0,0,0,1,0,0,0,"C",2960,15882
-0.145440173865198,0.119008417218152,0.541608516647567,0,1,1,1,0,0,0,0,0,0,0,0,1,0,0,0,"C",3738,15883
-0.23362651010486,0.223540542888777,0.949604928275136,0,1,1,1,0,0,0,0,0,0,0,0,1,0,0,0,"C",1567,15884
-0.072458320622461,0.162143816320721,1.17625172735659,0,1,1,1,0,0,0,0,0,0,0,0,1,0,0,0,"C",1930,15885
-0.151884306782931,0.133691292599025,0.873569464675196,0,1,1,1,0,0,0,0,0,0,0,0,1,0,0,0,"C",3714,15886
-0.184536290401522,0.173743605101374,0.594310727291052,0,1,1,1,0,0,0,0,0,0,0,0,1,0,0,0,"C",435,15887
-0.145368927659903,0.184654104415037,1.44963080663612,0,1,1,1,0,0,0,0,0,0,0,0,1,0,0,0,"C",1461,15888
-0.0533695364147459,0.0732336604712628,0.618637398927267,0,1,1,1,0,0,0,0,0,0,0,0,1,0,0,0,"C",2661,15889
-0.036715607158183,0.151807931409803,-0.308171514647049,0,1,1,1,0,0,0,0,0,0,0,0,1,0,0,0,"C",1967,15890
-0.116032226466769,0.130622462069967,0.858905559915359,0,1,1,1,0,0,0,0,0,0,0,0,1,0,0,0,"C",2087,15891
-0.0631251375311769,0.131458975911373,0.342992010930265,0,1,1,1,0,0,0,0,0,0,0,0,1,0,0,0,"C",2137,15892
-0.11739079092091,0.12387752751911,0.754529244170147,0,1,1,1,0,0,0,0,0,0,0,0,1,0,0,0,"C",2578,15893
-0.153302686458126,0.237868536426547,0.543934341244201,0,1,1,1,0,0,0,0,0,0,0,0,1,0,0,0,"C",899,15894
-0.223099080139328,0.242948121947666,1.24078213820129,0,1,1,1,0,0,0,0,0,0,0,0,1,0,0,0,"C",3030,15895
-0.169403460713552,0.237878985398314,1.50541482341285,0,1,1,1,0,0,0,0,0,0,0,0,1,0,0,0,"C",2602,15896
-0.0940252093635655,0.0659606632360105,0.353561719726484,0,1,1,1,0,0,0,0,0,0,0,0,1,0,0,0,"C",394,15897
0.0314002667677484,0.0902483818283274,0.9064335861127,0,1,1,1,0,0,0,0,0,0,0,0,1,0,0,0,"C",3326,15898
-0.0836501635250504,0.152284798531999,0.903116013963587,0,1,1,1,0,0,0,0,0,0,0,0,1,0,0,0,"C",2240,15899
NA,NA,NA,0,1,1,1,0,0,0,0,0,0,0,0,1,0,0,0,"D",491,15900
NA,NA,NA,0,1,1,1,0,0,0,0,0,0,0,0,1,0,0,0,"D",3721,15901
NA,NA,NA,0,1,1,1,0,0,0,0,0,0,0,0,1,0,0,0,"D",3402,15902
NA,NA,NA,0,1,1,1,0,0,0,0,0,0,0,0,1,0,0,0,"D",368,15903
NA,NA,NA,0,1,1,1,0,0,0,0,0,0,0,0,1,0,0,0,"D",1484,15904
NA,NA,NA,0,1,1,1,0,0,0,0,0,0,0,0,1,0,0,0,"D",2487,15905
NA,NA,NA,0,1,1,1,0,0,0,0,0,0,0,0,1,0,0,0,"D",1608,15906
NA,NA,NA,0,1,1,1,0,0,0,0,0,0,0,0,1,0,0,0,"D",1462,15907
NA,NA,NA,0,1,1,1,0,0,0,0,0,0,0,0,1,0,0,0,"D",3495,15908
NA,NA,NA,0,1,1,1,0,0,0,0,0,0,0,0,1,0,0,0,"D",3583,15909
NA,NA,NA,0,1,1,1,0,0,0,0,0,0,0,0,1,0,0,0,"D",1747,15910
NA,NA,NA,0,1,1,1,0,0,0,0,0,0,0,0,1,0,0,0,"D",344,15911
NA,NA,NA,0,1,1,1,0,0,0,0,0,0,0,0,1,0,0,0,"D",3343,15912
NA,NA,NA,0,1,1,1,0,0,0,0,0,0,0,0,1,0,0,0,"D",2191,15913
NA,NA,NA,0,1,1,1,0,0,0,0,0,0,0,0,1,0,0,0,"D",2986,15914
NA,NA,NA,0,1,1,1,0,0,0,0,0,0,0,0,1,0,0,0,"D",3527,15915
NA,NA,NA,0,1,1,1,0,0,0,0,0,0,0,0,1,0,0,0,"D",3748,15916
NA,NA,NA,0,1,1,1,0,0,0,0,0,0,0,0,1,0,0,0,"D",930,15917
NA,NA,NA,0,1,1,1,0,0,0,0,0,0,0,0,1,0,0,0,"D",1560,15918
NA,NA,NA,0,1,1,1,0,0,0,0,0,0,0,0,1,0,0,0,"D",1549,15919
NA,NA,NA,0,1,1,1,0,0,0,0,0,0,0,0,1,0,0,0,"D",3423,15920
NA,NA,NA,0,1,1,1,0,0,0,0,0,0,0,0,1,0,0,0,"D",3464,15921
NA,NA,NA,0,1,1,1,0,0,0,0,0,0,0,0,1,0,0,0,"D",1646,15922
NA,NA,NA,0,1,1,1,0,0,0,0,0,0,0,0,1,0,0,0,"D",2823,15923
NA,NA,NA,0,1,1,1,0,0,0,0,0,0,0,0,1,0,0,0,"D",2022,15924
NA,NA,NA,0,1,1,1,0,0,0,0,0,0,0,0,1,0,0,0,"D",1255,15925
NA,NA,NA,0,1,1,1,0,0,0,0,0,0,0,0,1,0,0,0,"D",1691,15926
NA,NA,NA,0,1,1,1,0,0,0,0,0,0,0,0,1,0,0,0,"D",3414,15927
NA,NA,NA,0,1,1,1,0,0,0,0,0,0,0,0,1,0,0,0,"D",1362,15928
NA,NA,NA,0,1,1,1,0,0,0,0,0,0,0,0,1,0,0,0,"D",2845,15929
NA,NA,NA,0,1,1,1,0,0,0,0,0,0,0,0,1,0,0,0,"D",2333,15930
NA,NA,NA,0,1,1,1,0,0,0,0,0,0,0,0,1,0,0,0,"D",2005,15931
NA,NA,NA,0,1,1,1,0,0,0,0,0,0,0,0,1,0,0,0,"D",2937,15932
NA,NA,NA,0,1,1,1,0,0,0,0,0,0,0,0,1,0,0,0,"D",1628,15933
NA,NA,NA,0,1,1,1,0,0,0,0,0,0,0,0,1,0,0,0,"D",3122,15934
NA,NA,NA,0,1,1,1,0,0,0,0,0,0,0,0,1,0,0,0,"D",666,15935
NA,NA,NA,0,1,1,1,0,0,0,0,0,0,0,0,1,0,0,0,"D",1125,15936
NA,NA,NA,0,1,1,1,0,0,0,0,0,0,0,0,1,0,0,0,"D",33,15937
NA,NA,NA,0,1,1,1,0,0,0,0,0,0,0,0,1,0,0,0,"D",1671,15938
NA,NA,NA,0,1,1,1,0,0,0,0,0,0,0,0,1,0,0,0,"D",2714,15939
NA,NA,NA,0,1,1,1,0,0,0,0,0,0,0,0,1,0,0,0,"D",946,15940
NA,NA,NA,0,1,1,1,0,0,0,0,0,0,0,0,1,0,0,0,"D",2718,15941
NA,NA,NA,0,1,1,1,0,0,0,0,0,0,0,0,1,0,0,0,"D",2372,15942
NA,NA,NA,0,1,1,1,0,0,0,0,0,0,0,0,1,0,0,0,"D",1117,15943
NA,NA,NA,0,1,1,1,0,0,0,0,0,0,0,0,1,0,0,0,"D",3186,15944
NA,NA,NA,0,1,1,1,0,0,0,0,0,0,0,0,1,0,0,0,"D",2648,15945
NA,NA,NA,0,1,1,1,0,0,0,0,0,0,0,0,1,0,0,0,"D",3379,15946
NA,NA,NA,0,1,1,1,0,0,0,0,0,0,0,0,1,0,0,0,"D",2742,15947
NA,NA,NA,0,1,1,1,0,0,0,0,0,0,0,0,1,0,0,0,"D",2336,15948
NA,NA,NA,0,1,1,1,0,0,0,0,0,0,0,0,1,0,0,0,"D",267,15949
NA,NA,NA,0,1,1,1,0,0,0,0,0,0,0,0,1,0,0,0,"D",1359,15950
NA,NA,NA,0,1,1,1,0,0,0,0,0,0,0,0,1,0,0,0,"D",1441,15951
NA,NA,NA,0,1,1,1,0,0,0,0,0,0,0,0,1,0,0,0,"D",1962,15952
NA,NA,NA,0,1,1,1,0,0,0,0,0,0,0,0,1,0,0,0,"D",3717,15953
NA,NA,NA,0,1,1,1,0,0,0,0,0,0,0,0,1,0,0,0,"D",347,15954
NA,NA,NA,0,1,1,1,0,0,0,0,0,0,0,0,1,0,0,0,"D",2090,15955
NA,NA,NA,0,1,1,1,0,0,0,0,0,0,0,0,1,0,0,0,"D",3406,15956
NA,NA,NA,0,1,1,1,0,0,0,0,0,0,0,0,1,0,0,0,"D",2061,15957
NA,NA,NA,0,1,1,1,0,0,0,0,0,0,0,0,1,0,0,0,"D",3699,15958
NA,NA,NA,0,1,1,1,0,0,0,0,0,0,0,0,1,0,0,0,"D",1385,15959
NA,NA,NA,0,1,1,1,0,0,0,0,0,0,0,0,1,0,0,0,"D",729,15960
NA,NA,NA,0,1,1,1,0,0,0,0,0,0,0,0,1,0,0,0,"D",712,15961
NA,NA,NA,0,1,1,1,0,0,0,0,0,0,0,0,1,0,0,0,"D",656,15962
NA,NA,NA,0,1,1,1,0,0,0,0,0,0,0,0,1,0,0,0,"D",1397,15963
NA,NA,NA,0,1,1,1,0,0,0,0,0,0,0,0,1,0,0,0,"D",2074,15964
NA,NA,NA,0,1,1,1,0,0,0,0,0,0,0,0,1,0,0,0,"D",857,15965
NA,NA,NA,0,1,1,1,0,0,0,0,0,0,0,0,1,0,0,0,"D",2257,15966
NA,NA,NA,0,1,1,1,0,0,0,0,0,0,0,0,1,0,0,0,"D",1072,15967
NA,NA,NA,0,1,1,1,0,0,0,0,0,0,0,0,1,0,0,0,"D",1687,15968
NA,NA,NA,0,1,1,1,0,0,0,0,0,0,0,0,1,0,0,0,"D",2575,15969
NA,NA,NA,0,1,1,1,0,0,0,0,0,0,0,0,1,0,0,0,"D",3006,15970
NA,NA,NA,0,1,1,1,0,0,0,0,0,0,0,0,1,0,0,0,"D",3732,15971
NA,NA,NA,0,1,1,1,0,0,0,0,0,0,0,0,1,0,0,0,"D",482,15972
NA,NA,NA,0,1,1,1,0,0,0,0,0,0,0,0,1,0,0,0,"D",1341,15973
NA,NA,NA,0,1,1,1,0,0,0,0,0,0,0,0,1,0,0,0,"D",3204,15974
NA,NA,NA,0,1,1,1,0,0,0,0,0,0,0,0,1,0,0,0,"D",1763,15975
NA,NA,NA,0,1,1,1,0,0,0,0,0,0,0,0,1,0,0,0,"D",2318,15976
NA,NA,NA,0,1,1,1,0,0,0,0,0,0,0,0,1,0,0,0,"D",1059,15977
NA,NA,NA,0,1,1,1,0,0,0,0,0,0,0,0,1,0,0,0,"D",1290,15978
NA,NA,NA,0,1,1,1,0,0,0,0,0,0,0,0,1,0,0,0,"D",3146,15979
NA,NA,NA,0,1,1,1,0,0,0,0,0,0,0,0,1,0,0,0,"D",1594,15980
NA,NA,NA,0,1,1,1,0,0,0,0,0,0,0,0,1,0,0,0,"D",2727,15981
NA,NA,NA,0,1,1,1,0,0,0,0,0,0,0,0,1,0,0,0,"D",2960,15982
NA,NA,NA,0,1,1,1,0,0,0,0,0,0,0,0,1,0,0,0,"D",3738,15983
NA,NA,NA,0,1,1,1,0,0,0,0,0,0,0,0,1,0,0,0,"D",1567,15984
NA,NA,NA,0,1,1,1,0,0,0,0,0,0,0,0,1,0,0,0,"D",1930,15985
NA,NA,NA,0,1,1,1,0,0,0,0,0,0,0,0,1,0,0,0,"D",3714,15986
NA,NA,NA,0,1,1,1,0,0,0,0,0,0,0,0,1,0,0,0,"D",435,15987
NA,NA,NA,0,1,1,1,0,0,0,0,0,0,0,0,1,0,0,0,"D",1461,15988
NA,NA,NA,0,1,1,1,0,0,0,0,0,0,0,0,1,0,0,0,"D",2661,15989
NA,NA,NA,0,1,1,1,0,0,0,0,0,0,0,0,1,0,0,0,"D",1967,15990
NA,NA,NA,0,1,1,1,0,0,0,0,0,0,0,0,1,0,0,0,"D",2087,15991
NA,NA,NA,0,1,1,1,0,0,0,0,0,0,0,0,1,0,0,0,"D",2137,15992
NA,NA,NA,0,1,1,1,0,0,0,0,0,0,0,0,1,0,0,0,"D",2578,15993
NA,NA,NA,0,1,1,1,0,0,0,0,0,0,0,0,1,0,0,0,"D",899,15994
NA,NA,NA,0,1,1,1,0,0,0,0,0,0,0,0,1,0,0,0,"D",3030,15995
NA,NA,NA,0,1,1,1,0,0,0,0,0,0,0,0,1,0,0,0,"D",2602,15996
NA,NA,NA,0,1,1,1,0,0,0,0,0,0,0,0,1,0,0,0,"D",394,15997
NA,NA,NA,0,1,1,1,0,0,0,0,0,0,0,0,1,0,0,0,"D",3326,15998
NA,NA,NA,0,1,1,1,0,0,0,0,0,0,0,0,1,0,0,0,"D",2240,15999
-0.141497517692964,0.0537329676861707,-0.657368978714521,0,1,1,1,0,0,0,0,0,0,0,0,0,0,0,1,"C",491,16000
0.0243971001939959,0.0472104341747232,0.731189555157821,0,1,1,1,0,0,0,0,0,0,0,0,0,0,0,1,"C",3721,16001
-0.00541827649895584,0.0569426222216512,1.41899686237293,0,1,1,1,0,0,0,0,0,0,0,0,0,0,0,1,"C",3402,16002
-0.0219860202990493,0.0778800511767694,1.25400009691285,0,1,1,1,0,0,0,0,0,0,0,0,0,0,0,1,"C",368,16003
-0.00093091751538988,0.0837022896260397,1.03816335100044,0,1,1,1,0,0,0,0,0,0,0,0,0,0,0,1,"C",1484,16004
-0.00765536688199101,0.0878459339660167,0.998719637159893,0,1,1,1,0,0,0,0,0,0,0,0,0,0,0,1,"C",2487,16005
-0.107992858805078,0.157314361384819,0.998002858873116,0,1,1,1,0,0,0,0,0,0,0,0,0,0,0,1,"C",1608,16006
-0.113494647263505,0.064441638357511,-0.806260509970554,0,1,1,1,0,0,0,0,0,0,0,0,0,0,0,1,"C",1462,16007
-0.0708417201243575,0.124386698503532,-0.441484025935231,0,1,1,1,0,0,0,0,0,0,0,0,0,0,0,1,"C",3495,16008
-0.114879854231064,0.15806987071904,0.640454956547521,0,1,1,1,0,0,0,0,0,0,0,0,0,0,0,1,"C",3583,16009
-0.0854862349507399,0.117907305044544,1.41759060110479,0,1,1,1,0,0,0,0,0,0,0,0,0,0,0,1,"C",1747,16010
0.0219686167409179,0.0406282798914234,0.675034184025191,0,1,1,1,0,0,0,0,0,0,0,0,0,0,0,1,"C",344,16011
-0.136149709688824,0.109362651139232,0.300506190188135,0,1,1,1,0,0,0,0,0,0,0,0,0,0,0,1,"C",3343,16012
-0.0443206660191926,-0.00561070107634645,-1.75753253168623,0,1,1,1,0,0,0,0,0,0,0,0,0,0,0,1,"C",2191,16013
-0.089118274374151,0.0476685203354897,-0.414404779400194,0,1,1,1,0,0,0,0,0,0,0,0,0,0,0,1,"C",2986,16014
-0.0217288981814061,0.0959450740581764,0.686066025758368,0,1,1,1,0,0,0,0,0,0,0,0,0,0,0,1,"C",3527,16015
-0.0756485852127004,0.0365204874959747,-0.880607879120187,0,1,1,1,0,0,0,0,0,0,0,0,0,0,0,1,"C",3748,16016
0.00569236228017538,0.0559866088485349,1.13304690557657,0,1,1,1,0,0,0,0,0,0,0,0,0,0,0,1,"C",930,16017
-0.100321726795863,0.073587016773644,-0.172054395192774,0,1,1,1,0,0,0,0,0,0,0,0,0,0,0,1,"C",1560,16018
-0.100004486010264,0.104888951258762,0.967787023443094,0,1,1,1,0,0,0,0,0,0,0,0,0,0,0,1,"C",1549,16019
0.0313406725621476,0.0498969690052016,1.09953972005882,0,1,1,1,0,0,0,0,0,0,0,0,0,0,0,1,"C",3423,16020
-0.0260580815240135,0.112461990625308,1.31042257544321,0,1,1,1,0,0,0,0,0,0,0,0,0,0,0,1,"C",3464,16021
-0.0166824852819535,0.0128239364858064,-0.998719327687921,0,1,1,1,0,0,0,0,0,0,0,0,0,0,0,1,"C",1646,16022
0.0130716191155037,0.0696303418418703,1.25725749023065,0,1,1,1,0,0,0,0,0,0,0,0,0,0,0,1,"C",2823,16023
-0.0252982758695025,0.141925372583874,0.387598305004446,0,1,1,1,0,0,0,0,0,0,0,0,0,0,0,1,"C",2022,16024
-0.00628651517068043,0.0875788101744922,0.35398971910738,0,1,1,1,0,0,0,0,0,0,0,0,0,0,0,1,"C",1255,16025
0.0441449612049422,0.1180105473677,1.46680220395637,0,1,1,1,0,0,0,0,0,0,0,0,0,0,0,1,"C",1691,16026
-0.066630485191749,0.085949419772355,0.936992034165078,0,1,1,1,0,0,0,0,0,0,0,0,0,0,0,1,"C",3414,16027
-0.00797521837079317,0.0988771703870357,1.29992751197129,0,1,1,1,0,0,0,0,0,0,0,0,0,0,0,1,"C",1362,16028
-0.027521809468705,0.0579228344260247,-0.87717013166722,0,1,1,1,0,0,0,0,0,0,0,0,0,0,0,1,"C",2845,16029
0.0154945961871272,0.0989603171682785,-0.0735553892391087,0,1,1,1,0,0,0,0,0,0,0,0,0,0,0,1,"C",2333,16030
-0.0655413022837699,0.0256598635802562,0.443653363136382,0,1,1,1,0,0,0,0,0,0,0,0,0,0,0,1,"C",2005,16031
0.0204426920185997,0.0744954779836384,1.40582481206282,0,1,1,1,0,0,0,0,0,0,0,0,0,0,0,1,"C",2937,16032
-0.115059699130377,0.123406469224845,0.408626369769279,0,1,1,1,0,0,0,0,0,0,0,0,0,0,0,1,"C",1628,16033
-0.00567182280583283,0.0808780348999723,1.81411078406239,0,1,1,1,0,0,0,0,0,0,0,0,0,0,0,1,"C",3122,16034
-0.0427092145591198,0.0922441499968658,1.44672461027292,0,1,1,1,0,0,0,0,0,0,0,0,0,0,0,1,"C",666,16035
0.0429605820193002,0.0632909933740773,0.97243206752642,0,1,1,1,0,0,0,0,0,0,0,0,0,0,0,1,"C",1125,16036
-0.0933639832796919,0.112344535707632,1.161617596312,0,1,1,1,0,0,0,0,0,0,0,0,0,0,0,1,"C",33,16037
-0.0636956997282919,0.0907779475835362,0.268473178007397,0,1,1,1,0,0,0,0,0,0,0,0,0,0,0,1,"C",1671,16038
-0.0704712474026914,0.0768391459275807,0.185485995541374,0,1,1,1,0,0,0,0,0,0,0,0,0,0,0,1,"C",2714,16039
-0.130274919114108,0.0876672011964006,0.528465513410518,0,1,1,1,0,0,0,0,0,0,0,0,0,0,0,1,"C",946,16040
-0.0197439710570322,0.111345972180553,1.76606811110261,0,1,1,1,0,0,0,0,0,0,0,0,0,0,0,1,"C",2718,16041
-0.111516699323866,-0.00515068163641842,-1.3896508811875,0,1,1,1,0,0,0,0,0,0,0,0,0,0,0,1,"C",2372,16042
-0.00625513558427404,0.0347269658849777,-0.440378684261968,0,1,1,1,0,0,0,0,0,0,0,0,0,0,0,1,"C",1117,16043
-0.170249893604163,0.137752509631833,0.70812521548482,0,1,1,1,0,0,0,0,0,0,0,0,0,0,0,1,"C",3186,16044
-0.0357070097012681,0.0539310752423229,-0.0377813987869066,0,1,1,1,0,0,0,0,0,0,0,0,0,0,0,1,"C",2648,16045
-0.00602091335077839,0.104883309164366,-0.377907735809074,0,1,1,1,0,0,0,0,0,0,0,0,0,0,0,1,"C",3379,16046
-0.0248676356417264,0.100483852889527,0.650224832022901,0,1,1,1,0,0,0,0,0,0,0,0,0,0,0,1,"C",2742,16047
-0.05149426316583,0.131416088108966,1.52484313772052,0,1,1,1,0,0,0,0,0,0,0,0,0,0,0,1,"C",2336,16048
-0.0259841018837651,0.0896808018188892,1.58303094978368,0,1,1,1,0,0,0,0,0,0,0,0,0,0,0,1,"C",267,16049
-0.0322873642351217,0.11325957766679,1.36224445255898,0,1,1,1,0,0,0,0,0,0,0,0,0,0,0,1,"C",1359,16050
-0.0118128950867328,0.0703053431205856,0.548933251580799,0,1,1,1,0,0,0,0,0,0,0,0,0,0,0,1,"C",1441,16051
-0.0511718029661882,0.107623771831415,1.15314956035252,0,1,1,1,0,0,0,0,0,0,0,0,0,0,0,1,"C",1962,16052
0.00933375377753479,0.0734727794264116,-0.482874631473443,0,1,1,1,0,0,0,0,0,0,0,0,0,0,0,1,"C",3717,16053
-0.0634753733233005,0.151346795534039,2.1342791116457,0,1,1,1,0,0,0,0,0,0,0,0,0,0,0,1,"C",347,16054
-0.0889435512918435,0.0884390616980305,0.66329703202861,0,1,1,1,0,0,0,0,0,0,0,0,0,0,0,1,"C",2090,16055
-0.0830823471219281,0.0623997935471913,-0.738942751541391,0,1,1,1,0,0,0,0,0,0,0,0,0,0,0,1,"C",3406,16056
-0.0466512705428571,0.0897595232571385,1.02893884630085,0,1,1,1,0,0,0,0,0,0,0,0,0,0,0,1,"C",2061,16057
-0.0787917468198412,0.113050319068802,0.47198238900745,0,1,1,1,0,0,0,0,0,0,0,0,0,0,0,1,"C",3699,16058
-0.0409864265694127,0.100832127463493,1.20933691796817,0,1,1,1,0,0,0,0,0,0,0,0,0,0,0,1,"C",1385,16059
-0.0550105192168207,0.0471038827809425,0.423855482927721,0,1,1,1,0,0,0,0,0,0,0,0,0,0,0,1,"C",729,16060
-0.00290805327167169,0.0947605595966118,0.981856370567945,0,1,1,1,0,0,0,0,0,0,0,0,0,0,0,1,"C",712,16061
-0.133055168348626,0.125163534528074,0.989920549817524,0,1,1,1,0,0,0,0,0,0,0,0,0,0,0,1,"C",656,16062
-0.118882722217459,0.162262003808639,1.21546418165585,0,1,1,1,0,0,0,0,0,0,0,0,0,0,0,1,"C",1397,16063
-0.103790537797555,0.124636681264048,1.52386217098231,0,1,1,1,0,0,0,0,0,0,0,0,0,0,0,1,"C",2074,16064
-0.0473959450221684,0.0541453777950215,0.280609449931791,0,1,1,1,0,0,0,0,0,0,0,0,0,0,0,1,"C",857,16065
-0.0912972330340409,0.177650822521126,-0.204324209946156,0,1,1,1,0,0,0,0,0,0,0,0,0,0,0,1,"C",2257,16066
-0.0981042471215997,0.0858130855495634,0.44630848746947,0,1,1,1,0,0,0,0,0,0,0,0,0,0,0,1,"C",1072,16067
-0.0519125701776804,0.0559492242870309,-0.510776545730701,0,1,1,1,0,0,0,0,0,0,0,0,0,0,0,1,"C",1687,16068
-0.0531259948722414,0.1037476132784,0.359349344386982,0,1,1,1,0,0,0,0,0,0,0,0,0,0,0,1,"C",2575,16069
-0.110210958959957,0.146667365436433,1.21788838394779,0,1,1,1,0,0,0,0,0,0,0,0,0,0,0,1,"C",3006,16070
-0.0724730979619837,0.120601474047496,0.746742285444899,0,1,1,1,0,0,0,0,0,0,0,0,0,0,0,1,"C",3732,16071
-0.155782672812717,0.104808043326054,-0.41548470069603,0,1,1,1,0,0,0,0,0,0,0,0,0,0,0,1,"C",482,16072
0.00583046015077808,0.0614820988325644,0.655789163297796,0,1,1,1,0,0,0,0,0,0,0,0,0,0,0,1,"C",1341,16073
-0.0830404199830926,0.105494622694347,2.10604269125117,0,1,1,1,0,0,0,0,0,0,0,0,0,0,0,1,"C",3204,16074
-0.0879725793029165,-0.0125287210615487,-1.7792207157656,0,1,1,1,0,0,0,0,0,0,0,0,0,0,0,1,"C",1763,16075
0.0200607409413156,0.0581458438253803,-0.208228546309409,0,1,1,1,0,0,0,0,0,0,0,0,0,0,0,1,"C",2318,16076
-0.064818283966223,0.159498784872913,1.78655287248094,0,1,1,1,0,0,0,0,0,0,0,0,0,0,0,1,"C",1059,16077
-0.0759859474939628,0.106843075994513,0.810288229864098,0,1,1,1,0,0,0,0,0,0,0,0,0,0,0,1,"C",1290,16078
-0.0887202640552041,0.157570267037009,0.490340256755954,0,1,1,1,0,0,0,0,0,0,0,0,0,0,0,1,"C",3146,16079
-0.0111307751114793,0.109012892515966,0.279196861151785,0,1,1,1,0,0,0,0,0,0,0,0,0,0,0,1,"C",1594,16080
-0.0471942578354951,0.0459330070094147,0.228950218010204,0,1,1,1,0,0,0,0,0,0,0,0,0,0,0,1,"C",2727,16081
-0.0817298322120096,0.148974138173236,0.994043784003239,0,1,1,1,0,0,0,0,0,0,0,0,0,0,0,1,"C",2960,16082
-0.0466688229607525,0.0457233935908786,1.54049853203652,0,1,1,1,0,0,0,0,0,0,0,0,0,0,0,1,"C",3738,16083
-0.0805599028132782,0.101728421026563,2.00298940452574,0,1,1,1,0,0,0,0,0,0,0,0,0,0,0,1,"C",1567,16084
-0.0378509335998381,0.0503890264052018,1.14119157059693,0,1,1,1,0,0,0,0,0,0,0,0,0,0,0,1,"C",1930,16085
-0.0934002133738596,0.113158119418259,1.5506223973977,0,1,1,1,0,0,0,0,0,0,0,0,0,0,0,1,"C",3714,16086
-0.121854078831742,0.0896032102413957,1.15126890063281,0,1,1,1,0,0,0,0,0,0,0,0,0,0,0,1,"C",435,16087
-0.0542330893803587,0.109675098564885,2.47243508912036,0,1,1,1,0,0,0,0,0,0,0,0,0,0,0,1,"C",1461,16088
0.00798562891712503,0.0069225559493614,0.0806271379496935,0,1,1,1,0,0,0,0,0,0,0,0,0,0,0,1,"C",2661,16089
0.00237393254399113,0.0636909284238709,1.15745123920522,0,1,1,1,0,0,0,0,0,0,0,0,0,0,0,1,"C",1967,16090
-0.07940995154199,0.121329113799678,1.42932359720727,0,1,1,1,0,0,0,0,0,0,0,0,0,0,0,1,"C",2087,16091
-0.0556508303856546,0.0913463739225079,0.590199973405255,0,1,1,1,0,0,0,0,0,0,0,0,0,0,0,1,"C",2137,16092
-0.0148556068403447,0.0619792936981302,1.43544148987152,0,1,1,1,0,0,0,0,0,0,0,0,0,0,0,1,"C",2578,16093
-0.0959041784226975,0.144058607313908,1.05640650177003,0,1,1,1,0,0,0,0,0,0,0,0,0,0,0,1,"C",899,16094
-0.126247056261858,0.170613189861355,1.56118319049097,0,1,1,1,0,0,0,0,0,0,0,0,0,0,0,1,"C",3030,16095
-0.0953693277136126,0.156903036389208,1.28451492610502,0,1,1,1,0,0,0,0,0,0,0,0,0,0,0,1,"C",2602,16096
-0.0446122290395342,0.0824622887522845,0.908079400876007,0,1,1,1,0,0,0,0,0,0,0,0,0,0,0,1,"C",394,16097
0.00493794183908484,0.0235397919059299,-0.646164071775974,0,1,1,1,0,0,0,0,0,0,0,0,0,0,0,1,"C",3326,16098
-0.0354034649256571,0.108801993223149,0.0924610289414409,0,1,1,1,0,0,0,0,0,0,0,0,0,0,0,1,"C",2240,16099
-0.142774479031575,0.139872409319873,0.253847925317518,0,1,1,1,0,0,0,0,0,0,0,0,0,0,0,1,"D",491,16100
0.0382774196368754,-0.00466732000284922,0.968150113572021,0,1,1,1,0,0,0,0,0,0,0,0,0,0,0,1,"D",3721,16101
-0.0334351124116906,0.251604747695803,1.65178850863986,0,1,1,1,0,0,0,0,0,0,0,0,0,0,0,1,"D",3402,16102
-0.0735716974515729,0.104421383262368,0.377997836287533,0,1,1,1,0,0,0,0,0,0,0,0,0,0,0,1,"D",368,16103
-0.0983334094547751,0.0837450127138746,-0.987181159660066,0,1,1,1,0,0,0,0,0,0,0,0,0,0,0,1,"D",1484,16104
-0.268270243348324,0.210948115444429,-0.55309446388643,0,1,1,1,0,0,0,0,0,0,0,0,0,0,0,1,"D",2487,16105
-0.249554159299012,0.13204890613958,-1.50978043110175,0,1,1,1,0,0,0,0,0,0,0,0,0,0,0,1,"D",1608,16106
-0.0520327432088957,0.12182215933975,-0.724730844521285,0,1,1,1,0,0,0,0,0,0,0,0,0,0,0,1,"D",1462,16107
-0.16959294747012,0.0786967883781917,-0.158861081235053,0,1,1,1,0,0,0,0,0,0,0,0,0,0,0,1,"D",3495,16108
-0.191413307460714,0.194400861910173,0.664374361076509,0,1,1,1,0,0,0,0,0,0,0,0,0,0,0,1,"D",3583,16109
-0.158441897822433,0.145360463125385,2.14348433913435,0,1,1,1,0,0,0,0,0,0,0,0,0,0,0,1,"D",1747,16110
-0.0642714597102671,0.108279956053051,-1.48337115517395,0,1,1,1,0,0,0,0,0,0,0,0,0,0,0,1,"D",344,16111
-0.169436538405537,0.0815095033822153,-0.115093442545662,0,1,1,1,0,0,0,0,0,0,0,0,0,0,0,1,"D",3343,16112
0.0654225043951905,0.1606339940683,-0.278505483965711,0,1,1,1,0,0,0,0,0,0,0,0,0,0,0,1,"D",2191,16113
-0.0230144746076589,0.105118048248335,-0.777564429948973,0,1,1,1,0,0,0,0,0,0,0,0,0,0,0,1,"D",2986,16114
-0.0836855901109355,0.145178985752179,0.509592487800424,0,1,1,1,0,0,0,0,0,0,0,0,0,0,0,1,"D",3527,16115
-0.142457800707614,0.133106801377599,1.70753083393238,0,1,1,1,0,0,0,0,0,0,0,0,0,0,0,1,"D",3748,16116
-0.0601826085811245,0.155121011454584,-0.310058381505768,0,1,1,1,0,0,0,0,0,0,0,0,0,0,0,1,"D",930,16117
-0.0300488901549406,0.123898952491511,-1.22437284119662,0,1,1,1,0,0,0,0,0,0,0,0,0,0,0,1,"D",1560,16118
-0.0297428744990953,0.122240003994683,-1.33071147323029,0,1,1,1,0,0,0,0,0,0,0,0,0,0,0,1,"D",1549,16119
-0.232098950551533,0.250066591302175,-1.46668274264899,0,1,1,1,0,0,0,0,0,0,0,0,0,0,0,1,"D",3423,16120
-0.181030561286079,0.115760113103492,0.589345198512741,0,1,1,1,0,0,0,0,0,0,0,0,0,0,0,1,"D",3464,16121
-0.152262844215032,0.122154837648655,0.213646613683066,0,1,1,1,0,0,0,0,0,0,0,0,0,0,0,1,"D",1646,16122
0.0361647590942586,0.0930233728244023,-0.133696810318773,0,1,1,1,0,0,0,0,0,0,0,0,0,0,0,1,"D",2823,16123
-0.120700184668539,0.201354484029082,-0.419156487200652,0,1,1,1,0,0,0,0,0,0,0,0,0,0,0,1,"D",2022,16124
-0.0741241397016327,0.0338228279508393,0.0372292738154398,0,1,1,1,0,0,0,0,0,0,0,0,0,0,0,1,"D",1255,16125
0.0637961455646226,0.0319734708042519,0.973484393866934,0,1,1,1,0,0,0,0,0,0,0,0,0,0,0,1,"D",1691,16126
-0.186881100041839,0.169827965763857,-1.40386392596643,0,1,1,1,0,0,0,0,0,0,0,0,0,0,0,1,"D",3414,16127
-0.149074989671338,0.12962229768459,0.75587084157482,0,1,1,1,0,0,0,0,0,0,0,0,0,0,0,1,"D",1362,16128
0.0136238908140814,0.148208572463937,-2.03625635815347,0,1,1,1,0,0,0,0,0,0,0,0,0,0,0,1,"D",2845,16129
-0.147632296532149,0.209442299731677,1.45940777457972,0,1,1,1,0,0,0,0,0,0,0,0,0,0,0,1,"D",2333,16130
-0.0391461105306275,0.142019934528896,0.295439044849231,0,1,1,1,0,0,0,0,0,0,0,0,0,0,0,1,"D",2005,16131
-0.0850360052249365,0.107648306889048,-0.781599038912657,0,1,1,1,0,0,0,0,0,0,0,0,0,0,0,1,"D",2937,16132
-0.153315730568207,0.0915114113756561,0.108445756530161,0,1,1,1,0,0,0,0,0,0,0,0,0,0,0,1,"D",1628,16133
-0.14508879855169,0.222132464079565,-0.0376888686097459,0,1,1,1,0,0,0,0,0,0,0,0,0,0,0,1,"D",3122,16134
-0.0657206456418039,0.126391784725975,-0.859896652629896,0,1,1,1,0,0,0,0,0,0,0,0,0,0,0,1,"D",666,16135
-0.091432898448185,0.146204049668908,-1.39359781258776,0,1,1,1,0,0,0,0,0,0,0,0,0,0,0,1,"D",1125,16136
0.12218864563944,0.143027267867897,0.365332836858525,0,1,1,1,0,0,0,0,0,0,0,0,0,0,0,1,"D",33,16137
-0.162649242341478,0.154331518236176,-0.670079548114009,0,1,1,1,0,0,0,0,0,0,0,0,0,0,0,1,"D",1671,16138
-0.175043266127694,0.233194824864333,-0.122600366118849,0,1,1,1,0,0,0,0,0,0,0,0,0,0,0,1,"D",2714,16139
-0.153274539974137,0.104703783652809,0.0748268955508036,0,1,1,1,0,0,0,0,0,0,0,0,0,0,0,1,"D",946,16140
-0.138306610535767,0.0914968025637192,-0.516196636701114,0,1,1,1,0,0,0,0,0,0,0,0,0,0,0,1,"D",2718,16141
-0.15165888281359,0.0929982739897723,-1.98020658182674,0,1,1,1,0,0,0,0,0,0,0,0,0,0,0,1,"D",2372,16142
-0.119466263499206,0.096586525342642,-0.47480727404643,0,1,1,1,0,0,0,0,0,0,0,0,0,0,0,1,"D",1117,16143
-0.00535617949677749,0.0828340030484635,-0.983260453708302,0,1,1,1,0,0,0,0,0,0,0,0,0,0,0,1,"D",3186,16144
-0.12141943268001,0.168963434505408,0.0372175030270521,0,1,1,1,0,0,0,0,0,0,0,0,0,0,0,1,"D",2648,16145
-0.303275994898955,0.274946192558889,-0.629529559808936,0,1,1,1,0,0,0,0,0,0,0,0,0,0,0,1,"D",3379,16146
-0.137522418897059,0.114009628600562,-0.321713834366215,0,1,1,1,0,0,0,0,0,0,0,0,0,0,0,1,"D",2742,16147
0.167312033023737,0.110141381615132,-1.01646700162994,0,1,1,1,0,0,0,0,0,0,0,0,0,0,0,1,"D",2336,16148
0.0106002807102482,0.0602191595679528,-1.81719939427515,0,1,1,1,0,0,0,0,0,0,0,0,0,0,0,1,"D",267,16149
-0.0170231661574393,0.0939756065641546,0.440629301159731,0,1,1,1,0,0,0,0,0,0,0,0,0,0,0,1,"D",1359,16150
-0.0347770004927057,0.121302214578978,-0.985663377873422,0,1,1,1,0,0,0,0,0,0,0,0,0,0,0,1,"D",1441,16151
-0.131785252683162,0.145242932144438,-1.64012253117121,0,1,1,1,0,0,0,0,0,0,0,0,0,0,0,1,"D",1962,16152
-0.0620247827012145,0.134763288622511,-2.08996770459385,0,1,1,1,0,0,0,0,0,0,0,0,0,0,0,1,"D",3717,16153
-0.211463086674112,0.208566321614564,0.226295013516501,0,1,1,1,0,0,0,0,0,0,0,0,0,0,0,1,"D",347,16154
-0.224265627120738,0.180450492846073,-0.536310044625615,0,1,1,1,0,0,0,0,0,0,0,0,0,0,0,1,"D",2090,16155
-0.0327275355161973,0.169060374149415,0.539661946117861,0,1,1,1,0,0,0,0,0,0,0,0,0,0,0,1,"D",3406,16156
-0.0803599941919737,0.222804752716429,0.548649515673217,0,1,1,1,0,0,0,0,0,0,0,0,0,0,0,1,"D",2061,16157
-0.127779209857922,0.0890165318879726,0.443718765767289,0,1,1,1,0,0,0,0,0,0,0,0,0,0,0,1,"D",3699,16158
-0.119382635018007,0.15619885846877,-0.543802797147443,0,1,1,1,0,0,0,0,0,0,0,0,0,0,0,1,"D",1385,16159
-0.114056298009166,0.13099976338032,-1.41564086319936,0,1,1,1,0,0,0,0,0,0,0,0,0,0,0,1,"D",729,16160
-0.0527405607938751,0.0899332204216164,-1.16076148097552,0,1,1,1,0,0,0,0,0,0,0,0,0,0,0,1,"D",712,16161
-0.0822718782441112,0.142690718221968,-0.498446815194007,0,1,1,1,0,0,0,0,0,0,0,0,0,0,0,1,"D",656,16162
-0.0545709926595903,0.0934584406877978,0.565641323283356,0,1,1,1,0,0,0,0,0,0,0,0,0,0,0,1,"D",1397,16163
-0.148855924466477,0.19365765138281,-0.513913039433276,0,1,1,1,0,0,0,0,0,0,0,0,0,0,0,1,"D",2074,16164
-0.225353264011597,0.250323225919671,0.512490167723928,0,1,1,1,0,0,0,0,0,0,0,0,0,0,0,1,"D",857,16165
-0.301639741634447,0.294277226752423,0.0985618556870543,0,1,1,1,0,0,0,0,0,0,0,0,0,0,0,1,"D",2257,16166
-0.137850187616512,0.125101423414728,0.854523211594192,0,1,1,1,0,0,0,0,0,0,0,0,0,0,0,1,"D",1072,16167
-0.0370325727698254,0.127491989215525,0.225413766138152,0,1,1,1,0,0,0,0,0,0,0,0,0,0,0,1,"D",1687,16168
0.0362549177208989,0.120243440350496,-0.86517952803106,0,1,1,1,0,0,0,0,0,0,0,0,0,0,0,1,"D",2575,16169
-0.251816871902746,0.163589269475388,1.4526578716153,0,1,1,1,0,0,0,0,0,0,0,0,0,0,0,1,"D",3006,16170
-0.0624187892612628,0.167244413585086,0.0196613825691584,0,1,1,1,0,0,0,0,0,0,0,0,0,0,0,1,"D",3732,16171
-0.151192983134895,0.117604455744535,0.0688315091841436,0,1,1,1,0,0,0,0,0,0,0,0,0,0,0,1,"D",482,16172
-0.0854081713169243,0.147589499526036,-0.762473755336737,0,1,1,1,0,0,0,0,0,0,0,0,0,0,0,1,"D",1341,16173
-0.132545116285767,0.109192819406678,-0.725408232188524,0,1,1,1,0,0,0,0,0,0,0,0,0,0,0,1,"D",3204,16174
-0.160898129167376,0.137065896494716,-1.57599292543589,0,1,1,1,0,0,0,0,0,0,0,0,0,0,0,1,"D",1763,16175
-0.16073807191687,0.0838423110972168,-1.38225544200294,0,1,1,1,0,0,0,0,0,0,0,0,0,0,0,1,"D",2318,16176
-0.124557066252626,0.167282354002069,2.09847778803134,0,1,1,1,0,0,0,0,0,0,0,0,0,0,0,1,"D",1059,16177
-0.297197129056926,0.239423333618691,-1.01849609862094,0,1,1,1,0,0,0,0,0,0,0,0,0,0,0,1,"D",1290,16178
-0.0391666309228946,0.0812216542990506,-0.0439722147098146,0,1,1,1,0,0,0,0,0,0,0,0,0,0,0,1,"D",3146,16179
-0.279843903053787,0.193738753417051,0.758232978782309,0,1,1,1,0,0,0,0,0,0,0,0,0,0,0,1,"D",1594,16180
-0.129221394222611,0.190581259855862,-1.02840921991937,0,1,1,1,0,0,0,0,0,0,0,0,0,0,0,1,"D",2727,16181
-0.0554127723906715,0.203268109419926,-0.0460749677809744,0,1,1,1,0,0,0,0,0,0,0,0,0,0,0,1,"D",2960,16182
-0.133795886175917,0.0909262546353542,-0.35059382989505,0,1,1,1,0,0,0,0,0,0,0,0,0,0,0,1,"D",3738,16183
-0.046610137533227,0.149932938652538,-0.609850875510648,0,1,1,1,0,0,0,0,0,0,0,0,0,0,0,1,"D",1567,16184
-0.0857749189794149,0.0971029773245536,-0.666756595674134,0,1,1,1,0,0,0,0,0,0,0,0,0,0,0,1,"D",1930,16185
-0.153820419215607,0.0326654570928679,0.015019997175383,0,1,1,1,0,0,0,0,0,0,0,0,0,0,0,1,"D",3714,16186
-0.0766347701628098,0.229729137139678,-0.494585560919639,0,1,1,1,0,0,0,0,0,0,0,0,0,0,0,1,"D",435,16187
0.0098117034815831,0.0575127990057613,-0.423335036393265,0,1,1,1,0,0,0,0,0,0,0,0,0,0,0,1,"D",1461,16188
-0.0498135907335507,0.13893351875973,1.06436637637535,0,1,1,1,0,0,0,0,0,0,0,0,0,0,0,1,"D",2661,16189
-0.12625690395089,0.159949831698808,-1.5146493482708,0,1,1,1,0,0,0,0,0,0,0,0,0,0,0,1,"D",1967,16190
-0.120606803165061,0.20542623938002,0.0692622994497698,0,1,1,1,0,0,0,0,0,0,0,0,0,0,0,1,"D",2087,16191
-0.090539638247587,0.0893392953106094,-2.09393669443348,0,1,1,1,0,0,0,0,0,0,0,0,0,0,0,1,"D",2137,16192
-0.101044218465984,0.178980244610307,-0.522715082949122,0,1,1,1,0,0,0,0,0,0,0,0,0,0,0,1,"D",2578,16193
-0.189156673184482,0.160814331167842,-0.026325445915356,0,1,1,1,0,0,0,0,0,0,0,0,0,0,0,1,"D",899,16194
-0.247973982189405,0.198985270527615,0.383548735885686,0,1,1,1,0,0,0,0,0,0,0,0,0,0,0,1,"D",3030,16195
0.0417341432993179,0.166894150862366,-1.32147904874727,0,1,1,1,0,0,0,0,0,0,0,0,0,0,0,1,"D",2602,16196
-0.101475458372835,0.160471437099931,-0.107896114181761,0,1,1,1,0,0,0,0,0,0,0,0,0,0,0,1,"D",394,16197
-0.0730577172595457,0.0715102407957114,-0.249421092291761,0,1,1,1,0,0,0,0,0,0,0,0,0,0,0,1,"D",3326,16198
-0.0551690522133717,0.228812461196246,-0.948963052951892,0,1,1,1,0,0,0,0,0,0,0,0,0,0,0,1,"D",2240,16199
-0.118495001687084,0.100936537544922,0.153188446302239,0,0,1,1,1,0,0,0,1,0,0,0,0,0,0,0,"C",491,16200
-0.123122308560736,0.0866142197970824,0.795962494381145,0,0,1,1,1,0,0,0,1,0,0,0,0,0,0,0,"C",3721,16201
-0.0950611439309936,0.100506221904489,0.394071405607762,0,0,1,1,1,0,0,0,1,0,0,0,0,0,0,0,"C",3402,16202
-0.0706448331892837,0.0682746717248804,0.979728506275517,0,0,1,1,1,0,0,0,1,0,0,0,0,0,0,0,"C",368,16203
-0.0951909351375613,0.0939038593398667,0.824993035769364,0,0,1,1,1,0,0,0,1,0,0,0,0,0,0,0,"C",1484,16204
-0.13305319391394,0.108439690902154,0.479140235868071,0,0,1,1,1,0,0,0,1,0,0,0,0,0,0,0,"C",2487,16205
-0.122399471799497,0.11318477395292,0.623124833043347,0,0,1,1,1,0,0,0,1,0,0,0,0,0,0,0,"C",1608,16206
-0.155577463109164,0.098643864804073,0.28102175309723,0,0,1,1,1,0,0,0,1,0,0,0,0,0,0,0,"C",1462,16207
-0.113461850991861,0.107802451898811,0.55895661224566,0,0,1,1,1,0,0,0,1,0,0,0,0,0,0,0,"C",3495,16208
-0.105455884642971,0.106486756652327,0.504308043026901,0,0,1,1,1,0,0,0,1,0,0,0,0,0,0,0,"C",3583,16209
-0.142268801461349,0.132215723388242,0.517045395044077,0,0,1,1,1,0,0,0,1,0,0,0,0,0,0,0,"C",1747,16210
-0.0964525828176173,0.105112048763883,0.931923815788212,0,0,1,1,1,0,0,0,1,0,0,0,0,0,0,0,"C",344,16211
-0.091409579875207,0.0946247899533016,0.722811343025293,0,0,1,1,1,0,0,0,1,0,0,0,0,0,0,0,"C",3343,16212
-0.0840301646213658,0.0928774729403047,1.06472834542484,0,0,1,1,1,0,0,0,1,0,0,0,0,0,0,0,"C",2191,16213
-0.0898105177957611,0.103661428791342,1.18810805148141,0,0,1,1,1,0,0,0,1,0,0,0,0,0,0,0,"C",2986,16214
-0.0940435558196189,0.10439718141708,0.630124359473176,0,0,1,1,1,0,0,0,1,0,0,0,0,0,0,0,"C",3527,16215
-0.108410841396007,0.0774861977090457,1.02666774877723,0,0,1,1,1,0,0,0,1,0,0,0,0,0,0,0,"C",3748,16216
-0.106898800033973,0.0823407719944137,0.660565482526564,0,0,1,1,1,0,0,0,1,0,0,0,0,0,0,0,"C",930,16217
-0.0909901798511089,0.0608613039120771,0.779471345751011,0,0,1,1,1,0,0,0,1,0,0,0,0,0,0,0,"C",1560,16218
-0.085409786655166,0.0810224235953355,0.253904818314048,0,0,1,1,1,0,0,0,1,0,0,0,0,0,0,0,"C",1549,16219
-0.131398209062519,0.118392810185466,0.727988225259853,0,0,1,1,1,0,0,0,1,0,0,0,0,0,0,0,"C",3423,16220
-0.105993916967072,0.0981493803480067,0.405661255527573,0,0,1,1,1,0,0,0,1,0,0,0,0,0,0,0,"C",3464,16221
-0.0969800011087672,0.0808278662661237,0.396130356394726,0,0,1,1,1,0,0,0,1,0,0,0,0,0,0,0,"C",1646,16222
-0.0751893701879833,0.0943244106716726,0.531022805506039,0,0,1,1,1,0,0,0,1,0,0,0,0,0,0,0,"C",2823,16223
-0.111801452656193,0.100667681697263,0.368703820014183,0,0,1,1,1,0,0,0,1,0,0,0,0,0,0,0,"C",2022,16224
-0.137166702735506,0.108330766818696,0.673059173045656,0,0,1,1,1,0,0,0,1,0,0,0,0,0,0,0,"C",1255,16225
-0.158681876851541,0.107672335922577,0.444742884427105,0,0,1,1,1,0,0,0,1,0,0,0,0,0,0,0,"C",1691,16226
-0.129541127565054,0.10445602978072,0.767965169692443,0,0,1,1,1,0,0,0,1,0,0,0,0,0,0,0,"C",3414,16227
-0.13105813006684,0.102927509927711,0.9651990460502,0,0,1,1,1,0,0,0,1,0,0,0,0,0,0,0,"C",1362,16228
-0.091652814875205,0.0756824033424315,0.407331732409772,0,0,1,1,1,0,0,0,1,0,0,0,0,0,0,0,"C",2845,16229
-0.0794295267920261,0.111923853220698,1.20860338017144,0,0,1,1,1,0,0,0,1,0,0,0,0,0,0,0,"C",2333,16230
-0.0768239174179049,0.0645194309006659,0.965308064786144,0,0,1,1,1,0,0,0,1,0,0,0,0,0,0,0,"C",2005,16231
-0.0768966265073978,0.0522436795906268,1.35894253968795,0,0,1,1,1,0,0,0,1,0,0,0,0,0,0,0,"C",2937,16232
-0.144421093417378,0.104503050627146,0.470532107478008,0,0,1,1,1,0,0,0,1,0,0,0,0,0,0,0,"C",1628,16233
-0.0956730323512413,0.0812089530827074,0.277768067947255,0,0,1,1,1,0,0,0,1,0,0,0,0,0,0,0,"C",3122,16234
-0.103947635194992,0.128023900091384,0.992454446817445,0,0,1,1,1,0,0,0,1,0,0,0,0,0,0,0,"C",666,16235
-0.122853510194095,0.107783478744272,0.0375934231464529,0,0,1,1,1,0,0,0,1,0,0,0,0,0,0,0,"C",1125,16236
-0.0796143736082953,0.0835170744176,0.798038753291755,0,0,1,1,1,0,0,0,1,0,0,0,0,0,0,0,"C",33,16237
-0.110487009869472,0.0828179837872421,-0.065730194328011,0,0,1,1,1,0,0,0,1,0,0,0,0,0,0,0,"C",1671,16238
-0.0927316846873753,0.0891611944019114,0.757104206880637,0,0,1,1,1,0,0,0,1,0,0,0,0,0,0,0,"C",2714,16239
-0.0694703811525705,0.047531204880072,0.48521106456681,0,0,1,1,1,0,0,0,1,0,0,0,0,0,0,0,"C",946,16240
-0.0968993037699811,0.0888184724537965,0.910008520801697,0,0,1,1,1,0,0,0,1,0,0,0,0,0,0,0,"C",2718,16241
-0.100199453019771,0.0973113606792241,0.633970199966665,0,0,1,1,1,0,0,0,1,0,0,0,0,0,0,0,"C",2372,16242
-0.106248211866982,0.0759231272640397,0.201703915865891,0,0,1,1,1,0,0,0,1,0,0,0,0,0,0,0,"C",1117,16243
-0.115223939079318,0.108267030995888,0.229668352740629,0,0,1,1,1,0,0,0,1,0,0,0,0,0,0,0,"C",3186,16244
-0.0742533909745072,0.0663922610260104,0.592315533128502,0,0,1,1,1,0,0,0,1,0,0,0,0,0,0,0,"C",2648,16245
-0.0692537995304839,0.0714461153970958,0.684571133045477,0,0,1,1,1,0,0,0,1,0,0,0,0,0,0,0,"C",3379,16246
-0.0603018525732721,0.0677489060247735,1.10144525491668,0,0,1,1,1,0,0,0,1,0,0,0,0,0,0,0,"C",2742,16247
-0.123932418253691,0.125695142811848,0.99623263990704,0,0,1,1,1,0,0,0,1,0,0,0,0,0,0,0,"C",2336,16248
-0.124688816447315,0.110634384386745,0.895573576518651,0,0,1,1,1,0,0,0,1,0,0,0,0,0,0,0,"C",267,16249
-0.116947090040277,0.103347725552402,0.399454247773766,0,0,1,1,1,0,0,0,1,0,0,0,0,0,0,0,"C",1359,16250
-0.101095280912459,0.103492002059138,0.650745197195898,0,0,1,1,1,0,0,0,1,0,0,0,0,0,0,0,"C",1441,16251
-0.0579041607965527,0.0498061934560105,0.100132376637532,0,0,1,1,1,0,0,0,1,0,0,0,0,0,0,0,"C",1962,16252
-0.0876535962522215,0.0960422454559557,0.684885981971082,0,0,1,1,1,0,0,0,1,0,0,0,0,0,0,0,"C",3717,16253
-0.120617590384252,0.111045279117987,1.1070667516268,0,0,1,1,1,0,0,0,1,0,0,0,0,0,0,0,"C",347,16254
-0.106846643579315,0.120681367312581,0.920895264849519,0,0,1,1,1,0,0,0,1,0,0,0,0,0,0,0,"C",2090,16255
-0.0993163265096219,0.0911292264856449,0.782035274764378,0,0,1,1,1,0,0,0,1,0,0,0,0,0,0,0,"C",3406,16256
-0.100774850001742,0.0751190657646083,0.744388621855246,0,0,1,1,1,0,0,0,1,0,0,0,0,0,0,0,"C",2061,16257
-0.145538101654099,0.118318233592973,0.410313315559487,0,0,1,1,1,0,0,0,1,0,0,0,0,0,0,0,"C",3699,16258
-0.118576886974372,0.0881659617076479,0.628021968229774,0,0,1,1,1,0,0,0,1,0,0,0,0,0,0,0,"C",1385,16259
-0.121435021921658,0.111822674980522,0.765778219288722,0,0,1,1,1,0,0,0,1,0,0,0,0,0,0,0,"C",729,16260
-0.105498514237659,0.0995623375619321,0.520289915516375,0,0,1,1,1,0,0,0,1,0,0,0,0,0,0,0,"C",712,16261
-0.106903310783321,0.0801024816663791,0.769645414507496,0,0,1,1,1,0,0,0,1,0,0,0,0,0,0,0,"C",656,16262
-0.0887817818363478,0.0981763839555525,1.05480177776667,0,0,1,1,1,0,0,0,1,0,0,0,0,0,0,0,"C",1397,16263
-0.0895963730982856,0.0698314439114767,0.77834599364621,0,0,1,1,1,0,0,0,1,0,0,0,0,0,0,0,"C",2074,16264
-0.0837948107969304,0.0974030287157959,1.28050537535021,0,0,1,1,1,0,0,0,1,0,0,0,0,0,0,0,"C",857,16265
-0.104393847966016,0.101845685765829,0.945756856457601,0,0,1,1,1,0,0,0,1,0,0,0,0,0,0,0,"C",2257,16266
-0.115715197320952,0.10472134640358,1.33611200689109,0,0,1,1,1,0,0,0,1,0,0,0,0,0,0,0,"C",1072,16267
-0.0998417257050321,0.123948299603435,0.709699360600075,0,0,1,1,1,0,0,0,1,0,0,0,0,0,0,0,"C",1687,16268
-0.106861959367006,0.0957831318600337,0.826490969695807,0,0,1,1,1,0,0,0,1,0,0,0,0,0,0,0,"C",2575,16269
-0.098936597598173,0.0987368259817963,0.373274073058214,0,0,1,1,1,0,0,0,1,0,0,0,0,0,0,0,"C",3006,16270
-0.101950770992448,0.0786593262704808,1.01909085469832,0,0,1,1,1,0,0,0,1,0,0,0,0,0,0,0,"C",3732,16271
-0.0586035549683356,0.0655223978454979,0.563802083060197,0,0,1,1,1,0,0,0,1,0,0,0,0,0,0,0,"C",482,16272
-0.0566329184887045,0.0633209407801773,1.21400162586807,0,0,1,1,1,0,0,0,1,0,0,0,0,0,0,0,"C",1341,16273
-0.112639681926218,0.0870791730969188,0.733947592295724,0,0,1,1,1,0,0,0,1,0,0,0,0,0,0,0,"C",3204,16274
-0.0800776469653923,0.0799999379875857,0.507391505394837,0,0,1,1,1,0,0,0,1,0,0,0,0,0,0,0,"C",1763,16275
-0.120345582004885,0.0877888978489123,1.21209187070317,0,0,1,1,1,0,0,0,1,0,0,0,0,0,0,0,"C",2318,16276
-0.121017379110432,0.0928502884971504,0.876728454767793,0,0,1,1,1,0,0,0,1,0,0,0,0,0,0,0,"C",1059,16277
-0.0970240845245455,0.112217825410067,0.75485158949247,0,0,1,1,1,0,0,0,1,0,0,0,0,0,0,0,"C",1290,16278
-0.136295117992119,0.101301298471659,1.10443218783971,0,0,1,1,1,0,0,0,1,0,0,0,0,0,0,0,"C",3146,16279
-0.107420042587952,0.106047080453455,0.7295451119359,0,0,1,1,1,0,0,0,1,0,0,0,0,0,0,0,"C",1594,16280
-0.125390893432275,0.104980606002295,0.908383004695101,0,0,1,1,1,0,0,0,1,0,0,0,0,0,0,0,"C",2727,16281
-0.117627806105181,0.103730133983344,0.465247620199592,0,0,1,1,1,0,0,0,1,0,0,0,0,0,0,0,"C",2960,16282
-0.0754422803345211,0.0667281867563357,1.21824928873043,0,0,1,1,1,0,0,0,1,0,0,0,0,0,0,0,"C",3738,16283
-0.116831115767814,0.115098727882571,0.840146786406159,0,0,1,1,1,0,0,0,1,0,0,0,0,0,0,0,"C",1567,16284
-0.0825982376665826,0.0521189929545778,1.52378717940611,0,0,1,1,1,0,0,0,1,0,0,0,0,0,0,0,"C",1930,16285
-0.100282465020824,0.110069319832607,0.231263071592276,0,0,1,1,1,0,0,0,1,0,0,0,0,0,0,0,"C",3714,16286
-0.102789274563675,0.108403159233665,0.847665305921695,0,0,1,1,1,0,0,0,1,0,0,0,0,0,0,0,"C",435,16287
-0.125745494979752,0.0859310502370139,0.331736615937407,0,0,1,1,1,0,0,0,1,0,0,0,0,0,0,0,"C",1461,16288
-0.0891104410105789,0.0761962859167315,0.431566089979087,0,0,1,1,1,0,0,0,1,0,0,0,0,0,0,0,"C",2661,16289
-0.126937675808718,0.10333626016637,1.00277267883076,0,0,1,1,1,0,0,0,1,0,0,0,0,0,0,0,"C",1967,16290
-0.111414712219809,0.0806308342900841,0.453171835306512,0,0,1,1,1,0,0,0,1,0,0,0,0,0,0,0,"C",2087,16291
-0.111272017565767,0.114508846267145,1.23593761593952,0,0,1,1,1,0,0,0,1,0,0,0,0,0,0,0,"C",2137,16292
-0.0857839255994103,0.0866716629532197,1.16659439566768,0,0,1,1,1,0,0,0,1,0,0,0,0,0,0,0,"C",2578,16293
-0.129159533059911,0.109014553532079,0.867755953515587,0,0,1,1,1,0,0,0,1,0,0,0,0,0,0,0,"C",899,16294
-0.0993520239966884,0.0761333276557474,1.20898907813278,0,0,1,1,1,0,0,0,1,0,0,0,0,0,0,0,"C",3030,16295
-0.0929172267235657,0.0863508055225163,0.8658033044979,0,0,1,1,1,0,0,0,1,0,0,0,0,0,0,0,"C",2602,16296
-0.10512318555374,0.0890081164303144,0.73888500459182,0,0,1,1,1,0,0,0,1,0,0,0,0,0,0,0,"C",394,16297
-0.101578216688586,0.0922017999226298,1.31903803740735,0,0,1,1,1,0,0,0,1,0,0,0,0,0,0,0,"C",3326,16298
-0.119417421487568,0.104324002789828,0.758842342702963,0,0,1,1,1,0,0,0,1,0,0,0,0,0,0,0,"C",2240,16299
-0.0588770676641234,0.0114866042989465,0.249901725200536,0,0,1,1,1,0,0,0,1,0,0,0,0,0,0,0,"D",491,16300
-0.153438922252709,0.063281067993451,0.582105504240613,0,0,1,1,1,0,0,0,1,0,0,0,0,0,0,0,"D",3721,16301
-0.148066989223263,0.0718256127543506,-0.156553541241944,0,0,1,1,1,0,0,0,1,0,0,0,0,0,0,0,"D",3402,16302
-0.137643057748582,0.0667067096923724,0.241389209353557,0,0,1,1,1,0,0,0,1,0,0,0,0,0,0,0,"D",368,16303
-0.140362254396728,0.0854641375153238,0.737710264949748,0,0,1,1,1,0,0,0,1,0,0,0,0,0,0,0,"D",1484,16304
-0.121604926080009,0.0499665501341597,-0.0989123676761161,0,0,1,1,1,0,0,0,1,0,0,0,0,0,0,0,"D",2487,16305
-0.149135743602678,0.0858212514955924,-0.627584311149845,0,0,1,1,1,0,0,0,1,0,0,0,0,0,0,0,"D",1608,16306
-0.121355683327059,0.0589987842415532,0.060895116510916,0,0,1,1,1,0,0,0,1,0,0,0,0,0,0,0,"D",1462,16307
-0.117690779158505,0.0512679189824594,1.44693357767043,0,0,1,1,1,0,0,0,1,0,0,0,0,0,0,0,"D",3495,16308
-0.109262585692353,0.0475089442230674,0.0153614163869852,0,0,1,1,1,0,0,0,1,0,0,0,0,0,0,0,"D",3583,16309
-0.133484865253118,0.0691611906141975,0.875625772269511,0,0,1,1,1,0,0,0,1,0,0,0,0,0,0,0,"D",1747,16310
-0.135690865136611,0.0366178959586479,0.445214073308123,0,0,1,1,1,0,0,0,1,0,0,0,0,0,0,0,"D",344,16311
-0.159227845221025,0.0885932844561833,0.690254248955878,0,0,1,1,1,0,0,0,1,0,0,0,0,0,0,0,"D",3343,16312
-0.152468243252997,0.0781249069342121,0.438743149402056,0,0,1,1,1,0,0,0,1,0,0,0,0,0,0,0,"D",2191,16313
-0.126466592010441,0.0667455105447266,0.0245914750857412,0,0,1,1,1,0,0,0,1,0,0,0,0,0,0,0,"D",2986,16314
-0.138039794896641,0.0591445610720609,0.684544653831874,0,0,1,1,1,0,0,0,1,0,0,0,0,0,0,0,"D",3527,16315
-0.128099022461003,0.064886433026897,0.250723684519032,0,0,1,1,1,0,0,0,1,0,0,0,0,0,0,0,"D",3748,16316
-0.0831523591495003,0.0351416965985429,0.101445555047098,0,0,1,1,1,0,0,0,1,0,0,0,0,0,0,0,"D",930,16317
-0.119839079542197,0.0460177345356747,-0.17178621938945,0,0,1,1,1,0,0,0,1,0,0,0,0,0,0,0,"D",1560,16318
-0.115313179462164,0.0375070077891454,0.214399567106601,0,0,1,1,1,0,0,0,1,0,0,0,0,0,0,0,"D",1549,16319
-0.132614981650759,0.0722244616452683,0.677478169913324,0,0,1,1,1,0,0,0,1,0,0,0,0,0,0,0,"D",3423,16320
-0.118120959500355,0.0580962271589858,0.161399278554379,0,0,1,1,1,0,0,0,1,0,0,0,0,0,0,0,"D",3464,16321
-0.12229671125882,0.0664786907926629,0.467946786474219,0,0,1,1,1,0,0,0,1,0,0,0,0,0,0,0,"D",1646,16322
-0.150140560001617,0.0865511288595465,0.667774036084678,0,0,1,1,1,0,0,0,1,0,0,0,0,0,0,0,"D",2823,16323
-0.141201958765193,0.0627192885840789,1.0040642370177,0,0,1,1,1,0,0,0,1,0,0,0,0,0,0,0,"D",2022,16324
-0.107212849126563,0.0177416031694784,0.708808646705196,0,0,1,1,1,0,0,0,1,0,0,0,0,0,0,0,"D",1255,16325
-0.135064908017106,0.0796095896755119,-0.527103520048707,0,0,1,1,1,0,0,0,1,0,0,0,0,0,0,0,"D",1691,16326
-0.140130313694444,0.0794082580153345,0.391760628901773,0,0,1,1,1,0,0,0,1,0,0,0,0,0,0,0,"D",3414,16327
-0.149587582142358,0.106183152987125,0.98639683762347,0,0,1,1,1,0,0,0,1,0,0,0,0,0,0,0,"D",1362,16328
-0.138619461209844,0.0692120955091482,-0.360073530035212,0,0,1,1,1,0,0,0,1,0,0,0,0,0,0,0,"D",2845,16329
-0.191285065705063,0.0907981700324941,0.35675995938729,0,0,1,1,1,0,0,0,1,0,0,0,0,0,0,0,"D",2333,16330
-0.134953690695456,0.0513536706805738,1.12722093052868,0,0,1,1,1,0,0,0,1,0,0,0,0,0,0,0,"D",2005,16331
-0.158312068313607,0.101688994529266,1.425093454822,0,0,1,1,1,0,0,0,1,0,0,0,0,0,0,0,"D",2937,16332
-0.141481867949913,0.0671657571769698,0.375741760974031,0,0,1,1,1,0,0,0,1,0,0,0,0,0,0,0,"D",1628,16333
-0.143406553938631,0.061862340524181,0.462560842554763,0,0,1,1,1,0,0,0,1,0,0,0,0,0,0,0,"D",3122,16334
-0.160870815752782,0.0910049813004664,0.495075633623097,0,0,1,1,1,0,0,0,1,0,0,0,0,0,0,0,"D",666,16335
-0.115185121532155,0.0620936042984775,0.334167117971311,0,0,1,1,1,0,0,0,1,0,0,0,0,0,0,0,"D",1125,16336
-0.0926113888787397,0.0541444708577858,0.290656876192499,0,0,1,1,1,0,0,0,1,0,0,0,0,0,0,0,"D",33,16337
-0.146086814875715,0.085525883508888,0.117349933331631,0,0,1,1,1,0,0,0,1,0,0,0,0,0,0,0,"D",1671,16338
-0.122448351424454,0.0648964444749655,0.986245565604443,0,0,1,1,1,0,0,0,1,0,0,0,0,0,0,0,"D",2714,16339
-0.128302002172434,0.0862308835165799,1.19885688210293,0,0,1,1,1,0,0,0,1,0,0,0,0,0,0,0,"D",946,16340
-0.176823396128585,0.0709390785536047,0.876121828345743,0,0,1,1,1,0,0,0,1,0,0,0,0,0,0,0,"D",2718,16341
-0.150113690367874,0.0765537045230566,1.75899256322445,0,0,1,1,1,0,0,0,1,0,0,0,0,0,0,0,"D",2372,16342
-0.15482740022777,0.085895135818657,0.608033297070117,0,0,1,1,1,0,0,0,1,0,0,0,0,0,0,0,"D",1117,16343
-0.140490900213274,0.0684403097089208,0.773171858022501,0,0,1,1,1,0,0,0,1,0,0,0,0,0,0,0,"D",3186,16344
-0.113354561896228,0.043082082036247,1.0496854511653,0,0,1,1,1,0,0,0,1,0,0,0,0,0,0,0,"D",2648,16345
-0.166539233928842,0.0948474287748124,0.736236680288832,0,0,1,1,1,0,0,0,1,0,0,0,0,0,0,0,"D",3379,16346
-0.130005850909738,0.0724221178195038,1.15367228602696,0,0,1,1,1,0,0,0,1,0,0,0,0,0,0,0,"D",2742,16347
-0.146000831488333,0.0867626968686408,0.607235777049773,0,0,1,1,1,0,0,0,1,0,0,0,0,0,0,0,"D",2336,16348
-0.150104921713843,0.0915605458959045,0.182962353879249,0,0,1,1,1,0,0,0,1,0,0,0,0,0,0,0,"D",267,16349
-0.155000285803027,0.0934320305124886,1.33647520437942,0,0,1,1,1,0,0,0,1,0,0,0,0,0,0,0,"D",1359,16350
-0.153026720327595,0.065130938910218,-0.320994885609882,0,0,1,1,1,0,0,0,1,0,0,0,0,0,0,0,"D",1441,16351
-0.154261057781651,0.0906577928259102,1.48483115464336,0,0,1,1,1,0,0,0,1,0,0,0,0,0,0,0,"D",1962,16352
-0.124528911267797,0.0540861069825959,0.487149579037797,0,0,1,1,1,0,0,0,1,0,0,0,0,0,0,0,"D",3717,16353
-0.139220646366336,0.0568298729008319,0.563748400316996,0,0,1,1,1,0,0,0,1,0,0,0,0,0,0,0,"D",347,16354
-0.130632826901451,0.0439736438816662,0.579822135984599,0,0,1,1,1,0,0,0,1,0,0,0,0,0,0,0,"D",2090,16355
-0.0962902015359541,0.0624711726043992,-0.287581812815234,0,0,1,1,1,0,0,0,1,0,0,0,0,0,0,0,"D",3406,16356
-0.121192526550465,0.0595882729013213,0.187571740994797,0,0,1,1,1,0,0,0,1,0,0,0,0,0,0,0,"D",2061,16357
-0.120412843053251,0.0316830483766019,0.989330705037134,0,0,1,1,1,0,0,0,1,0,0,0,0,0,0,0,"D",3699,16358
-0.183728107818787,0.10176374137346,0.316295597778967,0,0,1,1,1,0,0,0,1,0,0,0,0,0,0,0,"D",1385,16359
-0.113259300690209,0.0383926929941208,0.747116980535968,0,0,1,1,1,0,0,0,1,0,0,0,0,0,0,0,"D",729,16360
-0.156316259712699,0.0875037690973056,0.180391869265346,0,0,1,1,1,0,0,0,1,0,0,0,0,0,0,0,"D",712,16361
-0.162192321242594,0.074630393989354,1.59972541540345,0,0,1,1,1,0,0,0,1,0,0,0,0,0,0,0,"D",656,16362
-0.103017169085222,0.0417659190859542,0.144018201306794,0,0,1,1,1,0,0,0,1,0,0,0,0,0,0,0,"D",1397,16363
-0.142512775310492,0.102537910098524,0.431182146243194,0,0,1,1,1,0,0,0,1,0,0,0,0,0,0,0,"D",2074,16364
-0.14286707684975,0.0863097956349386,-0.237279360092262,0,0,1,1,1,0,0,0,1,0,0,0,0,0,0,0,"D",857,16365
-0.160141684089775,0.0664367301542579,0.781985532818165,0,0,1,1,1,0,0,0,1,0,0,0,0,0,0,0,"D",2257,16366
-0.110612887582226,0.0529674684741843,0.369705575556578,0,0,1,1,1,0,0,0,1,0,0,0,0,0,0,0,"D",1072,16367
-0.120333443853196,0.0518554417122692,-0.110944047415769,0,0,1,1,1,0,0,0,1,0,0,0,0,0,0,0,"D",1687,16368
-0.123657063145653,0.0749699845446155,1.17284053609255,0,0,1,1,1,0,0,0,1,0,0,0,0,0,0,0,"D",2575,16369
-0.118698024530267,0.0675321640921532,0.371180948719734,0,0,1,1,1,0,0,0,1,0,0,0,0,0,0,0,"D",3006,16370
-0.18672978489954,0.124676634500902,-0.257951876175157,0,0,1,1,1,0,0,0,1,0,0,0,0,0,0,0,"D",3732,16371
-0.138503871051645,0.0668721594415187,0.919324245857955,0,0,1,1,1,0,0,0,1,0,0,0,0,0,0,0,"D",482,16372
-0.139729617623489,0.0938150261163228,0.630565992236883,0,0,1,1,1,0,0,0,1,0,0,0,0,0,0,0,"D",1341,16373
-0.09582377382429,0.0427981986096885,0.735778819980699,0,0,1,1,1,0,0,0,1,0,0,0,0,0,0,0,"D",3204,16374
-0.110611267543652,0.0296925045016174,-0.231656033235714,0,0,1,1,1,0,0,0,1,0,0,0,0,0,0,0,"D",1763,16375
-0.139759441898142,0.0691656655067872,0.688799521579863,0,0,1,1,1,0,0,0,1,0,0,0,0,0,0,0,"D",2318,16376
-0.157285939804695,0.0720725433505711,0.136010259648772,0,0,1,1,1,0,0,0,1,0,0,0,0,0,0,0,"D",1059,16377
-0.0852501349988179,0.0422409450319186,-0.593453437209697,0,0,1,1,1,0,0,0,1,0,0,0,0,0,0,0,"D",1290,16378
-0.160595534847311,0.0759775619875827,0.973163722093139,0,0,1,1,1,0,0,0,1,0,0,0,0,0,0,0,"D",3146,16379
-0.145457403897778,0.0705459267267799,0.488264337083959,0,0,1,1,1,0,0,0,1,0,0,0,0,0,0,0,"D",1594,16380
-0.148370973983099,0.0893231971034198,1.57712694309655,0,0,1,1,1,0,0,0,1,0,0,0,0,0,0,0,"D",2727,16381
-0.13963185055958,0.0788783776767751,1.0591097735708,0,0,1,1,1,0,0,0,1,0,0,0,0,0,0,0,"D",2960,16382
-0.137757099349252,0.0925165293362494,0.167709616708042,0,0,1,1,1,0,0,0,1,0,0,0,0,0,0,0,"D",3738,16383
-0.117121061510928,0.039240616202162,0.139071863701656,0,0,1,1,1,0,0,0,1,0,0,0,0,0,0,0,"D",1567,16384
-0.108438188879299,0.040888469648246,0.31836655272814,0,0,1,1,1,0,0,0,1,0,0,0,0,0,0,0,"D",1930,16385
-0.116404107276322,0.0355494322665828,0.00929565788562887,0,0,1,1,1,0,0,0,1,0,0,0,0,0,0,0,"D",3714,16386
-0.126270124652315,0.070943529635713,0.144435861223043,0,0,1,1,1,0,0,0,1,0,0,0,0,0,0,0,"D",435,16387
-0.171202927068902,0.0829028849513443,0.483001933147017,0,0,1,1,1,0,0,0,1,0,0,0,0,0,0,0,"D",1461,16388
-0.139406344266014,0.0787689431204046,0.570443653451341,0,0,1,1,1,0,0,0,1,0,0,0,0,0,0,0,"D",2661,16389
-0.0946169614071232,0.0384514965574475,-0.047110976961104,0,0,1,1,1,0,0,0,1,0,0,0,0,0,0,0,"D",1967,16390
-0.157268926879562,0.0729357864435284,0.987557635129064,0,0,1,1,1,0,0,0,1,0,0,0,0,0,0,0,"D",2087,16391
-0.12414506469088,0.0902849038722617,0.494984306073872,0,0,1,1,1,0,0,0,1,0,0,0,0,0,0,0,"D",2137,16392
-0.117825581818953,0.0532356585422289,0.215955454108935,0,0,1,1,1,0,0,0,1,0,0,0,0,0,0,0,"D",2578,16393
-0.125994652913843,0.0499469061497881,0.173682944881083,0,0,1,1,1,0,0,0,1,0,0,0,0,0,0,0,"D",899,16394
-0.150976444419163,0.0538652568575156,0.28799589853326,0,0,1,1,1,0,0,0,1,0,0,0,0,0,0,0,"D",3030,16395
-0.191481174361377,0.0939613377141469,1.29821774895713,0,0,1,1,1,0,0,0,1,0,0,0,0,0,0,0,"D",2602,16396
-0.122446391758807,0.0743441998415246,0.717687970204034,0,0,1,1,1,0,0,0,1,0,0,0,0,0,0,0,"D",394,16397
-0.124184422522283,0.0439287614009074,-0.402662837711925,0,0,1,1,1,0,0,0,1,0,0,0,0,0,0,0,"D",3326,16398
-0.159270557833583,0.0790056318394577,0.831123680018042,0,0,1,1,1,0,0,0,1,0,0,0,0,0,0,0,"D",2240,16399
-0.186903568856827,0.185167307394051,-0.428134820490722,0,0,1,1,1,0,0,0,0,1,0,0,0,0,0,0,"C",491,16400
-0.105995801696417,0.0608916016445054,0.0466403664075769,0,0,1,1,1,0,0,0,0,1,0,0,0,0,0,0,"C",3721,16401
-0.0824139837412163,0.134592940475663,0.661038509728455,0,0,1,1,1,0,0,0,0,1,0,0,0,0,0,0,"C",3402,16402
-0.258711991773479,0.249429069697476,-2.22868169066398,0,0,1,1,1,0,0,0,0,1,0,0,0,0,0,0,"C",368,16403
-0.168800583787717,0.183744872571749,-0.628437925762616,0,0,1,1,1,0,0,0,0,1,0,0,0,0,0,0,"C",1484,16404
-0.135170248469568,0.153259651128889,-2.16477258701592,0,0,1,1,1,0,0,0,0,1,0,0,0,0,0,0,"C",2487,16405
-0.179617944916102,0.193047563624413,-1.65387098058506,0,0,1,1,1,0,0,0,0,1,0,0,0,0,0,0,"C",1608,16406
-0.230976292679956,0.255238815353293,-0.930517038922545,0,0,1,1,1,0,0,0,0,1,0,0,0,0,0,0,"C",1462,16407
-0.16736509123574,0.140633509577539,-0.219784116199072,0,0,1,1,1,0,0,0,0,1,0,0,0,0,0,0,"C",3495,16408
-0.192673197440083,0.238420066818412,-0.63845614117933,0,0,1,1,1,0,0,0,0,1,0,0,0,0,0,0,"C",3583,16409
-0.122733769337321,0.0861732324284611,-0.0840869738506579,0,0,1,1,1,0,0,0,0,1,0,0,0,0,0,0,"C",1747,16410
-0.233652694381947,0.25342715994203,-1.53892579665354,0,0,1,1,1,0,0,0,0,1,0,0,0,0,0,0,"C",344,16411
-0.129068484633186,0.0889232299633741,-1.51549187515543,0,0,1,1,1,0,0,0,0,1,0,0,0,0,0,0,"C",3343,16412
-0.0777875935325292,0.125475235405643,-1.93945424954012,0,0,1,1,1,0,0,0,0,1,0,0,0,0,0,0,"C",2191,16413
-0.23115870298331,0.29774333671675,-2.36099610658772,0,0,1,1,1,0,0,0,0,1,0,0,0,0,0,0,"C",2986,16414
-0.145573853306683,0.164641943518041,1.00846123169919,0,0,1,1,1,0,0,0,0,1,0,0,0,0,0,0,"C",3527,16415
-0.199957058871883,0.207481336875597,0.818049337624506,0,0,1,1,1,0,0,0,0,1,0,0,0,0,0,0,"C",3748,16416
-0.222254222985619,0.2076594923282,1.62672834572374,0,0,1,1,1,0,0,0,0,1,0,0,0,0,0,0,"C",930,16417
-0.157773030469567,0.112998818947236,-0.686119498411339,0,0,1,1,1,0,0,0,0,1,0,0,0,0,0,0,"C",1560,16418
-0.202795089702346,0.196250831778522,-2.34360831878834,0,0,1,1,1,0,0,0,0,1,0,0,0,0,0,0,"C",1549,16419
-0.118640921537249,0.141313459625673,0.193855502167223,0,0,1,1,1,0,0,0,0,1,0,0,0,0,0,0,"C",3423,16420
-0.105603750928702,0.0948557063366586,0.619447446975669,0,0,1,1,1,0,0,0,0,1,0,0,0,0,0,0,"C",3464,16421
-0.148049413000567,0.183442023181861,0.756751568618138,0,0,1,1,1,0,0,0,0,1,0,0,0,0,0,0,"C",1646,16422
-0.0925826181285571,0.0743411014360201,-0.31771386094971,0,0,1,1,1,0,0,0,0,1,0,0,0,0,0,0,"C",2823,16423
-0.220162174236765,0.261751869600157,-0.633692591850269,0,0,1,1,1,0,0,0,0,1,0,0,0,0,0,0,"C",2022,16424
-0.244470513749547,0.27662547579396,-0.127311346520557,0,0,1,1,1,0,0,0,0,1,0,0,0,0,0,0,"C",1255,16425
-0.146805369961449,0.138578614517744,1.01990974653698,0,0,1,1,1,0,0,0,0,1,0,0,0,0,0,0,"C",1691,16426
-0.263783712077726,0.288014605118843,-2.16347290320171,0,0,1,1,1,0,0,0,0,1,0,0,0,0,0,0,"C",3414,16427
-0.222338015553144,0.183316844992218,-1.71498947390302,0,0,1,1,1,0,0,0,0,1,0,0,0,0,0,0,"C",1362,16428
-0.14684741631086,0.144264359659802,-0.135479148771895,0,0,1,1,1,0,0,0,0,1,0,0,0,0,0,0,"C",2845,16429
-0.144188618536784,0.128522684196656,0.141166467836332,0,0,1,1,1,0,0,0,0,1,0,0,0,0,0,0,"C",2333,16430
-0.151415801779664,0.161113783212784,0.864282941012478,0,0,1,1,1,0,0,0,0,1,0,0,0,0,0,0,"C",2005,16431
-0.257603226711963,0.244527640499239,-2.14682707759529,0,0,1,1,1,0,0,0,0,1,0,0,0,0,0,0,"C",2937,16432
-0.242353477984365,0.263845366035603,-2.18151238602499,0,0,1,1,1,0,0,0,0,1,0,0,0,0,0,0,"C",1628,16433
-0.287167618059883,0.291213928183715,-2.64238441453495,0,0,1,1,1,0,0,0,0,1,0,0,0,0,0,0,"C",3122,16434
-0.226815160567985,0.230031290570179,-1.56002189573792,0,0,1,1,1,0,0,0,0,1,0,0,0,0,0,0,"C",666,16435
-0.20040452857234,0.208557935737827,-0.685995445923276,0,0,1,1,1,0,0,0,0,1,0,0,0,0,0,0,"C",1125,16436
-0.15851298952573,0.150301229515164,-0.217910868329912,0,0,1,1,1,0,0,0,0,1,0,0,0,0,0,0,"C",33,16437
-0.328784040012807,0.224003595920134,-1.6743616169391,0,0,1,1,1,0,0,0,0,1,0,0,0,0,0,0,"C",1671,16438
-0.0571372555263606,0.112239301704169,1.05571610055722,0,0,1,1,1,0,0,0,0,1,0,0,0,0,0,0,"C",2714,16439
-0.122020983821024,0.0815770098403628,0.117886483022837,0,0,1,1,1,0,0,0,0,1,0,0,0,0,0,0,"C",946,16440
-0.23996609737672,0.243160991822027,-1.78878828299155,0,0,1,1,1,0,0,0,0,1,0,0,0,0,0,0,"C",2718,16441
-0.206482267810462,0.177611611125394,0.770480564576791,0,0,1,1,1,0,0,0,0,1,0,0,0,0,0,0,"C",2372,16442
-0.155872988918715,0.12931679941727,-0.713683655729017,0,0,1,1,1,0,0,0,0,1,0,0,0,0,0,0,"C",1117,16443
-0.119667995406062,0.128333278258375,-1.83821976326755,0,0,1,1,1,0,0,0,0,1,0,0,0,0,0,0,"C",3186,16444
-0.105974313121058,0.101753341586053,-2.3572202310757,0,0,1,1,1,0,0,0,0,1,0,0,0,0,0,0,"C",2648,16445
-0.221652196497906,0.228321410453073,-1.57706134664049,0,0,1,1,1,0,0,0,0,1,0,0,0,0,0,0,"C",3379,16446
-0.149864704107292,0.108611506346693,1.74127771255196,0,0,1,1,1,0,0,0,0,1,0,0,0,0,0,0,"C",2742,16447
-0.197668641560682,0.214882114440205,-0.835615403153656,0,0,1,1,1,0,0,0,0,1,0,0,0,0,0,0,"C",2336,16448
-0.0945412817080681,0.110564633452087,0.65336370373991,0,0,1,1,1,0,0,0,0,1,0,0,0,0,0,0,"C",267,16449
-0.250318743477506,0.234168676757602,-0.963288377013261,0,0,1,1,1,0,0,0,0,1,0,0,0,0,0,0,"C",1359,16450
-0.125042281183236,0.135436257488284,-0.772677920565085,0,0,1,1,1,0,0,0,0,1,0,0,0,0,0,0,"C",1441,16451
-0.0880785408628861,0.090406521503282,0.733950358822241,0,0,1,1,1,0,0,0,0,1,0,0,0,0,0,0,"C",1962,16452
-0.198549807601221,0.201510064594855,-0.451231662927619,0,0,1,1,1,0,0,0,0,1,0,0,0,0,0,0,"C",3717,16453
-0.239857013773429,0.265472020928928,-2.00245241206524,0,0,1,1,1,0,0,0,0,1,0,0,0,0,0,0,"C",347,16454
-0.22401182394827,0.247626038983507,0.922299502157586,0,0,1,1,1,0,0,0,0,1,0,0,0,0,0,0,"C",2090,16455
-0.207375476635135,0.218888855956273,0.54502696979312,0,0,1,1,1,0,0,0,0,1,0,0,0,0,0,0,"C",3406,16456
-0.117983812717899,0.104415935445641,-2.06866598647066,0,0,1,1,1,0,0,0,0,1,0,0,0,0,0,0,"C",2061,16457
-0.0931380594779398,0.142699526315359,-0.394138344955737,0,0,1,1,1,0,0,0,0,1,0,0,0,0,0,0,"C",3699,16458
-0.210763597555704,0.190631576543207,-2.21931093454209,0,0,1,1,1,0,0,0,0,1,0,0,0,0,0,0,"C",1385,16459
-0.158192598552783,0.158144983262091,0.0342129613689048,0,0,1,1,1,0,0,0,0,1,0,0,0,0,0,0,"C",729,16460
-0.187864876250221,0.191154752376721,-1.61981790858691,0,0,1,1,1,0,0,0,0,1,0,0,0,0,0,0,"C",712,16461
-0.206754425926874,0.197851906463284,1.27361404861213,0,0,1,1,1,0,0,0,0,1,0,0,0,0,0,0,"C",656,16462
-0.188652593808638,0.213686873921857,-1.95720489657618,0,0,1,1,1,0,0,0,0,1,0,0,0,0,0,0,"C",1397,16463
-0.165352467023353,0.171535392782108,-1.08347579270999,0,0,1,1,1,0,0,0,0,1,0,0,0,0,0,0,"C",2074,16464
-0.244238112892424,0.216209420416086,-2.21439551704604,0,0,1,1,1,0,0,0,0,1,0,0,0,0,0,0,"C",857,16465
-0.191955485992302,0.137376105951661,-1.29569412741019,0,0,1,1,1,0,0,0,0,1,0,0,0,0,0,0,"C",2257,16466
-0.120814170456139,0.102652310341692,-2.21293914938398,0,0,1,1,1,0,0,0,0,1,0,0,0,0,0,0,"C",1072,16467
-0.237715151894057,0.236797723107546,-1.21302711899578,0,0,1,1,1,0,0,0,0,1,0,0,0,0,0,0,"C",1687,16468
-0.225867456456091,0.259615888046473,0.868114810141153,0,0,1,1,1,0,0,0,0,1,0,0,0,0,0,0,"C",2575,16469
-0.154460751689013,0.176535192133615,-1.57241028927279,0,0,1,1,1,0,0,0,0,1,0,0,0,0,0,0,"C",3006,16470
-0.232307321409129,0.223424895312924,-2.21059848904096,0,0,1,1,1,0,0,0,0,1,0,0,0,0,0,0,"C",3732,16471
-0.0398422603091904,0.0748975280758634,-0.318839753824292,0,0,1,1,1,0,0,0,0,1,0,0,0,0,0,0,"C",482,16472
-0.117012747944812,0.111285960296991,0.993648961953986,0,0,1,1,1,0,0,0,0,1,0,0,0,0,0,0,"C",1341,16473
-0.187061017359905,0.176111911251356,-0.612529801631778,0,0,1,1,1,0,0,0,0,1,0,0,0,0,0,0,"C",3204,16474
-0.0707403381859581,0.113475189837369,1.86451029184276,0,0,1,1,1,0,0,0,0,1,0,0,0,0,0,0,"C",1763,16475
-0.192132777802966,0.18094170959335,0.736358119422657,0,0,1,1,1,0,0,0,0,1,0,0,0,0,0,0,"C",2318,16476
-0.045781070141934,0.0989512833575657,0.339898384651165,0,0,1,1,1,0,0,0,0,1,0,0,0,0,0,0,"C",1059,16477
-0.10072053381314,0.0843322830600739,0.256130722890773,0,0,1,1,1,0,0,0,0,1,0,0,0,0,0,0,"C",1290,16478
-0.198323002399528,0.219294799267267,-2.27275905343242,0,0,1,1,1,0,0,0,0,1,0,0,0,0,0,0,"C",3146,16479
-0.230043355473635,0.211170127148444,-0.146381527290647,0,0,1,1,1,0,0,0,0,1,0,0,0,0,0,0,"C",1594,16480
-0.133777387422028,0.181387430891805,0.999309328952019,0,0,1,1,1,0,0,0,0,1,0,0,0,0,0,0,"C",2727,16481
-0.185727646597821,0.169045051349669,-2.16546504594299,0,0,1,1,1,0,0,0,0,1,0,0,0,0,0,0,"C",2960,16482
-0.171946687104344,0.122642432584126,0.0124298794743446,0,0,1,1,1,0,0,0,0,1,0,0,0,0,0,0,"C",3738,16483
-0.139685757977541,0.140597032554622,1.74033298988881,0,0,1,1,1,0,0,0,0,1,0,0,0,0,0,0,"C",1567,16484
-0.1705813998019,0.129934165736496,1.72108134276917,0,0,1,1,1,0,0,0,0,1,0,0,0,0,0,0,"C",1930,16485
-0.123704873736416,0.150566398367734,0.137366396581553,0,0,1,1,1,0,0,0,0,1,0,0,0,0,0,0,"C",3714,16486
-0.156431938632883,0.1555919706396,0.826707702336927,0,0,1,1,1,0,0,0,0,1,0,0,0,0,0,0,"C",435,16487
-0.259506904114213,0.222509928554121,-1.81064826821764,0,0,1,1,1,0,0,0,0,1,0,0,0,0,0,0,"C",1461,16488
-0.235601497142542,0.251445504453419,-1.96228652576305,0,0,1,1,1,0,0,0,0,1,0,0,0,0,0,0,"C",2661,16489
-0.280581360547192,0.220371504074522,-1.26809927083512,0,0,1,1,1,0,0,0,0,1,0,0,0,0,0,0,"C",1967,16490
-0.286119572630415,0.290326846444513,-2.07486011221252,0,0,1,1,1,0,0,0,0,1,0,0,0,0,0,0,"C",2087,16491
-0.162779491323479,0.127563730422545,-2.24476521083113,0,0,1,1,1,0,0,0,0,1,0,0,0,0,0,0,"C",2137,16492
-0.13820397772978,0.134430012112615,-1.33192919810317,0,0,1,1,1,0,0,0,0,1,0,0,0,0,0,0,"C",2578,16493
-0.159868365075198,0.146581371045336,-1.85571565503633,0,0,1,1,1,0,0,0,0,1,0,0,0,0,0,0,"C",899,16494
-0.0876753686012927,0.0665423634886665,-0.0405079887076996,0,0,1,1,1,0,0,0,0,1,0,0,0,0,0,0,"C",3030,16495
-0.211668436456037,0.232489070411077,-1.26866326050708,0,0,1,1,1,0,0,0,0,1,0,0,0,0,0,0,"C",2602,16496
-0.197781207733112,0.205997277448796,-0.0535930438241924,0,0,1,1,1,0,0,0,0,1,0,0,0,0,0,0,"C",394,16497
-0.146928132833475,0.190925537848249,0.0228487901941942,0,0,1,1,1,0,0,0,0,1,0,0,0,0,0,0,"C",3326,16498
-0.224459217927339,0.231574619889772,-1.1110180725092,0,0,1,1,1,0,0,0,0,1,0,0,0,0,0,0,"C",2240,16499
-0.158568946170958,0.0717414440254516,-0.193130062202631,0,0,1,1,1,0,0,0,0,1,0,0,0,0,0,0,"D",491,16500
-0.143975088741472,0.093344299198941,-1.55701581852895,0,0,1,1,1,0,0,0,0,1,0,0,0,0,0,0,"D",3721,16501
-0.105676741926531,0.0756330136846347,0.489271542978683,0,0,1,1,1,0,0,0,0,1,0,0,0,0,0,0,"D",3402,16502
-0.153988120246333,0.0643747850328247,-0.445526997027183,0,0,1,1,1,0,0,0,0,1,0,0,0,0,0,0,"D",368,16503
-0.109771306384269,0.0449387169324034,0.280629622851575,0,0,1,1,1,0,0,0,0,1,0,0,0,0,0,0,"D",1484,16504
-0.115958830616104,0.0699217990611755,-0.000777961322970124,0,0,1,1,1,0,0,0,0,1,0,0,0,0,0,0,"D",2487,16505
-0.0837426687729308,0.0417186411236243,0.919333977628715,0,0,1,1,1,0,0,0,0,1,0,0,0,0,0,0,"D",1608,16506
-0.125900044645043,0.0896413181579392,-0.667042416164154,0,0,1,1,1,0,0,0,0,1,0,0,0,0,0,0,"D",1462,16507
-0.104988186022762,0.0436071224247163,-0.448052356993844,0,0,1,1,1,0,0,0,0,1,0,0,0,0,0,0,"D",3495,16508
-0.129585868598414,0.111666770872741,1.96831099806595,0,0,1,1,1,0,0,0,0,1,0,0,0,0,0,0,"D",3583,16509
-0.0770313617107999,0.0243949385585933,0.4129710218678,0,0,1,1,1,0,0,0,0,1,0,0,0,0,0,0,"D",1747,16510
-0.183184807796414,0.127483908534693,-2.6720942921124,0,0,1,1,1,0,0,0,0,1,0,0,0,0,0,0,"D",344,16511
-0.130644729314992,0.012571590841003,0.649566936311467,0,0,1,1,1,0,0,0,0,1,0,0,0,0,0,0,"D",3343,16512
-0.131779382027762,0.0987940517007922,-0.82042210581871,0,0,1,1,1,0,0,0,0,1,0,0,0,0,0,0,"D",2191,16513
-0.147342626297168,0.13999058319981,-2.67192759611794,0,0,1,1,1,0,0,0,0,1,0,0,0,0,0,0,"D",2986,16514
-0.0627878374674652,0.0723285376556992,-1.89348112005985,0,0,1,1,1,0,0,0,0,1,0,0,0,0,0,0,"D",3527,16515
-0.135021785015712,0.0985546280718992,-1.51556135784774,0,0,1,1,1,0,0,0,0,1,0,0,0,0,0,0,"D",3748,16516
-0.155808282849416,0.111880809652218,1.22833099187423,0,0,1,1,1,0,0,0,0,1,0,0,0,0,0,0,"D",930,16517
-0.152213663819531,0.0990244419791557,-0.349624210664843,0,0,1,1,1,0,0,0,0,1,0,0,0,0,0,0,"D",1560,16518
-0.16354888561947,0.101639373053475,0.905264296981185,0,0,1,1,1,0,0,0,0,1,0,0,0,0,0,0,"D",1549,16519
-0.190967726360668,0.122478492090185,-1.51744627691881,0,0,1,1,1,0,0,0,0,1,0,0,0,0,0,0,"D",3423,16520
-0.132485475944818,0.123088241350091,0.377101429038284,0,0,1,1,1,0,0,0,0,1,0,0,0,0,0,0,"D",3464,16521
-0.20199645610078,0.108342381638475,1.0888183875227,0,0,1,1,1,0,0,0,0,1,0,0,0,0,0,0,"D",1646,16522
-0.131198089232868,0.0611270330054768,-0.155404829097721,0,0,1,1,1,0,0,0,0,1,0,0,0,0,0,0,"D",2823,16523
-0.199904332354928,0.131119179691594,-1.84952744490351,0,0,1,1,1,0,0,0,0,1,0,0,0,0,0,0,"D",2022,16524
-0.13599927200409,0.128300079729297,-2.53945947151811,0,0,1,1,1,0,0,0,0,1,0,0,0,0,0,0,"D",1255,16525
-0.124194951161318,0.0601329426560195,-1.12918827774729,0,0,1,1,1,0,0,0,0,1,0,0,0,0,0,0,"D",1691,16526
-0.211186319016661,0.147010038831002,-1.78997571008317,0,0,1,1,1,0,0,0,0,1,0,0,0,0,0,0,"D",3414,16527
-0.124199315978982,0.0416572597297723,0.350195642057747,0,0,1,1,1,0,0,0,0,1,0,0,0,0,0,0,"D",1362,16528
-0.104940342461818,0.0765703690837053,-1.19820499535799,0,0,1,1,1,0,0,0,0,1,0,0,0,0,0,0,"D",2845,16529
-0.14525642380698,0.131710514219183,-1.09876045310924,0,0,1,1,1,0,0,0,0,1,0,0,0,0,0,0,"D",2333,16530
-0.137249689635454,0.110280086024563,0.278203891336181,0,0,1,1,1,0,0,0,0,1,0,0,0,0,0,0,"D",2005,16531
-0.145673791207453,0.080962036784934,-1.9729392478942,0,0,1,1,1,0,0,0,0,1,0,0,0,0,0,0,"D",2937,16532
-0.183953240780051,0.157492061580537,-1.29752300855708,0,0,1,1,1,0,0,0,0,1,0,0,0,0,0,0,"D",1628,16533
-0.178119771267645,0.091087483238518,0.474690658810688,0,0,1,1,1,0,0,0,0,1,0,0,0,0,0,0,"D",3122,16534
-0.15205015030212,0.0628877450055597,0.13199539297261,0,0,1,1,1,0,0,0,0,1,0,0,0,0,0,0,"D",666,16535
-0.137354293776598,0.0978421580151104,0.061167926025111,0,0,1,1,1,0,0,0,0,1,0,0,0,0,0,0,"D",1125,16536
-0.0487674053536729,0.0322681584052938,-0.0101302716950816,0,0,1,1,1,0,0,0,0,1,0,0,0,0,0,0,"D",33,16537
-0.0787243427621982,0.0389752020665276,0.594564327350704,0,0,1,1,1,0,0,0,0,1,0,0,0,0,0,0,"D",1671,16538
-0.0802142427206664,0.0477048969844551,-0.581798080863417,0,0,1,1,1,0,0,0,0,1,0,0,0,0,0,0,"D",2714,16539
-0.157212953754564,0.139966939597291,-1.82625631660074,0,0,1,1,1,0,0,0,0,1,0,0,0,0,0,0,"D",946,16540
-0.131307850246954,0.0641051295236602,0.455549486647822,0,0,1,1,1,0,0,0,0,1,0,0,0,0,0,0,"D",2718,16541
-0.133112181926576,0.0872716638186058,-1.40650838034679,0,0,1,1,1,0,0,0,0,1,0,0,0,0,0,0,"D",2372,16542
-0.109353293176204,0.0664665713422065,0.0566344404007332,0,0,1,1,1,0,0,0,0,1,0,0,0,0,0,0,"D",1117,16543
-0.0583654453782627,0.0318400172366924,-0.253891813754847,0,0,1,1,1,0,0,0,0,1,0,0,0,0,0,0,"D",3186,16544
-0.0811152541308102,0.0771736154297324,-0.77853979566162,0,0,1,1,1,0,0,0,0,1,0,0,0,0,0,0,"D",2648,16545
-0.141146009958017,0.0856502077737447,0.0258170278759026,0,0,1,1,1,0,0,0,0,1,0,0,0,0,0,0,"D",3379,16546
-0.0962546259665895,0.0817099033149486,0.585406285305073,0,0,1,1,1,0,0,0,0,1,0,0,0,0,0,0,"D",2742,16547
-0.25253050705405,0.252099118432449,-2.27186315140445,0,0,1,1,1,0,0,0,0,1,0,0,0,0,0,0,"D",2336,16548
-0.152086346567278,0.0808898768379728,0.0203075799670896,0,0,1,1,1,0,0,0,0,1,0,0,0,0,0,0,"D",267,16549
-0.166526158763585,0.134968375691461,1.39269463781469,0,0,1,1,1,0,0,0,0,1,0,0,0,0,0,0,"D",1359,16550
-0.0996692840002271,0.0612266338190915,-1.25525234145902,0,0,1,1,1,0,0,0,0,1,0,0,0,0,0,0,"D",1441,16551
